"baseMean","log2FoldChange","lfcSE","pvalue","padj","gene"
3450.58561393043,-5.88285947399551,0.133701691214421,0,0,"ENSMUSG00000001741"
4863.16841132806,-7.08629274073667,0.168963910666492,0,0,"ENSMUSG00000002930"
18893.390330137,-3.75626216635723,0.0796238067565074,0,0,"ENSMUSG00000004633"
2995.44376825474,-3.40053243272159,0.0830864469230858,0,0,"ENSMUSG00000005357"
2747.32907755333,-3.05178014602129,0.0767838792429394,0,0,"ENSMUSG00000020151"
4069.0110890143,-5.70896946570581,0.147716102480611,0,0,"ENSMUSG00000020788"
2280.20978603225,-3.50139745446029,0.0923003589472757,0,0,"ENSMUSG00000024245"
1164.16490126336,-5.67518694136321,0.145951445079385,0,0,"ENSMUSG00000025504"
4223.14186097012,-3.34044473604957,0.0747533633721995,0,0,"ENSMUSG00000026655"
25720.6266791957,-4.49518237693997,0.110288453014929,0,0,"ENSMUSG00000028222"
969.556740333145,-4.36496115086943,0.116327386525362,0,0,"ENSMUSG00000028369"
2647.93182708394,-7.44879032177565,0.15494392262324,0,0,"ENSMUSG00000029054"
16391.583055922,-4.2051732888924,0.111476997000526,0,0,"ENSMUSG00000032368"
3080.43299519374,-3.77781516987081,0.094250624924827,0,0,"ENSMUSG00000033256"
9338.98383623157,-8.09743315880871,0.163342160116616,0,0,"ENSMUSG00000034701"
2631.44242134897,-4.63649766874188,0.116713420809611,0,0,"ENSMUSG00000039095"
10643.3319304246,-2.58702915433349,0.0620497900119109,0,0,"ENSMUSG00000039662"
27835.9520325783,-9.85449514731963,0.148346318603263,0,0,"ENSMUSG00000040380"
34979.1374274984,-7.61193979350077,0.137943876689296,0,0,"ENSMUSG00000041261"
22083.7076046843,-4.9674854183985,0.106200795078407,0,0,"ENSMUSG00000042671"
3528.45388212788,-5.03382295233617,0.125867205504701,0,0,"ENSMUSG00000061524"
27930.7891386521,-12.2222925666047,0.252837504559223,0,0,"ENSMUSG00000061808"
3556.6075645246,-4.07795171074717,0.0897491006044649,0,0,"ENSMUSG00000073542"
11220.4418494147,-4.01038989342395,0.108490499696931,2.13977883111736e-300,1.45130499220535e-297,"ENSMUSG00000031654"
2130.88687827789,-5.46320136064639,0.148891181658951,1.04750725644156e-295,6.8205292481423e-293,"ENSMUSG00000034765"
1705.98944427611,-3.68876197728363,0.103607712921476,1.39609979967717e-278,8.7406586689019e-276,"ENSMUSG00000025739"
982.491736253577,-5.45791203835302,0.15449912244149,7.14966437291894e-274,4.31045320971758e-271,"ENSMUSG00000022949"
2215.84094187103,-3.43457709285304,0.0974908929135967,3.30880847506381e-273,1.9235994413246e-270,"ENSMUSG00000027168"
4287.40824025431,-3.12758969185817,0.0894506877412182,6.97291321955342e-269,3.91396832372036e-266,"ENSMUSG00000027612"
8911.24768494855,-2.55559583009637,0.0734037969442445,1.43420022552216e-266,7.78197042368326e-264,"ENSMUSG00000090223"
6120.76659560311,-2.16897706669357,0.0633430477417878,8.04667146968908e-258,4.22528123172899e-255,"ENSMUSG00000029419"
4003.93777231782,2.93543318763336,0.0859194468919206,7.06153624685075e-257,3.59211521956989e-254,"ENSMUSG00000091712"
772.669449657913,-4.42390482751904,0.13067008104027,5.29952555722672e-252,2.61411142486475e-249,"ENSMUSG00000027861"
11145.6382743477,-3.12320594647762,0.0926099755747932,2.10586083672619e-250,1.00821184412438e-247,"ENSMUSG00000005716"
2553.18349767706,-6.09078474955222,0.181634495278867,1.58324061191071e-247,7.36342590876642e-245,"ENSMUSG00000034584"
4890.1008722283,-2.47236318795881,0.0748464742416102,3.02290441372864e-240,1.36685661240763e-237,"ENSMUSG00000045414"
5979.33922934746,-2.97486109421484,0.090893734686129,4.92554265562438e-236,2.16697252292578e-233,"ENSMUSG00000071424"
6435.35991794914,-2.52980389174949,0.0777174996494604,1.90614265188311e-233,8.16531318088246e-231,"ENSMUSG00000024736"
6070.1587512331,-2.46137723602198,0.0765378755158545,7.26838165646294e-228,3.03371068215138e-225,"ENSMUSG00000052105"
10292.2320145696,-2.88106117655898,0.091706317617528,1.14229295470215e-217,4.64856117916041e-215,"ENSMUSG00000044288"
3425.22907616,-6.20910576783031,0.198040671165153,2.83073408486505e-217,1.12387047398618e-214,"ENSMUSG00000054901"
3474.34740306451,-2.24617536308728,0.0722063949631993,1.83120952790699e-213,7.09724492744523e-211,"ENSMUSG00000038026"
1850.14884992437,-2.16198045148866,0.0698297637270523,2.08830572185389e-211,7.9054512884506e-209,"ENSMUSG00000020525"
6409.71140840944,-3.50886745114228,0.113983405730888,4.72086162678726e-209,1.74650421729189e-206,"ENSMUSG00000017978"
7890.51589491347,-6.75219772546199,0.222974329328552,8.54937256065657e-203,3.09259303427484e-200,"ENSMUSG00000070570"
1562.81429514336,-3.19530944787034,0.105690286032826,4.9126776073391e-202,1.7384470889623e-199,"ENSMUSG00000027583"
697.823168364891,-5.87690702876571,0.196088817892383,2.60407899036491e-198,9.01897825641701e-196,"ENSMUSG00000022686"
14223.7504327209,-3.03836351774646,0.102047794103331,1.4207910334006e-195,4.81825759201977e-193,"ENSMUSG00000063659"
21515.0613997659,-4.18330148099309,0.141482257338304,2.37428039982188e-193,7.88745639761236e-191,"ENSMUSG00000010803"
834.206309511801,-3.8170644612581,0.12946923317477,7.80042827641421e-192,2.53950742966941e-189,"ENSMUSG00000045314"
5115.81211136798,-1.8795155904671,0.063761989785222,8.57324818758799e-192,2.73637909799132e-189,"ENSMUSG00000038244"
54217.3937041075,-4.92349898611485,0.167875027009275,2.9636880849091e-190,9.27748358579814e-188,"ENSMUSG00000030102"
3436.42047920139,-2.70352996638258,0.0923584255744083,1.655232305452e-189,5.08374933361276e-187,"ENSMUSG00000063430"
1071.69573143825,-6.60634431717199,0.226537976477736,1.25834259967237e-188,3.79320385879015e-186,"ENSMUSG00000014198"
1468.66903231888,-4.90558869553547,0.169621461371349,2.37937120606399e-185,7.04207354405628e-183,"ENSMUSG00000041703"
715.464515586349,-5.91103352340139,0.205401765071826,1.90722497678299e-184,5.54389431644171e-182,"ENSMUSG00000026950"
1271.22153544428,-8.2906136352992,0.289854960498712,6.53887020374283e-181,1.86736366976361e-178,"ENSMUSG00000044244"
2754.20885979415,3.43620628229751,0.120717145955735,2.54995748900879e-179,7.15658758725605e-177,"ENSMUSG00000075289"
2172.68996918228,-4.21334845284992,0.14935146392377,2.65227265735959e-176,7.31757530788126e-174,"ENSMUSG00000038255"
9652.68605754902,-2.75269225758892,0.0983316864494983,1.63059292379921e-173,4.42379860226726e-171,"ENSMUSG00000025477"
2637.10275229059,-2.00863481750445,0.0719286869230452,1.9900819380584e-172,5.31058258814993e-170,"ENSMUSG00000028793"
5509.60907266064,-3.45930408238877,0.124463461888995,3.26957863513644e-171,8.58422597141144e-169,"ENSMUSG00000003573"
881.941443189572,-4.56368922928094,0.164411242071206,7.87495002148766e-171,2.03473708650438e-168,"ENSMUSG00000027296"
7164.34281469081,-12.1666290551498,0.438363617061369,1.05802958591299e-168,2.69103212492056e-166,"ENSMUSG00000044681"
2188.52438109294,-2.03396642523347,0.0738837335373335,9.89248617024066e-168,2.47738292121812e-165,"ENSMUSG00000022687"
1368.79814263667,-3.34282451112129,0.121532101315924,1.1992723690883e-167,2.95784176121506e-165,"ENSMUSG00000018698"
2383.31726282596,-3.40948613079054,0.124980398204062,6.3892055412638e-165,1.5522908626969e-162,"ENSMUSG00000027716"
3931.48737229369,-1.49371053143608,0.0549621678531804,2.73370241941431e-163,6.54400117400385e-161,"ENSMUSG00000041528"
2739.33232184129,3.50394406760264,0.13000330012654,5.3818524843603e-161,1.26964919913648e-158,"ENSMUSG00000047907"
1353.9677076997,2.46406759407609,0.0917028223214362,3.99809988993356e-160,9.29729571547692e-158,"ENSMUSG00000021662"
4380.97168115961,2.50041029113726,0.0932473411946144,2.02026327157299e-159,4.63180923023453e-157,"ENSMUSG00000026519"
15677.3228524751,-13.9404513356652,0.515629524931156,1.62179188640367e-158,3.66660115651097e-156,"ENSMUSG00000020428"
4406.14505763134,-3.56830554891267,0.133634376357166,4.07499597266244e-158,9.08668280041084e-156,"ENSMUSG00000020734"
2507.98737333903,-4.20434670673263,0.159256050211683,8.09552291885498e-155,1.78079624423137e-152,"ENSMUSG00000026094"
4987.04011360763,2.80872669947846,0.108204072448188,1.37966931640689e-149,2.99443428432952e-147,"ENSMUSG00000004894"
4177.11497868588,-4.32525835573996,0.167069194891475,4.77682710527183e-149,1.02312094236335e-146,"ENSMUSG00000021943"
34395.7950418583,-2.93071181565603,0.113131953142436,4.89756699479135e-149,1.03535838365212e-146,"ENSMUSG00000005360"
5795.39519633688,-10.6663941350676,0.424515200221812,9.6583669759113e-144,2.0156268927421e-141,"ENSMUSG00000004630"
2352.7698474803,2.72376062144001,0.107828078884607,6.79231938390645e-142,1.39956170799024e-139,"ENSMUSG00000002190"
1252.97885897595,-5.67671335623793,0.226346552419548,9.05076750841944e-142,1.84160491877565e-139,"ENSMUSG00000051043"
67266.3917971546,4.01659125331538,0.16000316754007,6.18384619909425e-141,1.24272405467724e-138,"ENSMUSG00000020932"
3150.48962697413,-1.96765630394212,0.0781124402938499,7.35135968473234e-141,1.45933454814723e-138,"ENSMUSG00000025425"
795.919504923662,-5.82162469246868,0.232481295025863,1.6739931266526e-139,3.28304338742783e-137,"ENSMUSG00000002100"
972.702284166589,-2.50414931881315,0.100441758970667,3.04322296891169e-138,5.89733136761244e-136,"ENSMUSG00000006362"
4378.53122151386,-2.67861399183481,0.10839380232797,5.84901977347592e-136,1.12012169261931e-133,"ENSMUSG00000041235"
945.764651455479,2.75976045800809,0.111663818211337,8.10819988857129e-136,1.53471253239725e-133,"ENSMUSG00000036578"
829.293019871611,-5.18843238534636,0.211733736796537,2.61664981418762e-134,4.883686317147e-132,"ENSMUSG00000027843"
10371.3490851923,-2.20152772199226,0.0895698107220647,2.64015478504077e-134,4.883686317147e-132,"ENSMUSG00000028207"
1064.72219688912,-2.91550834448392,0.118941995289387,6.18927732092475e-134,1.13201186775296e-131,"ENSMUSG00000040146"
1441.49124659134,-2.5338302537742,0.103363861463963,1.05787614955941e-133,1.91334532916979e-131,"ENSMUSG00000027347"
946.969346085926,-5.44793075424909,0.222787311570656,2.57133463717637e-133,4.59958079384143e-131,"ENSMUSG00000044165"
1082.9031076139,2.9402353333499,0.120265893435115,4.63425965446764e-133,8.1996172451548e-131,"ENSMUSG00000033192"
1926.23380391892,-3.9396442716895,0.161287976336899,7.52680516373371e-133,1.31743370381997e-130,"ENSMUSG00000053965"
4980.70846005016,2.21445520601387,0.090858481388804,4.18513265350511e-132,7.24740312061235e-130,"ENSMUSG00000034926"
12449.5026119358,-3.37958823865613,0.138824716394518,4.28093887988489e-132,7.33527611439645e-130,"ENSMUSG00000042978"
2951.47526389172,-1.6996579668001,0.0698187301891189,1.27074173107942e-131,2.15470144776153e-129,"ENSMUSG00000029647"
399.838235993081,-4.37035316933851,0.180248239607463,1.01413729838722e-130,1.70186875702548e-128,"ENSMUSG00000053399"
409.42534326771,3.1653305650178,0.130717849769785,1.21798858549561e-130,2.02310389741811e-128,"ENSMUSG00000052726"
5385.4305895913,-2.62509959468558,0.108641004766785,6.14949105357609e-130,1.0111254077789e-127,"ENSMUSG00000002489"
477.161306660443,4.22381992880857,0.174317320515581,6.34389094781321e-130,1.03265856848503e-127,"ENSMUSG00000024565"
10262.1571118182,-13.5239209826647,0.555266529949708,9.11452146502263e-129,1.46897208324394e-126,"ENSMUSG00000055333"
10074.3625698435,-1.97620736241001,0.082237271132581,1.95832009856876e-128,3.12524848671591e-126,"ENSMUSG00000003279"
38552.6597737535,-3.10682645597893,0.129534394498317,3.56606343155309e-128,5.63576510085643e-126,"ENSMUSG00000020431"
14049.1175324795,-2.35276276341083,0.098328099552944,1.71329441070712e-127,2.68163523245101e-125,"ENSMUSG00000047842"
718.593595299647,-7.57268484632154,0.316198702979274,3.76253515175498e-127,5.83300449526357e-125,"ENSMUSG00000002020"
1777.55504689032,-3.09190868095683,0.129604819820214,6.80680966969916e-127,1.04529479059776e-124,"ENSMUSG00000001435"
5971.22577655492,-2.43295797853523,0.101984929780798,9.65602114802868e-127,1.46897861913655e-124,"ENSMUSG00000026024"
5388.46323771903,-1.93169359071723,0.0809388257564088,1.52618675291097e-126,2.30030258924859e-124,"ENSMUSG00000071379"
2511.35857109129,-2.58994218035357,0.108730206565962,1.87230493777709e-126,2.7960898878106e-124,"ENSMUSG00000032376"
1646.06687165605,1.82532569077497,0.0766431912744609,3.40775912002871e-126,5.04286390507521e-124,"ENSMUSG00000025584"
2793.57970140831,-1.84185132407138,0.0778924309671139,1.87930411685581e-124,2.75597409136747e-122,"ENSMUSG00000024420"
1383.49094780303,-2.07759198642669,0.0882871757033791,2.75968255094616e-123,4.01090290752693e-121,"ENSMUSG00000041119"
5109.50148555176,2.14516227186596,0.0912296161018729,4.13035973327075e-123,5.94991112727268e-121,"ENSMUSG00000060716"
9951.62365242033,-2.17625255961725,0.0926372335957017,5.97041570254817e-123,8.52512515842799e-121,"ENSMUSG00000010086"
972.792741940445,-2.5040277204263,0.107017398791982,4.63056043823551e-122,6.55445763596501e-120,"ENSMUSG00000054934"
3675.66461870105,-2.63324987347623,0.112946674093165,3.23820148616789e-121,4.54408998205525e-119,"ENSMUSG00000027977"
754.143046558677,7.06271997816407,0.302624577647575,7.58767187256228e-121,1.05565916873136e-118,"ENSMUSG00000025400"
3347.54121679292,2.37197585364205,0.102402284631196,1.17697592069076e-119,1.62362830822069e-117,"ENSMUSG00000030554"
1193.13679934896,-3.71949965182527,0.160792567846666,1.88609879463656e-119,2.57999295622639e-117,"ENSMUSG00000025927"
12810.3899612042,-2.4323262441758,0.105164912940806,2.42762383584109e-119,3.29307173331844e-117,"ENSMUSG00000003469"
337.325379025798,-4.33727679342617,0.187892100105253,5.19760678848203e-119,6.99228457048847e-117,"ENSMUSG00000023232"
3882.76943297209,-2.73204002132067,0.118466392544347,9.52101396584679e-119,1.27035299455782e-116,"ENSMUSG00000029055"
1184.13932770777,-2.85075726899802,0.123634311583692,1.40364631982665e-118,1.85760608082425e-116,"ENSMUSG00000032313"
1813.25995492613,-3.26600380520842,0.141875431274936,2.25116035502796e-118,2.95519260154396e-116,"ENSMUSG00000025128"
18501.4646398725,-1.36799026043092,0.0597674001748588,1.50235391449623e-116,1.95642536161357e-114,"ENSMUSG00000027350"
345.867215910093,3.93723796759972,0.172753236759115,1.03226710338089e-115,1.33359078641541e-113,"ENSMUSG00000075270"
28304.7134834862,1.94270693316882,0.0853900539123926,1.57972327241373e-114,2.02478231719297e-112,"ENSMUSG00000044708"
2087.80029053404,2.03634011740171,0.0898993132318712,1.76976243492997e-114,2.25064007154609e-112,"ENSMUSG00000034930"
2615.88314044759,-2.28420064372002,0.101094181002124,5.47374562549576e-114,6.90710320091628e-112,"ENSMUSG00000025478"
1429.4668620543,-2.65926695179298,0.117876382674379,1.18849319264552e-113,1.48817632229876e-111,"ENSMUSG00000018634"
3086.91038711723,1.88580238709335,0.0835702248200143,1.37627593125409e-113,1.71015416862245e-111,"ENSMUSG00000033295"
499.151285425205,-5.83527699801323,0.258284206884988,2.00681895018976e-113,2.47477264175674e-111,"ENSMUSG00000034384"
13602.3740667794,-2.75355548631598,0.122400277202234,4.12159554057445e-113,5.04446106838127e-111,"ENSMUSG00000040479"
9541.52456660129,-2.4760817942083,0.110026808270384,4.49574891416348e-113,5.4613284197577e-111,"ENSMUSG00000032238"
3798.6929856201,-3.44963761855973,0.153894544923431,2.27285333291919e-112,2.74055604098212e-110,"ENSMUSG00000036466"
1955.69665521438,2.13458339570392,0.0952041264505963,2.8985432190368e-112,3.46930047937361e-110,"ENSMUSG00000044447"
1219.9856092415,-9.36569201173842,0.4148102547419,6.08281399473421e-112,7.22744862819587e-110,"ENSMUSG00000052854"
2055.07291774662,3.15684735186686,0.141355652297327,2.02235672266297e-111,2.38550164721072e-109,"ENSMUSG00000051029"
1319.76612344098,-1.75508771289711,0.0785263378476272,2.36515168871533e-111,2.76977979776318e-109,"ENSMUSG00000045174"
2550.82934391029,1.78426945419943,0.0798664886858675,2.44491399461979e-111,2.84273642888721e-109,"ENSMUSG00000036377"
6298.2983734359,2.04904705725035,0.0920008334987325,9.00220600261516e-111,1.03927595255723e-108,"ENSMUSG00000074892"
18971.1400149671,-3.78359148697144,0.170500851980975,2.30121108025339e-110,2.63796577213836e-108,"ENSMUSG00000042834"
1646.7439680291,-1.5885513917537,0.0715797444684182,6.98166437910311e-110,7.94737991349933e-108,"ENSMUSG00000084845"
1601.69458336609,-2.59088074807409,0.116911714671386,8.86332881970219e-110,1.00192546199384e-107,"ENSMUSG00000027016"
7534.17990312433,-2.05087470176622,0.0925701708432012,1.25616320788321e-109,1.4101948067533e-107,"ENSMUSG00000060882"
16457.9064359509,-2.7613278163784,0.124419477212623,1.41643978431058e-109,1.57923334308271e-107,"ENSMUSG00000026163"
1505.23609568135,2.00504175702089,0.0909786588785415,1.87980002599532e-108,2.08159080429604e-106,"ENSMUSG00000039830"
464.409785593825,-5.24991093038165,0.238570234981265,1.10163494893736e-107,1.2116495742434e-105,"ENSMUSG00000030351"
322.918782470637,-5.23503761183064,0.238098635812548,2.09521789364218e-107,2.28899039414144e-105,"ENSMUSG00000031070"
312.07703951102,-4.74684121879249,0.217326080029371,2.59077135627635e-107,2.81150507583109e-105,"ENSMUSG00000036816"
463.907615680387,-2.88995499090507,0.132550312187003,2.02444209004754e-106,2.18237538687377e-104,"ENSMUSG00000048540"
4421.00808547605,-2.57918496456462,0.118402818790784,3.18467389060763e-106,3.41053431521783e-104,"ENSMUSG00000036478"
2338.17003171017,-2.67368023390479,0.122952830053974,6.20395775099003e-106,6.60052446213175e-104,"ENSMUSG00000020848"
4760.15045713406,10.7675513328902,0.509645807150362,1.7650390648047e-105,1.86566921408383e-103,"ENSMUSG00000056648"
605.185347167009,-3.41823713572848,0.157856063119182,6.05686176835616e-105,6.3608771526001e-103,"ENSMUSG00000063415"
1807.17926437713,2.22095353964619,0.102607913571229,7.10429208662995e-105,7.41305555039502e-103,"ENSMUSG00000026447"
1589.13774432295,2.73853765385893,0.126600378247381,1.09642030003185e-104,1.13678532763812e-102,"ENSMUSG00000025089"
1837.53096497135,2.04694540175396,0.0946558198058089,1.58765709388907e-104,1.63568874521053e-102,"ENSMUSG00000022500"
6895.20515650449,2.42639600952947,0.112291778670635,1.82259467092468e-104,1.86592428008251e-102,"ENSMUSG00000036098"
2138.67478679559,2.59330185495739,0.120164714856018,2.67486185565054e-104,2.72133758039246e-102,"ENSMUSG00000032841"
1585.95678397725,-2.39927571453887,0.111896406722234,6.00930914878445e-103,6.07574747353498e-101,"ENSMUSG00000022306"
7535.53439352299,3.17867877262674,0.148458542546969,7.75280960638721e-103,7.79013794893648e-101,"ENSMUSG00000039728"
875.257439293319,1.97260504302035,0.0921073321438155,1.46617136720738e-102,1.46419248560747e-100,"ENSMUSG00000017692"
1312.60639833029,-2.1905595899691,0.102355267318891,1.55053174678593e-102,1.53899730330374e-100,"ENSMUSG00000051067"
274.492737206577,-4.16005928612094,0.195158205534406,8.03805520654994e-102,7.92990682740727e-100,"ENSMUSG00000026805"
2886.37203479221,-1.86076942283995,0.08723680222543,8.49684712657365e-102,8.33202876664855e-100,"ENSMUSG00000025372"
2394.99488241436,-2.62434689934504,0.123356276432034,1.64241307548817e-101,1.60091018220338e-99,"ENSMUSG00000064065"
1301.70265574406,-1.7837611608971,0.0837581115628319,2.08924151843718e-101,2.02432579982859e-99,"ENSMUSG00000024867"
5816.98505268462,1.90628637272752,0.0896021067098294,3.06259817080344e-101,2.94988006061174e-99,"ENSMUSG00000061451"
4819.21704714556,-1.6963505659964,0.0800533152615616,4.92404905213437e-101,4.71492179239078e-99,"ENSMUSG00000038860"
1339.96628504981,-1.52804666909556,0.0720407032973427,1.59092795306033e-100,1.51445176724656e-98,"ENSMUSG00000030671"
4154.04694203975,2.11624377717849,0.100220705257128,7.08706899061169e-100,6.70716912960332e-98,"ENSMUSG00000028347"
1262.51296961899,-3.12116679762161,0.148014597666645,1.11219663862378e-99,1.04649346147502e-97,"ENSMUSG00000042529"
13759.0962660256,-2.04525226521959,0.0969986828822501,1.40337215950821e-99,1.31287885129164e-97,"ENSMUSG00000062098"
870.384241761562,-3.20474650498373,0.152159673123254,1.62220408680757e-99,1.50892789286021e-97,"ENSMUSG00000044548"
1237.90484976675,-2.3256077553069,0.110855843021024,1.17379817600416e-98,1.08562992664748e-96,"ENSMUSG00000030093"
17628.7431245538,-2.28507248458827,0.109205033503343,3.22022922135875e-98,2.96151928052417e-96,"ENSMUSG00000067889"
326.17238090443,-3.54257059569035,0.169154997439848,3.63465046626315e-98,3.32386743201301e-96,"ENSMUSG00000070720"
5474.52300405402,1.49663714510558,0.0715602988588144,8.71415461333973e-98,7.92452563105833e-96,"ENSMUSG00000021969"
7976.18227067732,1.89949910105684,0.09089007561446,9.27037128503996e-98,8.3835057654378e-96,"ENSMUSG00000027674"
5280.14216753281,-2.72427933083498,0.130540116619327,9.85256427771219e-98,8.86077576312702e-96,"ENSMUSG00000019828"
3088.70108248326,-2.00007925183617,0.0957784732446856,1.05757601970936e-97,9.45891343342254e-96,"ENSMUSG00000029189"
403.345583306861,-3.89279976523931,0.186198788512434,1.2188935256445e-97,1.08421578199132e-95,"ENSMUSG00000038781"
1415.86309377673,1.95445616389678,0.0938992781204287,4.56643841555161e-97,4.03980894175811e-95,"ENSMUSG00000020696"
1081.61388237228,-3.50390395541652,0.169579022196434,2.98299346676246e-96,2.62471176497077e-94,"ENSMUSG00000036972"
305.375619672151,-5.61558798954387,0.27149879189071,6.66008588247862e-96,5.82864935456919e-94,"ENSMUSG00000034739"
1717.4315730928,-1.80407239513478,0.0872131450890603,7.45536095554005e-96,6.4897521729562e-94,"ENSMUSG00000079442"
306.655672389021,3.12404849043493,0.151346862962826,8.47875808246092e-96,7.34134170565419e-94,"ENSMUSG00000041669"
291.103639226449,5.73371151499369,0.277573593350642,6.24707916395946e-95,5.38042087994349e-93,"ENSMUSG00000026976"
9473.82566096981,2.3536275154171,0.114464478585081,7.27886077416663e-95,6.23606819378339e-93,"ENSMUSG00000073680"
1332.33912544953,-1.82531042383443,0.0889129683189747,1.69471756325149e-94,1.44432526149779e-92,"ENSMUSG00000056947"
1295.30025859844,2.72397107400791,0.133514528266646,1.59925000658338e-93,1.35586414620647e-91,"ENSMUSG00000031665"
410.275879815163,4.70542331501022,0.230906532610885,2.76754275284469e-93,2.33420004822828e-91,"ENSMUSG00000051048"
5978.98486473976,-1.4520077100435,0.0712430985633348,5.51154300472462e-93,4.62458232118079e-91,"ENSMUSG00000026458"
923.522558361568,2.50405946809202,0.123461832051671,1.74210173045697e-92,1.45425292145531e-90,"ENSMUSG00000050854"
1078.55232292343,9.7060697303337,0.474029105755254,2.48685025924953e-92,2.06535451632978e-90,"ENSMUSG00000038236"
271.377359931318,6.02705065656933,0.296494555976181,3.22280568324659e-92,2.66298634070498e-90,"ENSMUSG00000075588"
4528.55650940711,2.47048304127646,0.122138516360137,6.22570336572585e-92,5.11828279733764e-90,"ENSMUSG00000006800"
9100.73039040458,1.97697123744566,0.097686014488962,6.79720987545868e-92,5.56004936445811e-90,"ENSMUSG00000026737"
1432.91194916545,3.02283989749088,0.149560562485798,7.08797953865716e-92,5.76890654651306e-90,"ENSMUSG00000024053"
844.32239960101,3.34549904159072,0.165817644699878,1.86859399205946e-91,1.51328223894248e-89,"ENSMUSG00000041608"
4497.6282743732,-1.57006326589968,0.0781030675389064,1.3962943797436e-90,1.12519207492407e-88,"ENSMUSG00000019082"
8139.12722124439,2.54392175970398,0.126957255084594,2.80539525032645e-90,2.24956767905487e-88,"ENSMUSG00000003934"
10085.665782983,-2.08409359806799,0.103965159485086,3.31093041160019e-90,2.6419277078445e-88,"ENSMUSG00000025085"
2698.95649150191,2.59854339545082,0.130716827350124,5.7875722016949e-89,4.59561464874095e-87,"ENSMUSG00000069670"
554.368812330832,-2.3183473757667,0.117020001606657,2.65711832080943e-88,2.09963941874446e-86,"ENSMUSG00000021572"
7209.14404404841,-1.32714628752947,0.0669235937490523,4.3974791625008e-88,3.45807564285932e-86,"ENSMUSG00000026158"
2036.62970004779,-2.14771501764602,0.108534541361702,4.99925154365105e-88,3.91239503017076e-86,"ENSMUSG00000021596"
1049.04619300921,-1.98635428034608,0.100585144862305,1.1009901481293e-87,8.57508020633907e-86,"ENSMUSG00000025511"
3152.04775944824,1.11566226587294,0.056426358078959,1.81459085064419e-87,1.40656713651363e-85,"ENSMUSG00000026181"
2101.87077477293,-1.77549318841451,0.0900488832375769,2.44279435610055e-87,1.88454059377274e-85,"ENSMUSG00000032735"
6687.93728966411,2.03339290497263,0.103436337985474,6.18713436785591e-87,4.75066854905464e-85,"ENSMUSG00000046160"
415.344250523995,7.0293547093065,0.356774004488301,1.20407366637391e-86,9.20183621654199e-85,"ENSMUSG00000075217"
3855.64091118542,-2.9809215607638,0.152173992535803,1.62275538844079e-86,1.23435571088968e-84,"ENSMUSG00000041000"
3311.48227418363,2.30679733277442,0.117926371876872,3.8334254651753e-86,2.90234882428482e-84,"ENSMUSG00000033006"
524.209119631073,4.71648583992511,0.241364377342976,5.07038717067137e-86,3.82110010945317e-84,"ENSMUSG00000038765"
6397.32141730933,-3.3217410722356,0.170353249118956,8.83724286774369e-86,6.62915388945308e-84,"ENSMUSG00000063239"
712.350962650948,-1.93223813712283,0.0991519137934347,2.17871003892249e-85,1.62683678961377e-83,"ENSMUSG00000031971"
803.011494318268,-3.2040601132522,0.164813746943,2.24663624612878e-85,1.66989702349243e-83,"ENSMUSG00000028946"
15211.206706716,-1.46377225097604,0.0750053715064766,2.51881116188606e-85,1.86369127696279e-83,"ENSMUSG00000070880"
20584.0230654178,2.4203285848784,0.124671237656516,6.68466687146732e-85,4.92366549021471e-83,"ENSMUSG00000013523"
1013.75334825264,3.67398133068614,0.189610445822448,8.74560232578444e-85,6.41265381347383e-83,"ENSMUSG00000062372"
1488.36520933267,-2.73146173878243,0.140890422169776,1.03920000230517e-84,7.58569400785809e-83,"ENSMUSG00000039620"
2402.9490063394,-1.5781731948215,0.081286768167955,1.09768129656015e-84,7.97681077919916e-83,"ENSMUSG00000031169"
2303.65397783811,2.69852252279731,0.139420709041267,1.9105219302315e-84,1.38219893245815e-82,"ENSMUSG00000026437"
3034.83203150361,2.20682802436002,0.113984121734005,2.31619775196267e-84,1.66827730117028e-82,"ENSMUSG00000020604"
236.452429380669,-3.87666504836191,0.200836075108013,3.52088312490474e-84,2.524798921022e-82,"ENSMUSG00000011034"
1869.67710550734,1.7164489800757,0.0889168707677226,8.39253372251161e-84,5.99182736557211e-82,"ENSMUSG00000003528"
407.791021359905,7.35278162931176,0.378888057945067,2.61377795782597e-83,1.85795098679e-81,"ENSMUSG00000021675"
479766.39345388,2.74592210665152,0.142900057677763,2.77180026061258e-83,1.96171150618485e-81,"ENSMUSG00000041607"
877.257164975095,-2.69517041760493,0.140531908603524,4.96589610506813e-83,3.49934445014281e-81,"ENSMUSG00000037977"
4617.94835178803,-1.4675017319861,0.0764296294341996,8.14055975642517e-83,5.71172550496073e-81,"ENSMUSG00000003031"
589.466014360802,4.72473609454111,0.248828576749981,3.42568377907736e-82,2.39327384359748e-80,"ENSMUSG00000032268"
5408.99743512186,-1.3265093785819,0.0691205080244519,4.38712145687637e-82,3.05186166987323e-80,"ENSMUSG00000020823"
1582.09216629111,-3.04351405304917,0.159831509424621,5.5725592100326e-82,3.86000505620897e-80,"ENSMUSG00000020061"
16843.1158196935,-1.68819978864478,0.0885557407013008,9.04226883027242e-82,6.23686661098197e-80,"ENSMUSG00000025582"
280.137272815174,6.37446769561466,0.334992488629174,2.1476366702881e-81,1.47507298392193e-79,"ENSMUSG00000079560"
9614.44054848583,-1.39326579153846,0.0731937126398846,2.16503214636002e-81,1.48077282682556e-79,"ENSMUSG00000034902"
737.166738742001,4.53883544049757,0.238990451884507,2.4402435017882e-81,1.66202023941876e-79,"ENSMUSG00000026247"
259.623585044316,-3.72635460052519,0.196323427517806,4.18398997318862e-81,2.83779119931518e-79,"ENSMUSG00000021636"
5030.76561400629,-2.65515390843352,0.140110637676447,4.39996181609007e-81,2.97189122167279e-79,"ENSMUSG00000019966"
10085.2751313834,-1.86141926338984,0.098097895504575,4.83513013304062e-81,3.25232431015021e-79,"ENSMUSG00000034656"
25676.1494908231,2.01110818381846,0.106343021800494,1.54676312504911e-80,1.03614033537241e-78,"ENSMUSG00000037071"
2396.75461262679,2.38651065388142,0.12645416258895,2.40648140217839e-80,1.6054386993713e-78,"ENSMUSG00000024887"
197.967264165611,-3.67784884567416,0.195121255363022,2.68256041738677e-80,1.78231503976416e-78,"ENSMUSG00000019312"
11889.9765809477,2.1492344322981,0.114266171309199,7.07211456685041e-80,4.67966995606468e-78,"ENSMUSG00000005125"
267.772377252768,3.6480984986672,0.194063613641646,8.77175581191782e-80,5.78083567232382e-78,"ENSMUSG00000024027"
2968.39588586362,-2.8509486550391,0.152280772943181,2.97874903709333e-79,1.95516438813731e-77,"ENSMUSG00000052373"
1257.70804313904,2.11696997150597,0.11298857025159,3.1917468476662e-79,2.08655643318516e-77,"ENSMUSG00000031790"
596.204370419733,-1.93872989692972,0.103590890392761,4.99378449999292e-79,3.25155296363539e-77,"ENSMUSG00000056214"
179.860333532551,-4.50861735328243,0.241476297607753,8.4983256515276e-79,5.51138426117794e-77,"ENSMUSG00000078958"
931.961110423435,-1.63875362601249,0.087625353248642,8.72020096545392e-79,5.63283457601821e-77,"ENSMUSG00000024906"
195.498703946036,4.08951054961457,0.218688461640624,1.28544052333732e-78,8.27051416556716e-77,"ENSMUSG00000027978"
8107.9142704134,1.59793591416274,0.0857657159538715,1.48876903348419e-78,9.54101666419514e-77,"ENSMUSG00000019996"
2572.71066860124,-2.6975762411217,0.144841465210145,1.89905170172011e-78,1.21226523923922e-76,"ENSMUSG00000097449"
8419.70168664942,2.27626430593514,0.122404907527088,4.58722964379923e-78,2.91683297428765e-76,"ENSMUSG00000036777"
1392.78066871418,2.08230293189614,0.11198995737245,5.1345224921009e-78,3.2521306274871e-76,"ENSMUSG00000041801"
6137.83389256074,1.35793405039202,0.0730368664725881,9.78626931272017e-78,6.17445317335112e-76,"ENSMUSG00000020231"
3262.17320210863,1.95076848746105,0.10519576154058,1.33689835167523e-77,8.40232871373338e-76,"ENSMUSG00000023961"
5829.46495875985,3.28057872806534,0.177583047363194,2.67141785031824e-77,1.67251306798001e-75,"ENSMUSG00000028927"
10905.629495274,-2.09694980054165,0.113450825200325,3.32372255600055e-77,2.07293317113322e-75,"ENSMUSG00000075318"
2404.39275270805,2.25854397415831,0.122359609944722,5.19123775900469e-77,3.22530413133887e-75,"ENSMUSG00000029999"
254.035390485119,-2.90766051854052,0.157803667424296,7.95546393457944e-77,4.92391794399559e-75,"ENSMUSG00000020592"
1489.13166942087,1.69084678720096,0.0916556447949177,9.19787459279588e-77,5.67132585687619e-75,"ENSMUSG00000047216"
2866.90985191298,1.44319158244061,0.078332969800162,2.29208895111744e-76,1.40794807344489e-74,"ENSMUSG00000034390"
274.424995503236,-4.22162798786471,0.23014998394577,2.41592800506136e-76,1.47843894986424e-74,"ENSMUSG00000026622"
10684.9644246145,1.34410648677965,0.0731344586451752,5.04523644087674e-76,3.07589358743788e-74,"ENSMUSG00000036046"
268.652302989563,2.70501024305859,0.148063120694037,9.58665493412268e-76,5.82281973946451e-74,"ENSMUSG00000002007"
1668.2753844195,1.94837177588706,0.106418303491123,9.66738681517874e-76,5.85002686161634e-74,"ENSMUSG00000071042"
24496.6341638196,-1.79815608743803,0.0981739050193299,1.02892634089222e-75,6.20328258409018e-74,"ENSMUSG00000005338"
3657.32731506322,-1.47321432533715,0.0805072494360115,1.92556120732493e-75,1.15661569493857e-73,"ENSMUSG00000029088"
15125.057094601,1.39914938603973,0.0765725846006413,3.23280011546084e-75,1.93468824556881e-73,"ENSMUSG00000025375"
5406.26698948837,-1.67666881499314,0.0918590577013511,3.45452741069095e-75,2.05980942092408e-73,"ENSMUSG00000022623"
6015.97848933489,-1.96371585718206,0.107935650625312,8.13218569766095e-75,4.8312306126469e-73,"ENSMUSG00000070738"
464.091618499167,-3.0712572878038,0.169488642011637,1.28412393559578e-74,7.60107979041022e-73,"ENSMUSG00000029546"
1595.93432962149,2.98911818192627,0.164965695382133,1.81198638019683e-74,1.06867805423348e-72,"ENSMUSG00000024165"
11428.8315958024,1.6112921893469,0.0888685356320336,2.04688764806067e-74,1.20286054639464e-72,"ENSMUSG00000037419"
1095.97900127404,2.31164610216083,0.127605963322834,2.61355778132264e-74,1.53034149512122e-72,"ENSMUSG00000037166"
2536.09458971804,-1.88429893849297,0.104047906518252,4.12712411045058e-74,2.40793284121558e-72,"ENSMUSG00000047712"
273.627490032972,4.82090054298632,0.267717578588153,2.22409854447721e-73,1.29299557525e-71,"ENSMUSG00000047591"
1892.19063995673,2.0880676256115,0.116103614593117,3.75051842656125e-73,2.17263127927274e-71,"ENSMUSG00000046314"
2504.96533027019,-3.83094673462433,0.21365803055522,4.97592098601254e-73,2.87227098618128e-71,"ENSMUSG00000000805"
1532.38362303879,1.48512540996664,0.0825811754386116,5.67337606734744e-73,3.26329383831384e-71,"ENSMUSG00000034663"
4123.73745382158,-1.80341464987126,0.100415765359096,6.83052075367775e-73,3.91504284606924e-71,"ENSMUSG00000107068"
1117.5379134637,2.38238656835312,0.132872148068621,7.31069110903657e-73,4.17555894290868e-71,"ENSMUSG00000015850"
1268.29077803976,2.94931258421857,0.164571845795927,7.95883503818567e-73,4.52985722907645e-71,"ENSMUSG00000041708"
1061.36797288621,-1.47633374680874,0.0822799148153624,1.24483202566964e-72,7.06040965639385e-71,"ENSMUSG00000035172"
2453.79086104949,-2.84326655748144,0.159062607690663,1.79716973370556e-72,1.01577530990483e-70,"ENSMUSG00000022861"
842.79800849873,-3.08269898765473,0.172868022443519,3.08596432709413e-72,1.73817741579371e-70,"ENSMUSG00000030137"
5481.83682456781,1.9992413257564,0.11206237835634,4.88416351388603e-72,2.74153150617368e-70,"ENSMUSG00000039904"
1557.88331124576,2.2140852632811,0.124233619891778,5.86215180310173e-72,3.2791789364567e-70,"ENSMUSG00000004035"
8409.50468946626,1.6750066118703,0.0938673815053462,6.09038308505952e-72,3.39517999515749e-70,"ENSMUSG00000020331"
294.90570015975,-2.56968091450893,0.144360872146572,7.88366081387056e-72,4.37987135591075e-70,"ENSMUSG00000035305"
1357.40677636589,2.07558859985678,0.116552950799081,8.66198599539288e-72,4.79591183785732e-70,"ENSMUSG00000037280"
208.137462756368,6.21176189206401,0.347822484596088,1.59580743165853e-71,8.80561131272457e-70,"ENSMUSG00000038692"
538.025450529659,-2.58410734303411,0.146013106038883,4.00464772161872e-71,2.20228566258478e-69,"ENSMUSG00000028212"
495.811894564617,3.17253628511442,0.179302462089592,4.21770691323068e-71,2.31164421325148e-69,"ENSMUSG00000063446"
850.548584668722,-2.86819696934735,0.162221790054202,4.28685961006026e-71,2.34166109840808e-69,"ENSMUSG00000069372"
383.788496279279,-4.50366380737558,0.25415723005602,4.53792476182507e-71,2.47051301916349e-69,"ENSMUSG00000026579"
2168.76150034348,1.23789926387363,0.0697594044289877,6.05921620549333e-71,3.28773071310068e-69,"ENSMUSG00000026482"
3204.56957422797,1.89716975374927,0.107308705128833,9.77766237196344e-71,5.28773382361531e-69,"ENSMUSG00000038349"
3377.0882588015,-2.07887260102986,0.117695596815095,1.08253282380372e-70,5.83492361121752e-69,"ENSMUSG00000044067"
2341.93277024208,-1.3634815266515,0.0772087374846087,1.21060073346303e-70,6.50368275224795e-69,"ENSMUSG00000039166"
1693.44547996352,-1.29231205192104,0.0731909690465702,2.34814030307712e-70,1.25733644254899e-68,"ENSMUSG00000021556"
3736.82268011614,1.93293151575834,0.109705067640231,2.68800461565182e-70,1.43460128306821e-68,"ENSMUSG00000022351"
3934.87631701517,-2.07636099933575,0.118292468212497,7.2632799202144e-70,3.86378008304739e-68,"ENSMUSG00000033740"
1421.28731048817,2.27229943095365,0.129587753905951,9.20923850192518e-70,4.88299623238886e-68,"ENSMUSG00000026170"
36511.0435008215,1.8415130492468,0.105012133827502,1.01214531236161e-69,5.34925369955269e-68,"ENSMUSG00000030701"
4197.55629057648,-1.26165414718312,0.072426955379364,1.62141328625744e-68,8.54154222449795e-67,"ENSMUSG00000020954"
441.28394171226,-3.40929206235784,0.196342476641167,2.03109987933315e-68,1.06652399470274e-66,"ENSMUSG00000032179"
880.060710095114,2.91727092786343,0.168324139719225,2.1597311299024e-68,1.13042132902094e-66,"ENSMUSG00000020411"
816.385035044105,-2.53520501177068,0.146422523059487,2.94691759257681e-68,1.53749758243479e-66,"ENSMUSG00000043811"
668.194040326787,1.75314657775945,0.101073886671848,3.67754615228578e-68,1.91255898616319e-66,"ENSMUSG00000032911"
5362.93242837516,1.35654524929352,0.0780861894809101,3.70918545218919e-68,1.92287008887693e-66,"ENSMUSG00000006476"
1007.50895288044,-2.78102725444471,0.161042556858035,6.71389044631544e-68,3.46948281540072e-66,"ENSMUSG00000058488"
2357.02663849212,-3.16348163045853,0.183232312288991,7.14130447815288e-68,3.6786757688409e-66,"ENSMUSG00000019906"
4543.66103253304,2.01521390717162,0.116552420659379,7.72803312049498e-68,3.96835719670086e-66,"ENSMUSG00000019978"
404.224429277125,-3.77950812193373,0.219012176743974,8.11854270339422e-68,4.15577478383179e-66,"ENSMUSG00000040372"
74838.0801280623,1.18840918682823,0.0684086205032193,1.06956404540152e-67,5.45779421035922e-66,"ENSMUSG00000005089"
1160.59457960001,2.41846501827083,0.140172241825225,1.11924713218673e-67,5.69347025554236e-66,"ENSMUSG00000039316"
3070.71039949906,-2.28923275915092,0.132687314904794,1.2236436682933e-67,6.20513134968172e-66,"ENSMUSG00000025658"
2754.06217401083,-1.07052967921636,0.0618960380904537,1.86459716235717e-67,9.42605981641307e-66,"ENSMUSG00000032503"
7436.60940105445,1.26802082022456,0.0734185430619257,2.26746386679549e-67,1.14271754872127e-65,"ENSMUSG00000021709"
822.219720058607,-1.54362127836459,0.0895442594651909,3.01909801848516e-67,1.51681720817597e-65,"ENSMUSG00000034006"
3819.29523059671,-1.25215462073689,0.0726219784780948,3.71386777411256e-67,1.86013352698475e-65,"ENSMUSG00000044700"
1113.1898096649,2.87499472518059,0.16747629770636,4.55864876703981e-67,2.27624799478141e-65,"ENSMUSG00000006342"
2289.32068675114,-2.05272218772921,0.119568405713323,6.18728480461992e-67,3.08001902292364e-65,"ENSMUSG00000063919"
2553.38802017656,1.77460825347583,0.103359149754487,8.09557725033471e-67,4.01767702685818e-65,"ENSMUSG00000020774"
2882.07009550325,-1.18282873393007,0.0688380003149747,1.14361285036166e-66,5.6582765891146e-65,"ENSMUSG00000026207"
3393.65771223171,1.51061143865933,0.0880473495460138,1.27185236811006e-66,6.27370086305926e-65,"ENSMUSG00000041889"
7430.06762320505,-1.75810825427606,0.102644795902685,1.32483049350921e-66,6.51528422155376e-65,"ENSMUSG00000059811"
4309.36053535655,-2.6887989542269,0.157292813832855,1.56707464830629e-66,7.68338588106317e-65,"ENSMUSG00000039629"
3358.32308886439,-1.03696132982438,0.0604362776488559,2.14752638139467e-66,1.04977280589617e-64,"ENSMUSG00000030852"
2216.83209049238,-2.08550128961678,0.122224503374435,3.26939755925838e-66,1.59339082244335e-64,"ENSMUSG00000003644"
3745.92221895066,1.5701483906352,0.091924353333226,4.44974741918913e-66,2.16217876088241e-64,"ENSMUSG00000027533"
1157.37293726084,1.76612206309687,0.103624058753926,6.99790577105995e-66,3.39023542087243e-64,"ENSMUSG00000033717"
1118.08781532117,2.02403571214802,0.118881023062398,7.99339772912901e-66,3.86102457669917e-64,"ENSMUSG00000039058"
10767.018278979,-1.26025834905161,0.0739757222385071,1.27372872190296e-65,6.13424737725927e-64,"ENSMUSG00000026833"
2965.15911644549,-2.21575968062252,0.130518522090274,1.44146922316995e-65,6.92160354417714e-64,"ENSMUSG00000028701"
40665.1016131559,-1.60659375138943,0.0945487986942088,1.47657766100085e-65,7.06933269581524e-64,"ENSMUSG00000031517"
714.021371997329,-2.82716163331031,0.166701109017938,1.70909254612917e-65,8.15853620700605e-64,"ENSMUSG00000021221"
3024.03201448009,-1.50748180514779,0.0888485227838145,3.12143973548011e-65,1.48569578988729e-63,"ENSMUSG00000032020"
704.236778069123,-2.21505900630399,0.130857294631012,3.66159251629952e-65,1.7377085417004e-63,"ENSMUSG00000020019"
165.967444389553,-5.94915105541696,0.352224484344495,1.17761857250103e-64,5.57246369859642e-63,"ENSMUSG00000047230"
3832.70986324087,-1.86952717200741,0.11113766915387,2.40318178867377e-64,1.13388385959512e-62,"ENSMUSG00000022098"
556.866899850358,1.73815320302183,0.103247699198161,2.81016172432063e-64,1.32207550718183e-62,"ENSMUSG00000084842"
2111.59136811426,-1.56761286171558,0.0931579164458162,3.05619439409895e-64,1.43368104746809e-62,"ENSMUSG00000040713"
11610.8424400043,-1.44099926651166,0.0857387613976349,5.23250908651568e-64,2.44755123305466e-62,"ENSMUSG00000016559"
3885.92338288739,-1.1654437602891,0.0693929715524923,8.93044093323482e-64,4.16532141865892e-62,"ENSMUSG00000032192"
623.593291671345,1.67583444681496,0.100000167883956,9.49565162269737e-64,4.41629191755051e-62,"ENSMUSG00000090129"
4463.22319295836,-1.56618966410586,0.0935143111119277,1.07201601436151e-63,4.97158879822698e-62,"ENSMUSG00000038485"
1411.38853857779,-1.81547815098353,0.108620277395382,1.6634596896994e-63,7.69255591730874e-62,"ENSMUSG00000059401"
1142.46841991039,-2.30378061062834,0.13809975463382,2.01715449133393e-63,9.30176793482541e-62,"ENSMUSG00000050663"
1552.51808907942,1.38691124511503,0.0829595112749945,2.41063692179489e-63,1.10848440149653e-61,"ENSMUSG00000042662"
1306.6353834788,1.84766102468783,0.110711282833537,2.51497450576872e-63,1.1532043663353e-61,"ENSMUSG00000032220"
2734.24598226433,1.53741035497534,0.0920581893332792,2.77834034105131e-63,1.27038831661891e-61,"ENSMUSG00000038042"
4736.34615259589,-2.20433999132318,0.132390320063723,3.5231922260563e-63,1.60645722845222e-61,"ENSMUSG00000005672"
755.216800157785,-4.1630867316891,0.250826691290711,3.91242423383538e-63,1.77895088487074e-61,"ENSMUSG00000030592"
5977.95711668078,1.96885104011185,0.118260392349284,4.52106498592426e-63,2.04996924347841e-61,"ENSMUSG00000020570"
399.113664876548,2.71502297885123,0.163533479026176,5.10661162974898e-63,2.30903955858483e-61,"ENSMUSG00000038732"
2291.1241200168,-1.90276467530157,0.114395402983726,5.66990104065979e-63,2.55663848032853e-61,"ENSMUSG00000047153"
3220.38360704948,2.00836824081899,0.121030197144959,1.19871145278259e-62,5.39022790839643e-61,"ENSMUSG00000045180"
2380.91132383873,-1.2054409440763,0.0725550265918359,1.68695901233554e-62,7.56482611647325e-61,"ENSMUSG00000050821"
7946.48973181803,1.39598928075933,0.0840833236646923,1.71865567578602e-62,7.68579040946289e-61,"ENSMUSG00000048537"
2333.67546291431,2.64010093907577,0.159647728331341,1.90797029127029e-62,8.50902476747886e-61,"ENSMUSG00000035441"
1317.37153604293,2.04605258267847,0.123667843858673,1.97544419582477e-62,8.78586902175834e-61,"ENSMUSG00000022358"
5742.83558181818,1.49448459205076,0.0903357028108558,2.28891869502558e-62,1.0152321121969e-60,"ENSMUSG00000015714"
1319.96888041124,1.68517377913146,0.101809027769465,2.89240971323377e-62,1.27941970956574e-60,"ENSMUSG00000026888"
137967.047869643,1.27835178876048,0.0777638796018279,3.17728367765463e-62,1.40162123861415e-60,"ENSMUSG00000025203"
228.875771404865,-4.69114708922587,0.284931862983645,3.6262519218202e-62,1.59535483198349e-60,"ENSMUSG00000001827"
1384.48001688563,-1.16757756653239,0.0704808378558511,3.84107159406643e-62,1.6853089867443e-60,"ENSMUSG00000035762"
2192.15311559467,2.46740114903212,0.149670527562303,4.81665670213188e-62,2.10767574723932e-60,"ENSMUSG00000022090"
161.615239283264,-6.22404504807354,0.37637405820038,5.3355669871348e-62,2.3284814856992e-60,"ENSMUSG00000028463"
2133.24772881247,1.36786169770222,0.0827268791821415,5.43817078822178e-62,2.36691294360091e-60,"ENSMUSG00000032193"
329.733654721728,2.00239010805771,0.12146313652375,7.93462198483709e-62,3.44426071117808e-60,"ENSMUSG00000023963"
1747.42480413122,-1.46598160164589,0.0888837065183204,9.24521541215514e-62,4.00248979997504e-60,"ENSMUSG00000024960"
327.966000354597,-2.37485642603071,0.144352390184461,9.4746245081474e-62,4.09092673060009e-60,"ENSMUSG00000040616"
2482.41733443908,-3.23678625401571,0.197230742133671,1.01167033799178e-61,4.34511075510032e-60,"ENSMUSG00000025083"
590.728313295964,1.94422945215922,0.118155317020154,1.0110762710143e-61,4.34511075510032e-60,"ENSMUSG00000036995"
25436.8593563572,-2.33975865076909,0.142412713441764,1.24868438481367e-61,5.34896958315708e-60,"ENSMUSG00000021750"
925.475383155368,2.66121432300235,0.161929953102088,1.25593965367294e-61,5.36592800065305e-60,"ENSMUSG00000048038"
588.82742889581,2.05716839965347,0.125071896900006,1.26224923212972e-61,5.37876780120617e-60,"ENSMUSG00000089901"
821.163222463983,2.47289887936702,0.150668414923362,1.55077384969139e-61,6.59099131208262e-60,"ENSMUSG00000075224"
1454.83764869366,-1.66201624160004,0.10117856488985,2.21198251802646e-61,9.37673214282153e-60,"ENSMUSG00000024548"
630.306600469806,2.40887139923171,0.146955865735013,2.23451298639551e-61,9.4476369850769e-60,"ENSMUSG00000018387"
1950.95509776524,2.22439947640097,0.135567570824103,2.31209912385796e-61,9.75034962128494e-60,"ENSMUSG00000070498"
583.152825752922,-2.50365227157797,0.15305914911404,3.9935832513321e-61,1.6797816063355e-59,"ENSMUSG00000016520"
1369.56804930631,1.57454079530451,0.0960609904559637,4.33190871937077e-61,1.81739201376076e-59,"ENSMUSG00000038400"
639.181025031422,2.74959051999958,0.168340285852566,4.69383152578973e-61,1.96416939786132e-59,"ENSMUSG00000045404"
591.1506856948,3.03321894884306,0.185664966173188,6.4146545555647e-61,2.67737812449954e-59,"ENSMUSG00000029151"
1043.03746339391,1.60702425572731,0.0982096174896772,7.09474317796702e-61,2.95366315731322e-59,"ENSMUSG00000002771"
1199.74849538448,-2.39952569861999,0.147265009124412,1.04519697550795e-60,4.34023376717306e-59,"ENSMUSG00000019876"
1076.4918835769,-1.48715068823714,0.0911573055065873,1.60665810428767e-60,6.65475333882817e-59,"ENSMUSG00000003134"
8213.90715444604,1.47878216084057,0.0906912422165023,2.16811029063752e-60,8.95748713477094e-59,"ENSMUSG00000038495"
10242.9916924567,1.47031735196602,0.0906297048590568,3.4703268549546e-60,1.43012608974559e-58,"ENSMUSG00000040260"
2530.33600575466,-1.49453433358698,0.0919383152263627,4.27184524583677e-60,1.75598729575078e-58,"ENSMUSG00000029385"
1946.04567636171,1.85067911460396,0.11400275859836,4.51432531222266e-60,1.85098708897633e-58,"ENSMUSG00000045087"
2883.08986335575,1.47926452159115,0.0911938461172418,5.7673418775016e-60,2.35881384628068e-58,"ENSMUSG00000030020"
148.307264845527,4.35003289899097,0.267995252090645,8.56252828387246e-60,3.49325402017233e-58,"ENSMUSG00000043753"
202.651922809189,4.32377514922421,0.267301036729812,1.0802538210623e-59,4.39609292481303e-58,"ENSMUSG00000000402"
323.846227995955,-1.89452268463601,0.117066449383684,1.17744606442279e-59,4.77966759019308e-58,"ENSMUSG00000019066"
390.043456916496,2.80573631567957,0.173931159708929,1.19768512853387e-59,4.84973097569012e-58,"ENSMUSG00000026435"
3149.34578365668,-1.89714049067025,0.117481433225057,1.72025123634591e-59,6.94844903852077e-58,"ENSMUSG00000058013"
166418.820660833,2.4752935376324,0.153519348912913,1.94694931072948e-59,7.84466358417192e-58,"ENSMUSG00000024661"
3531.81165255194,-1.29344934225131,0.079966075245863,1.99664300395879e-59,8.02502588109659e-58,"ENSMUSG00000006435"
3202.93923568968,-1.74796373111767,0.108336562685713,2.50523286547088e-59,1.00443794542204e-57,"ENSMUSG00000028572"
60229.9060193015,-1.21471330337745,0.075126560551504,2.61256423248117e-59,1.0448973114577e-57,"ENSMUSG00000020719"
803.405261677764,1.88921897729163,0.117139759003737,2.74444040266014e-59,1.09495100182602e-57,"ENSMUSG00000013846"
296.973418992531,2.63994936839663,0.163867814197571,3.13562220906169e-59,1.24796230609062e-57,"ENSMUSG00000021732"
440.384232927038,-3.29835197309673,0.205243864751354,3.76410261711693e-59,1.49444054637633e-57,"ENSMUSG00000052504"
2108.97919706214,-1.0874581907496,0.067317597680377,3.99427460053114e-59,1.58196598412277e-57,"ENSMUSG00000034610"
193.435961063031,3.69104633230414,0.229465170799611,4.47402713643525e-59,1.76767509045857e-57,"ENSMUSG00000009376"
229.309062308414,2.44105045588631,0.151954805129243,5.30091954761721e-59,2.08930674082598e-57,"ENSMUSG00000091387"
487.353661373067,-4.58567684139703,0.285999694375932,8.02230797773313e-59,3.15427848457826e-57,"ENSMUSG00000070867"
2712.14800076314,-1.21901932182205,0.075886364430388,1.22183948219045e-58,4.7925549617099e-57,"ENSMUSG00000037326"
1897.08196881777,-1.64206871099088,0.102478504781361,1.62551333929501e-58,6.36060243678948e-57,"ENSMUSG00000043671"
1150.07753828313,-2.61508823787659,0.163745900823179,1.78834471927629e-58,6.98097729985118e-57,"ENSMUSG00000024769"
2103.56238602675,-1.80797215639763,0.113014726362466,2.17123216110994e-58,8.45533902357597e-57,"ENSMUSG00000079598"
3779.07912463843,-0.899849584077402,0.0560655964639333,2.64801519173429e-58,1.02874442222078e-56,"ENSMUSG00000059713"
185.5509676155,-3.54141869710677,0.22258131405902,3.56981320199884e-58,1.38355760243183e-56,"ENSMUSG00000005220"
5214.09547074052,-1.97293840713276,0.12384050469807,4.63282021436818e-58,1.7912837873987e-56,"ENSMUSG00000036452"
1007.76822545184,10.4745693451613,0.644129369861387,4.69760609430522e-58,1.81202919438626e-56,"ENSMUSG00000000690"
1107.33553398791,2.46277309460379,0.154769128332586,4.80524765711583e-58,1.84916835372415e-56,"ENSMUSG00000033949"
531.125632335774,-1.9212003413324,0.120659305637178,7.51745785104412e-58,2.88606554007774e-56,"ENSMUSG00000052957"
4369.34627302539,-1.3417423794035,0.0841447060918164,7.70086636316827e-58,2.94952241552125e-56,"ENSMUSG00000030967"
130.875120597526,-4.76020864184751,0.299365260957594,9.16537363380964e-58,3.5022054462712e-56,"ENSMUSG00000001103"
120.74922348251,-4.95088233479263,0.316537608053762,1.15993634654994e-57,4.4218838054192e-56,"ENSMUSG00000033590"
1570.75588643796,1.67462545409512,0.105479079602155,1.69099009173759e-57,6.43129362460385e-56,"ENSMUSG00000058454"
8527.59707589056,1.47183243128759,0.0927109143893328,2.21257026316959e-57,8.39538898458614e-56,"ENSMUSG00000015709"
525.857195714172,2.32970935392395,0.147290965170975,2.47379648736615e-57,9.36475795845259e-56,"ENSMUSG00000055026"
2450.90631363605,2.2878759817668,0.14460603931538,2.6239332726975e-57,9.91006631391414e-56,"ENSMUSG00000024197"
15742.779918066,-1.17583117470655,0.0740316061516049,2.68325351215526e-57,1.01106483034406e-55,"ENSMUSG00000035864"
1213.23216808468,-1.47068988605919,0.0928284315964169,3.31713965917269e-57,1.24703000859152e-55,"ENSMUSG00000015745"
6320.38380542515,-2.63464361805384,0.167113877718033,3.37340541329777e-57,1.26526021469265e-55,"ENSMUSG00000027965"
159.941839364298,-4.16704104265764,0.263826010900215,3.42136091553391e-57,1.28029685018531e-55,"ENSMUSG00000043036"
2428.09460378595,2.62536564837381,0.166378753436905,3.80339518286678e-57,1.41999235749324e-55,"ENSMUSG00000047797"
2319.39482665571,-2.07763639359684,0.131507135412661,4.14243165277023e-57,1.54303209253533e-55,"ENSMUSG00000050271"
2257.18823276679,-1.82004307063659,0.115115325964583,4.23070489671566e-57,1.57231539517666e-55,"ENSMUSG00000048332"
3442.24119191793,-1.02346165581867,0.0645404042167326,4.8634018829728e-57,1.80333612416928e-55,"ENSMUSG00000022340"
176.618133269217,-6.80522532146694,0.426537843436602,5.04800567112178e-57,1.86753264351183e-55,"ENSMUSG00000043873"
789.138105577497,3.40076705509503,0.216192121382973,7.3472484006945e-57,2.71198434164411e-55,"ENSMUSG00000068699"
7702.01022303153,-1.27110429269903,0.0804655568472103,9.3417879115738e-57,3.44039872453842e-55,"ENSMUSG00000041729"
5260.04418984449,1.7119379029819,0.108585870917782,9.69045461705719e-57,3.56074989292228e-55,"ENSMUSG00000020023"
148.771419866246,-5.85031973826124,0.369609306876196,1.86630828812751e-56,6.8422897103918e-55,"ENSMUSG00000020884"
142.346494674728,-5.58664199705854,0.356151505641858,2.48912570160785e-56,9.10516588107251e-55,"ENSMUSG00000025064"
840.014747208268,-2.46720905293158,0.157429709810478,2.69305855472801e-56,9.82905989996918e-55,"ENSMUSG00000031883"
1496.97394889723,1.24331130535197,0.0790390096044474,2.80141778083336e-56,1.02016730730213e-54,"ENSMUSG00000025742"
2022.16356617151,2.58686323500309,0.165353116214367,3.39197784210182e-56,1.23246909182441e-54,"ENSMUSG00000020758"
6301.74247522845,-1.56157804739772,0.0995892200679027,4.31203680042926e-56,1.56328140395072e-54,"ENSMUSG00000036815"
1448.93447710705,-2.35673648690064,0.150812736010561,5.19545395838471e-56,1.87936887854636e-54,"ENSMUSG00000035486"
4159.12534627718,-1.01494183892351,0.0646453772651416,6.13098165374756e-56,2.21286295697789e-54,"ENSMUSG00000027220"
722.951677104861,-1.64618281093997,0.105564502758608,1.37627678092107e-55,4.95642332739673e-54,"ENSMUSG00000037408"
552.511247778827,-3.1011163908,0.199381026567516,1.38842774073734e-55,4.98914498095419e-54,"ENSMUSG00000043144"
2400.5524228992,3.05406535589426,0.196829553083692,1.6077417410201e-55,5.76449781064432e-54,"ENSMUSG00000024330"
2776.24191120963,2.65595545301092,0.170815517721194,1.77887641059959e-55,6.3640769696132e-54,"ENSMUSG00000010476"
1929.4526691702,1.31492342440561,0.0842798512931891,1.87886366674753e-55,6.70704885248165e-54,"ENSMUSG00000031673"
2608.40415243125,1.63321086999528,0.104924480128536,2.44830289815924e-55,8.72067277379345e-54,"ENSMUSG00000078771"
745.155964590291,-1.76182965909362,0.113374576259622,3.41169679723072e-55,1.21256769574938e-53,"ENSMUSG00000021638"
695.141681043147,1.88406605772981,0.121331486698271,4.04413647584715e-55,1.4342146743756e-53,"ENSMUSG00000031548"
852.569276235474,-1.40005549619455,0.0901585398334339,5.51216197457513e-55,1.95058636135074e-53,"ENSMUSG00000039395"
1681.34310614795,-2.41292130346041,0.15649495322405,1.30671471102984e-54,4.61403515534571e-53,"ENSMUSG00000010505"
588.343790977073,2.97970496387179,0.193390570375589,1.48660803634932e-54,5.23788000339703e-53,"ENSMUSG00000036357"
2966.51805735767,-1.84140054792804,0.119526187216382,2.30122087185905e-54,8.09055579959429e-53,"ENSMUSG00000028373"
2603.72825766962,1.76843528388322,0.114680067987114,2.61206175340189e-54,9.16360802195602e-53,"ENSMUSG00000024176"
1063.59736315316,-1.74608010317097,0.113399571623118,2.8499118789148e-54,9.97653022902691e-53,"ENSMUSG00000086040"
15430.4445201484,-1.6500205487472,0.107525235428169,4.2009128298225e-54,1.46743474343027e-52,"ENSMUSG00000036766"
168.681838198812,3.8952224897822,0.253982577103722,4.37881433357436e-54,1.52630277777138e-52,"ENSMUSG00000078721"
558.226944788354,1.53918250039181,0.100019691734676,4.57588866784013e-54,1.59158794305773e-52,"ENSMUSG00000048376"
772.331264088592,2.39524494777176,0.15617936033277,5.3664665249932e-54,1.86258725146779e-52,"ENSMUSG00000032500"
6101.29370834762,-1.41080975356335,0.0917756464288849,5.98589994468808e-54,2.07315913403473e-52,"ENSMUSG00000049550"
7272.22486475658,-1.18229136491117,0.0768903279478878,7.51974032858838e-54,2.59886057470832e-52,"ENSMUSG00000005506"
10792.153237284,-1.42485522940848,0.0928219909546203,7.94535952026194e-54,2.74013903116152e-52,"ENSMUSG00000045114"
836.379413482062,2.53572907897581,0.165778050811467,7.99725075563836e-54,2.75220397040764e-52,"ENSMUSG00000046523"
233.458538529308,-2.29314682663503,0.149797132966663,8.2941084457435e-54,2.84834382446862e-52,"ENSMUSG00000035831"
1400.29694956635,3.23239131591409,0.211651274805421,1.0405775528367e-53,3.56600450633176e-52,"ENSMUSG00000042401"
7092.69763215871,1.35696828741563,0.0888353974000031,1.27342939580068e-53,4.35480750101753e-52,"ENSMUSG00000040797"
665.58124162899,2.33531642041564,0.153013736018978,1.8601546602449e-53,6.34792401665963e-52,"ENSMUSG00000031355"
5560.55916876677,1.75665595954982,0.115055395368072,2.18894160775313e-53,7.45430784330659e-52,"ENSMUSG00000071176"
217.03046624568,7.19193608333126,0.466501863419577,2.21784309191328e-53,7.53696239043097e-52,"ENSMUSG00000037393"
16723.9725209542,-2.52796158113672,0.166050810436549,2.44411189992751e-53,8.28859448062916e-52,"ENSMUSG00000033066"
169.024025898454,3.34939753680934,0.220430157130988,3.30604425239116e-53,1.11883135842876e-51,"ENSMUSG00000009628"
805.760066034131,1.99573737429717,0.131086297893052,3.34821907757298e-53,1.13075332250483e-51,"ENSMUSG00000030786"
3981.67563850861,1.74463034882278,0.114501439869041,3.52945645363902e-53,1.18949259114567e-51,"ENSMUSG00000029581"
785.240468764477,-1.68575305864112,0.110699214951059,4.11003684817907e-53,1.38229710360865e-51,"ENSMUSG00000041741"
2106.24436014661,1.20304089181558,0.0788090590609949,4.1281753583472e-53,1.3855348140861e-51,"ENSMUSG00000023805"
2578.55711025864,2.08786625113272,0.137317740089222,4.55146143883304e-53,1.52445862759926e-51,"ENSMUSG00000020732"
3625.07771117121,1.56935959973433,0.103027537153027,4.62977362796785e-53,1.54750421182876e-51,"ENSMUSG00000021273"
2568.66308941373,-0.974752498966523,0.0638229298150425,5.13962635289922e-53,1.71440241337077e-51,"ENSMUSG00000049092"
6973.78072307828,-1.62266858729007,0.106668324447686,5.51942402450905e-53,1.83732483171694e-51,"ENSMUSG00000030352"
3767.27968459627,-1.10184277043801,0.0722373313732143,5.80892368547576e-53,1.92974815820764e-51,"ENSMUSG00000034570"
1760.25224678509,-2.1775723238464,0.143560899634387,7.07583629689334e-53,2.34583428189063e-51,"ENSMUSG00000063810"
146.78682796653,3.88258987271323,0.256010970530547,7.79308159621365e-53,2.57836955738142e-51,"ENSMUSG00000034009"
232.748840190553,-6.4150975565152,0.424338359485999,9.03963701178882e-53,2.98473045188435e-51,"ENSMUSG00000039672"
1515.10999793889,2.036271346679,0.134388379036028,1.01378491497402e-52,3.34056494857229e-51,"ENSMUSG00000027215"
1130.41225736089,1.99256548260723,0.131501471415687,1.07624359454761e-52,3.53921075394869e-51,"ENSMUSG00000052336"
2929.87282207423,-1.68487126707023,0.111108465262001,1.08999544015303e-52,3.57720680943772e-51,"ENSMUSG00000029528"
188.000045151388,3.57385944278591,0.236191626981823,1.10692538711517e-52,3.62545904455952e-51,"ENSMUSG00000049112"
553.452455068329,-2.6413064542277,0.174703199064466,1.17342796705814e-52,3.83555430678159e-51,"ENSMUSG00000035456"
4370.67703467143,1.04300636150571,0.0685823679007482,1.20946143843034e-52,3.94541348592567e-51,"ENSMUSG00000029095"
4629.90315289735,1.52074521775958,0.100290809687682,1.40612813561998e-52,4.57779075832441e-51,"ENSMUSG00000043067"
215.628840081039,5.26468883010395,0.348475542626162,1.86719879426991e-52,6.06671895671168e-51,"ENSMUSG00000079277"
8653.95924174904,1.16859596351059,0.0770599943628695,2.05305766735805e-52,6.6573053205686e-51,"ENSMUSG00000029778"
9575.58159549334,-1.76593662857298,0.116679645400845,2.16871186485112e-52,7.01834825766332e-51,"ENSMUSG00000039943"
1124.56116749424,1.56661314530301,0.103648106159924,2.72888217239163e-52,8.81363968297439e-51,"ENSMUSG00000025969"
3228.26305752544,2.36409987860927,0.156794090593641,2.83544507738995e-52,9.13967821183241e-51,"ENSMUSG00000031343"
2919.33007147264,-1.08054893012711,0.0713465621878809,3.07027748201657e-52,9.87707052416319e-51,"ENSMUSG00000031878"
677.544409912035,1.93386626205819,0.128317652043142,3.7792836737766e-52,1.21339604816046e-50,"ENSMUSG00000046743"
2008.49433389119,-1.67433452104446,0.111038455756095,3.9304045080457e-52,1.25943158625921e-50,"ENSMUSG00000030092"
1450.46845653494,-1.49192304203438,0.0988635493265622,3.97079053645043e-52,1.26987285564519e-50,"ENSMUSG00000025348"
1717.22534189731,2.44938199058964,0.162837984697308,4.17477769781836e-52,1.33249081108014e-50,"ENSMUSG00000052544"
1560.02102508314,-1.80914265659315,0.120074736321557,4.36970036830831e-52,1.39197617603371e-50,"ENSMUSG00000020902"
981.531374143922,1.61439616536325,0.107128951026792,4.99432360830018e-52,1.58784374406075e-50,"ENSMUSG00000063445"
522.598721157477,-2.75566423722247,0.183659964254518,5.99573966290438e-52,1.90250780180814e-50,"ENSMUSG00000053626"
1648.84746585688,1.56332760575933,0.103813977025195,6.19694642283883e-52,1.96252711811227e-50,"ENSMUSG00000023186"
140011.231346321,2.36168429010784,0.157370102786407,7.88715957609335e-52,2.49295502096403e-50,"ENSMUSG00000032517"
1159.07651644021,1.31022521443755,0.087038654311685,9.10534546619062e-52,2.87241886625292e-50,"ENSMUSG00000026344"
2583.3977818513,1.42038812440557,0.0943964008468095,9.12360798420701e-52,2.87261297421512e-50,"ENSMUSG00000035246"
1147.47453403953,10.9881119066674,0.714030840766322,1.18810418418247e-51,3.73358299423209e-50,"ENSMUSG00000027102"
11221.9705654218,-1.04681619299632,0.069563009933611,1.23927331909345e-51,3.88687689560755e-50,"ENSMUSG00000002222"
228.372841540659,2.4492855226582,0.163922218833375,1.67939823814466e-51,5.25716240779209e-50,"ENSMUSG00000030862"
2399.05911760304,1.60951709074567,0.107372272904665,1.69858266304105e-51,5.30701124548602e-50,"ENSMUSG00000024063"
19880.8805350366,-1.57725792609628,0.105314473871627,1.95168700613734e-51,6.08612281339151e-50,"ENSMUSG00000029126"
1085.57428708109,3.4869745136017,0.233676543844462,2.02691608617613e-51,6.30863098485184e-50,"ENSMUSG00000076617"
2129.82168792915,-1.69703158611978,0.113591913839733,3.37707159654435e-51,1.04908342459063e-49,"ENSMUSG00000066438"
3277.91762307384,1.71374045858126,0.114873273159635,5.00858583482067e-51,1.55294781369926e-49,"ENSMUSG00000024621"
207.125765351313,2.4915279621436,0.167475068394244,5.48817231117947e-51,1.69841195591976e-49,"ENSMUSG00000047773"
2521.2830518241,1.16697109824356,0.0781430202539629,6.51057331430777e-51,2.01098885029036e-49,"ENSMUSG00000028184"
488.252607725665,2.38043593800656,0.160199631762386,6.69154418367907e-51,2.06297265571833e-49,"ENSMUSG00000027004"
356.264441954677,1.95066573986859,0.131268889037781,8.8824979399468e-51,2.73325711656813e-49,"ENSMUSG00000039115"
2038.08655959043,3.20955288512455,0.217380285984118,2.02324334864099e-50,6.21402928852414e-49,"ENSMUSG00000026697"
2857.83270977525,-0.789359014915668,0.0530828517223983,2.88212118331069e-50,8.83524832804735e-49,"ENSMUSG00000019961"
7213.31473901342,1.27183210290205,0.0861214036726253,3.18785735993063e-50,9.75412445581781e-49,"ENSMUSG00000034235"
10157.4370898263,1.80996669183533,0.122497838506062,3.51188259913673e-50,1.07254080579264e-48,"ENSMUSG00000027199"
11759.6868736356,-1.07001717299028,0.0722776547112231,4.12925522391374e-50,1.25872690140202e-48,"ENSMUSG00000024104"
7218.32969894453,1.13479160697354,0.0765998529447986,4.23927354688278e-50,1.28984850086277e-48,"ENSMUSG00000054252"
2115.11972246815,1.88275079747803,0.127606608334549,4.47410555056152e-50,1.35875914462762e-48,"ENSMUSG00000073982"
14932.2835778792,2.05348709517561,0.139511615133702,6.16462368633561e-50,1.86867307944453e-48,"ENSMUSG00000021143"
3846.59946983894,-1.65417498710399,0.112294782659424,7.43675487678527e-50,2.25010215398347e-48,"ENSMUSG00000001552"
2829.1792612505,-1.32869730405643,0.0900526084252567,7.4957493861257e-50,2.26374412815128e-48,"ENSMUSG00000057530"
8895.9316573196,-1.42792570310236,0.096844918460483,7.84416789862045e-50,2.36458083432859e-48,"ENSMUSG00000032589"
149.716832603668,4.66256565766799,0.316055056169388,9.29598215890561e-50,2.79704246918051e-48,"ENSMUSG00000035187"
1365.10969091137,2.73868059393239,0.186631413445353,9.93343054745852e-50,2.98332808951162e-48,"ENSMUSG00000094910"
2225.16656176065,1.64481387288973,0.111798878801599,1.07578285696425e-49,3.22497115021436e-48,"ENSMUSG00000052609"
1995.12529666063,-1.5772990019357,0.107234513705102,1.09214564131051e-49,3.268004917142e-48,"ENSMUSG00000020038"
5017.50087651975,2.48134300077668,0.17000917425667,2.60671690740861e-49,7.78571336124723e-48,"ENSMUSG00000011884"
3280.98197905902,1.4943498830666,0.102173590702974,4.32895766343382e-49,1.29060023526329e-47,"ENSMUSG00000025790"
678.371856947807,2.67017753079341,0.183349585638666,4.34183397250712e-49,1.29207263993548e-47,"ENSMUSG00000027188"
7359.74407565871,-1.00930315761373,0.0688689206838595,5.04602940691556e-49,1.49889172784255e-47,"ENSMUSG00000017485"
1603.48155003074,-1.9129838391447,0.131219341796555,5.4414027387587e-49,1.61339077926255e-47,"ENSMUSG00000044164"
886.554211196906,-1.37015038280309,0.0937175895385264,5.51496177497845e-49,1.63222814132908e-47,"ENSMUSG00000005699"
1719.21899569165,1.31065201230448,0.0896858523719142,6.24556114705557e-49,1.84510425320818e-47,"ENSMUSG00000024426"
496.650343837248,3.62525542911931,0.25003931531546,9.93000442439442e-49,2.92827195688936e-47,"ENSMUSG00000019890"
163.311612908028,-5.88970758900986,0.402434147585306,1.17213776232155e-48,3.45028182550997e-47,"ENSMUSG00000054065"
1438.61958740121,1.3519162646088,0.092827549706371,1.21214340805163e-48,3.56160115456036e-47,"ENSMUSG00000040711"
5562.08456855215,1.64102668318244,0.112782715997866,1.23481481050113e-48,3.62167846582655e-47,"ENSMUSG00000027712"
21625.4911147066,-1.86539317187235,0.128446822325756,1.3127151651925e-48,3.84323335593587e-47,"ENSMUSG00000096054"
15098.9726172419,-1.79251546359151,0.123387334998782,1.3633720627173e-48,3.98437530285676e-47,"ENSMUSG00000020524"
4812.96471143608,-1.68914532046019,0.116279319417852,1.4936825511481e-48,4.35737716265033e-47,"ENSMUSG00000051335"
909.60117954072,1.66653927779653,0.114824212408024,1.78948100784245e-48,5.21094308509114e-47,"ENSMUSG00000053475"
259.695301685624,-8.21501998740303,0.555994284622321,2.01931744326922e-48,5.86972309670292e-47,"ENSMUSG00000020096"
16696.7863675526,-1.94623668084316,0.134396843792931,2.2715926089101e-48,6.5912628320568e-47,"ENSMUSG00000017412"
3796.74196261105,-2.05871863567699,0.142244557943763,2.44491203922769e-48,7.08154415917231e-47,"ENSMUSG00000060988"
1870.18076409278,1.56552522898528,0.108091555986183,3.09008008908656e-48,8.93433813324173e-47,"ENSMUSG00000040624"
2268.7051033355,-1.79047574647545,0.123775326476419,3.18456011024787e-48,9.19118253096008e-47,"ENSMUSG00000039910"
2860.38555266368,1.51895490363463,0.104991295805527,4.15047231526244e-48,1.19577678491756e-46,"ENSMUSG00000048078"
505.59119915072,1.75378139110162,0.121344658987249,4.3119074947767e-48,1.23964114073344e-46,"ENSMUSG00000036469"
170.9176369868,-6.10059303357267,0.42991581105767,4.3179538444272e-48,1.23964114073344e-46,"ENSMUSG00000048534"
2405.43277755403,1.20588501646228,0.0832633902542777,4.81078078477975e-48,1.37869523969445e-46,"ENSMUSG00000052516"
9712.27573735806,-1.37922312985487,0.0953377552925177,4.8847538910454e-48,1.39743451385654e-46,"ENSMUSG00000003657"
3845.79843182929,2.0418248938613,0.141507132068794,5.08565677132565e-48,1.45235650743226e-46,"ENSMUSG00000038608"
529.347946560935,2.1329852639354,0.147831386482156,5.30293125346289e-48,1.51175332651259e-46,"ENSMUSG00000059493"
39837.6803425636,1.59042950364366,0.110067309645632,5.93549303576609e-48,1.68912509853497e-46,"ENSMUSG00000006651"
1067.3746515277,1.59011869174901,0.11018722388499,6.35993503636969e-48,1.80675431975612e-46,"ENSMUSG00000059182"
3751.71433530425,1.45525410960895,0.100850721689909,7.91770607707694e-48,2.24537316241565e-46,"ENSMUSG00000036580"
2892.63360257853,-1.17462625825398,0.0812880042098795,8.18529810373329e-48,2.31722230491427e-46,"ENSMUSG00000022895"
3401.55510157136,1.84458375066663,0.128117010021955,8.2828806557161e-48,2.3407765853081e-46,"ENSMUSG00000018217"
6916.9202906925,1.6404952013341,0.113906716152012,9.13122671752552e-48,2.5760504074156e-46,"ENSMUSG00000028542"
8398.12045766758,-1.5107023731467,0.104936482417709,1.15965033778938e-47,3.26588031116533e-46,"ENSMUSG00000026904"
3423.60960272457,1.11221425717537,0.0770413391410585,1.24576938504293e-47,3.50235475815697e-46,"ENSMUSG00000022840"
134.882630320449,-2.96434134091823,0.206750192482982,1.74484970699469e-47,4.89701095352752e-46,"ENSMUSG00000030353"
4005.63005967213,3.21003309722994,0.224423840728999,1.78831897351079e-47,5.01037112750579e-46,"ENSMUSG00000073418"
3185.04738321689,-0.908142571004975,0.0630057460136626,1.9952317068695e-47,5.58047795952263e-46,"ENSMUSG00000020166"
1669.73114547345,1.31212203545647,0.0914118748524071,2.76150684102103e-47,7.71043025010983e-46,"ENSMUSG00000038351"
4002.64015484435,-1.45207469194184,0.101268753010944,3.04285987428632e-47,8.48145086192341e-46,"ENSMUSG00000096847"
746.003231439849,1.74746903903193,0.122179379566244,3.17092179139218e-47,8.81540503465615e-46,"ENSMUSG00000021990"
188.339070829885,6.86665078441692,0.477551420373758,3.17350248821016e-47,8.81540503465615e-46,"ENSMUSG00000022485"
4576.48803552827,-1.11319682160272,0.0775206798078996,3.23003558504545e-47,8.95715830551445e-46,"ENSMUSG00000036561"
3537.78403213797,-0.852068867125732,0.0592324086056269,3.3064256627905e-47,9.15340083994962e-46,"ENSMUSG00000033569"
5866.06397213922,1.25200580789583,0.0872503877640027,3.44953461932207e-47,9.53336579513152e-46,"ENSMUSG00000026608"
4126.20578729741,1.93506719580871,0.135361415890552,3.52020291137453e-47,9.71218016802621e-46,"ENSMUSG00000022742"
374.821101641326,1.88684473884183,0.132043292078749,3.84065660057789e-47,1.05783770125562e-45,"ENSMUSG00000026483"
1223.11844576572,1.9048124358997,0.133294751405923,4.10129124561244e-47,1.12771653540674e-45,"ENSMUSG00000029420"
9344.23894698542,-1.53808258043876,0.107673982178448,5.6078373462627e-47,1.53936553663515e-45,"ENSMUSG00000042444"
1607.09338483731,2.38614051139107,0.167667387099439,6.91563749180355e-47,1.89516409245081e-45,"ENSMUSG00000042129"
29394.1202911619,-0.969632934750062,0.0677241752789147,6.99710438176682e-47,1.91426664077984e-45,"ENSMUSG00000018965"
1361.03482424828,1.48981083696625,0.104433758195204,7.81005727610551e-47,2.13308913322895e-45,"ENSMUSG00000075284"
1915.99689941732,-1.2484448411443,0.0873814270637118,7.82899698249926e-47,2.13468028276588e-45,"ENSMUSG00000047446"
164.199443634601,-6.8879177433551,0.478949180703318,8.58161042720324e-47,2.3359775005688e-45,"ENSMUSG00000041476"
12447.6846323934,-1.42780002527244,0.10019676181026,9.19402865150729e-47,2.49850414673181e-45,"ENSMUSG00000024261"
137.024308286769,5.21846154107106,0.366186609782664,9.76363536506951e-47,2.64887427454336e-45,"ENSMUSG00000085139"
316.438144624443,2.19593787914462,0.154620266281105,1.04500384719919e-46,2.83037814055048e-45,"ENSMUSG00000045629"
1846.43622202632,-1.98483242037449,0.139650329360156,1.07940764159513e-46,2.91870391858563e-45,"ENSMUSG00000030350"
909.776094350925,1.63793648474292,0.115049824057298,1.09386075601049e-46,2.95287983189698e-45,"ENSMUSG00000078350"
1643.45492645161,-1.06396565902457,0.0745186542925506,1.20672569432223e-46,3.25216570400285e-45,"ENSMUSG00000058248"
2410.74649682861,1.33610745821663,0.0937622804237365,1.24285533960547e-46,3.34399987075999e-45,"ENSMUSG00000046807"
1353.4180515595,-1.59291040307226,0.112028158920979,1.29019991292457e-46,3.46565580570729e-45,"ENSMUSG00000041075"
1207.5977465892,1.68543227031319,0.11861143949491,1.37910479812165e-46,3.69836374033347e-45,"ENSMUSG00000031349"
2628.39492479072,1.83754413600222,0.129453045275444,1.62620353584454e-46,4.35383900599957e-45,"ENSMUSG00000024501"
966.017700796483,2.02053768553787,0.142438971660734,1.78802245957487e-46,4.7792166825878e-45,"ENSMUSG00000059248"
9656.06707745573,-2.06727961496305,0.145929090617877,1.83889741659964e-46,4.90714297498508e-45,"ENSMUSG00000038145"
312.108373095983,-2.81804186686566,0.199325591557708,1.99621000751186e-46,5.3182171034825e-45,"ENSMUSG00000022237"
3605.67374226724,-1.84231675724193,0.130060962660417,2.38611222133758e-46,6.34659064361653e-45,"ENSMUSG00000042272"
2077.85562429977,1.26085602118696,0.0887538824247151,2.46069243594769e-46,6.53428245878574e-45,"ENSMUSG00000023809"
1345.37292986265,-1.57211889327692,0.110982523418779,3.10979391382655e-46,8.24449923929455e-45,"ENSMUSG00000017417"
1360.42727702368,1.47675950408817,0.104322869676032,3.50225105841872e-46,9.26986060633169e-45,"ENSMUSG00000029669"
335.605764092771,2.21110953966038,0.156603647554822,3.51315029285763e-46,9.28361371219749e-45,"ENSMUSG00000052151"
1481.32760436584,1.41310328600445,0.0997932787002872,3.78078054102775e-46,9.97464273044566e-45,"ENSMUSG00000040125"
1052.79954187887,1.7575545003748,0.124292098798601,3.86694506681531e-46,1.01854582196796e-44,"ENSMUSG00000046805"
128.652452085943,-4.00103082339127,0.284169495010086,4.78003820706842e-46,1.25701877115767e-44,"ENSMUSG00000004655"
115.953630075109,4.892981850718,0.348244354113009,4.80949199604858e-46,1.2627243663174e-44,"ENSMUSG00000024697"
1925.11821983831,1.73287974418334,0.122930332356761,7.2225662587478e-46,1.89321954202732e-44,"ENSMUSG00000037010"
139.435734730391,2.83677301978725,0.201850231344031,7.3475341419769e-46,1.92288039812058e-44,"ENSMUSG00000023031"
334.21073902877,2.85071841191238,0.203138576322953,7.82776004323112e-46,2.04526930952995e-44,"ENSMUSG00000055415"
100.720334768604,4.1038253885921,0.291439148615785,8.52357675600844e-46,2.22350612875489e-44,"ENSMUSG00000035580"
8983.97323658978,1.56224906134656,0.110900355050536,1.03258337637127e-45,2.68934275209146e-44,"ENSMUSG00000028412"
4808.58277221998,1.00029895695965,0.0708109951288505,1.09554399459971e-45,2.84876440001503e-44,"ENSMUSG00000040606"
329.615205884796,-1.76095898872523,0.125260048019278,1.1395562931808e-45,2.95848442430575e-44,"ENSMUSG00000040812"
3733.41698878396,1.00111520045915,0.0708887260343308,1.15071842701239e-45,2.98270613931651e-44,"ENSMUSG00000029192"
1508.22912504005,-1.20015518985292,0.0851622899719447,1.31062061170112e-45,3.39177779288886e-44,"ENSMUSG00000032402"
1124.72935811699,1.10877136700379,0.078709318376604,1.64326800519102e-45,4.24589152198404e-44,"ENSMUSG00000022885"
655.433152273417,1.68000299433794,0.11968276801577,1.65426144331081e-45,4.26752262665823e-44,"ENSMUSG00000043298"
308.60286121175,8.55811420450103,0.599257105209546,2.04385271266895e-45,5.26421431278879e-44,"ENSMUSG00000100642"
1231.77672325262,-1.03189157561648,0.0733964260005407,2.60244560562313e-45,6.69235538204317e-44,"ENSMUSG00000003228"
717.281706317638,-2.8952674983405,0.2075945829454,2.66868184658972e-45,6.85186168750591e-44,"ENSMUSG00000022372"
813.898215373295,-2.33769196685489,0.167459725001599,2.82516424115793e-45,7.24220842796359e-44,"ENSMUSG00000031150"
1158.29220227263,-1.48821678044597,0.106218188185024,2.87328146607528e-45,7.35397416741719e-44,"ENSMUSG00000022696"
5957.21094860029,-1.17190091045775,0.0834982883185302,3.0722716139466e-45,7.85093207720923e-44,"ENSMUSG00000030557"
1153.71037522266,-1.26586586023273,0.0902753168764054,3.21011547086549e-45,8.19032282676307e-44,"ENSMUSG00000070462"
5912.67075331419,-1.41122139733975,0.100691883696921,3.21943137835771e-45,8.2012369290934e-44,"ENSMUSG00000026883"
6576.98691356072,1.56916281196055,0.112037020830819,3.38463572021094e-45,8.60860941462402e-44,"ENSMUSG00000000149"
444.525844971956,1.93546406563734,0.138515229525949,3.65066171372621e-45,9.27074436443608e-44,"ENSMUSG00000022324"
2162.69424925773,-1.56473558426102,0.111843158423172,3.68009758066353e-45,9.33093900592537e-44,"ENSMUSG00000040033"
3497.14025814171,-1.2637235660603,0.0901981307558695,3.78287779347835e-45,9.57662281838889e-44,"ENSMUSG00000038332"
3314.3078606472,1.49594711571399,0.106925689586545,4.03161823971405e-45,1.01904785257865e-43,"ENSMUSG00000031714"
424.478075601959,2.59033107577851,0.186248368237363,4.79570953808026e-45,1.21030325365691e-43,"ENSMUSG00000081225"
3446.52965854742,1.065932417108,0.076108260782233,5.51312343846993e-45,1.38920469553272e-43,"ENSMUSG00000024143"
599.062514230611,1.77331192599422,0.127178045033892,6.31692626794385e-45,1.58928787928269e-43,"ENSMUSG00000041842"
151.811044028987,-4.4486625981816,0.325267166592996,7.27017317927747e-45,1.82629442920183e-43,"ENSMUSG00000087035"
5095.09193768367,0.893696033506806,0.0638172325520464,7.56733151865396e-45,1.89801267273728e-43,"ENSMUSG00000020532"
2153.21276288924,1.58636031601326,0.113816942483194,7.94582117818493e-45,1.98987810982299e-43,"ENSMUSG00000043460"
1805.26714504975,-1.82517995596795,0.1312402054867,8.76534458392785e-45,2.1917400789121e-43,"ENSMUSG00000015202"
13569.9558901009,0.915878927454079,0.0654988880294379,1.01431707552168e-44,2.53237014652483e-43,"ENSMUSG00000026932"
9595.17625434091,1.53574374169971,0.110298845392162,1.02003376498762e-44,2.54274266867817e-43,"ENSMUSG00000054364"
906.482678594299,1.34856778561008,0.0968218075240575,1.12982492061407e-44,2.81212386204218e-43,"ENSMUSG00000032724"
1376.5456570865,1.25564290099957,0.0901164477182106,1.16304544788505e-44,2.89038989323249e-43,"ENSMUSG00000043531"
866.979731044759,1.94554933404599,0.140158096342293,1.19887738391556e-44,2.97489726453924e-43,"ENSMUSG00000048163"
6375.03002622273,2.6295425058943,0.190258178609143,1.3626903278309e-44,3.37623640128333e-43,"ENSMUSG00000033579"
339.20618276341,-2.17205040602855,0.15696446958602,1.46922631371995e-44,3.63466047640324e-43,"ENSMUSG00000023192"
276.216346724131,1.91872368703163,0.138343509258022,1.47553706598332e-44,3.6447332868098e-43,"ENSMUSG00000016995"
1869.68288524788,1.03214269678265,0.0740795914899731,1.64381377976724e-44,4.05424253137139e-43,"ENSMUSG00000029231"
8105.25945204815,1.53196190317555,0.110305917907088,1.68839994924693e-44,4.15790837728313e-43,"ENSMUSG00000024640"
142.866456627911,4.37440693812667,0.315700246425143,1.78094113652667e-44,4.37917822060139e-43,"ENSMUSG00000044034"
2919.67778149497,-0.996584970085773,0.0715571346122309,1.81839280022362e-44,4.46452458552641e-43,"ENSMUSG00000041328"
589.60958271205,1.69025753262903,0.122030423103044,2.11924224058406e-44,5.19533511931134e-43,"ENSMUSG00000034000"
238.577197936047,3.03926275243375,0.220449834244469,2.17378358321982e-44,5.32102995002289e-43,"ENSMUSG00000047109"
2417.30244237403,-2.68165511698806,0.1947262765752,3.56380123641056e-44,8.71044392286654e-43,"ENSMUSG00000032194"
2968.09441472837,1.19062519724721,0.085948824586751,3.97323073453613e-44,9.69658918992191e-43,"ENSMUSG00000090213"
22907.6183940062,2.46579023333712,0.17932275716994,4.12822244579844e-44,1.00597612234591e-42,"ENSMUSG00000036634"
1915.83844529658,2.34198892871554,0.170063871652223,4.46605215473693e-44,1.0866726005203e-42,"ENSMUSG00000047139"
344.929238769659,2.29385423063995,0.166719011829486,5.13565181838968e-44,1.24773343730966e-42,"ENSMUSG00000031373"
1278.54516254436,3.51435144939858,0.255993846351286,5.843855163667e-44,1.41767920050926e-42,"ENSMUSG00000021091"
1500.65367347258,-1.74180957105259,0.12648688493171,6.10474254330355e-44,1.47876486785558e-42,"ENSMUSG00000045287"
1495.5060651294,1.15719787172727,0.083744002875461,6.39055505587895e-44,1.54569769984543e-42,"ENSMUSG00000007613"
613.012813873625,10.1214714942985,0.715973486646207,6.96885170126705e-44,1.68307074173924e-42,"ENSMUSG00000038721"
4492.09391654499,-1.73058390652968,0.125700848632365,7.22574362354317e-44,1.74252821783757e-42,"ENSMUSG00000051166"
1229.10917321811,-1.3851996262924,0.100529536194216,8.14028109669883e-44,1.96017005461633e-42,"ENSMUSG00000040729"
1306.46404197102,1.88612708383476,0.137229301284466,8.24506499062067e-44,1.98246924545529e-42,"ENSMUSG00000038648"
4253.0008193383,2.3623658975885,0.172590759515398,1.16624368861762e-43,2.80001692674302e-42,"ENSMUSG00000031775"
8526.40266667182,-0.969964819793397,0.0703092433681858,1.30866712003215e-43,3.13733186743496e-42,"ENSMUSG00000027499"
1759.07323530595,-1.5284928588785,0.111313568465845,1.47679709351721e-43,3.5351916306284e-42,"ENSMUSG00000037872"
271.057014336771,2.34546264429037,0.171309092472654,1.53741104125056e-43,3.67488648009935e-42,"ENSMUSG00000004791"
447.253314085355,2.79137876437404,0.204510048406407,1.72888917929725e-43,4.12651877721416e-42,"ENSMUSG00000037846"
1679.62952962952,1.7497744045326,0.127766240316869,1.79775765242056e-43,4.2846118691218e-42,"ENSMUSG00000024816"
1998.18510815388,1.66068918465066,0.121196172328166,1.8724752973738e-43,4.45616270331152e-42,"ENSMUSG00000014599"
4487.74176133045,1.07994828253088,0.0785390352805102,1.89544381270754e-43,4.50423859609537e-42,"ENSMUSG00000063146"
5118.85029761938,-1.21507006419137,0.0884825282605436,1.93749548521269e-43,4.59745648808924e-42,"ENSMUSG00000066621"
696.2979065672,-1.40763669343803,0.102630219949805,1.98468951966477e-43,4.70258748196552e-42,"ENSMUSG00000028461"
2410.71877498957,-0.926110758363405,0.0673307276066713,2.19870255849132e-43,5.20210468708165e-42,"ENSMUSG00000026153"
340.90767826922,1.97903519153619,0.144794754528724,2.63960278416605e-43,6.23620524247532e-42,"ENSMUSG00000029832"
3829.33544891527,2.06416624806638,0.15139479642795,3.09082065413299e-43,7.29164907361984e-42,"ENSMUSG00000029674"
238.721060591189,3.6320215065587,0.266834546897067,3.32854114075351e-43,7.84109879727723e-42,"ENSMUSG00000050473"
2529.27170999059,1.39737147093289,0.102132263355056,3.35974925686486e-43,7.90317896000666e-42,"ENSMUSG00000073514"
3281.08259067426,1.54750145970528,0.113228961165645,3.48272887024543e-43,8.18064365798776e-42,"ENSMUSG00000078307"
1592.8901279337,1.13108243337591,0.0827000144059785,4.88112036299555e-43,1.14488295776429e-41,"ENSMUSG00000050272"
4300.50500825486,-0.961822975218874,0.0702458906718875,5.00598046442299e-43,1.17247985611334e-41,"ENSMUSG00000038555"
7096.93762968164,-1.11272435712434,0.0813870885615704,5.1645261023987e-43,1.20787580308687e-41,"ENSMUSG00000020300"
569.267690374118,1.64082361423813,0.120355565191426,5.22823940954563e-43,1.21927336831782e-41,"ENSMUSG00000004231"
9153.61596015276,1.43833339596559,0.105374209273116,5.22443348479682e-43,1.21927336831782e-41,"ENSMUSG00000034488"
828.988067956105,1.16065267875569,0.0849110719480049,5.25066085999838e-43,1.22275046465027e-41,"ENSMUSG00000027253"
2577.11680690856,2.2312799095665,0.164236736534097,5.74839181501455e-43,1.3367474566401e-41,"ENSMUSG00000031385"
1693.93620310287,-1.51605570260169,0.111240381514337,5.91627500887199e-43,1.37382488722423e-41,"ENSMUSG00000063450"
477.786145784673,1.97537759775521,0.145539473954487,7.66223350655076e-43,1.776721325066e-41,"ENSMUSG00000040187"
1283.27055312578,1.31000733972159,0.0963055271132696,1.09908649902567e-42,2.54494026047508e-41,"ENSMUSG00000052914"
773.767266424194,2.34188932819332,0.172879992062748,1.10453890845017e-42,2.5539324363284e-41,"ENSMUSG00000048483"
1211.4314989752,1.87765641673852,0.138511719832438,1.14852739541389e-42,2.6518764457514e-41,"ENSMUSG00000028581"
2941.17038529647,2.09174838781543,0.154434055976016,1.17898876383856e-42,2.71835397985326e-41,"ENSMUSG00000041773"
14560.2784089003,-1.62023675519898,0.119213646751729,1.20434566703908e-42,2.77289091486026e-41,"ENSMUSG00000045589"
3805.31215132361,-0.931866177217132,0.0683844856355301,1.262758408086e-42,2.90327420435365e-41,"ENSMUSG00000078671"
4644.07122624489,0.922244291465998,0.0677256363845999,1.52065832742287e-42,3.49129425300274e-41,"ENSMUSG00000036502"
6867.48281854435,-1.48401719151412,0.109545392057582,1.81682392937342e-42,4.16538872145641e-41,"ENSMUSG00000037876"
419.550244922239,-1.98716768811441,0.146998462037844,1.89410069464435e-42,4.33645163254863e-41,"ENSMUSG00000037148"
1390.55750510894,1.95044048695362,0.144322365659131,1.90728194850579e-42,4.36049656710354e-41,"ENSMUSG00000053963"
1937.31841417676,-1.42993540099878,0.105628440164846,2.28702556672362e-42,5.22134672862933e-41,"ENSMUSG00000026082"
729.253099717083,-2.36323929607331,0.175364169996197,2.43611153518795e-42,5.55392486971841e-41,"ENSMUSG00000052353"
421.949039911392,4.08407731583468,0.303538265997358,2.62413055880861e-42,5.97420940367644e-41,"ENSMUSG00000027400"
1912.69632917475,-1.31255461621649,0.0969952931747504,2.71403754692976e-42,6.17026580850874e-41,"ENSMUSG00000044674"
3188.06549997714,2.11698866549433,0.157084729156364,2.92247963172059e-42,6.63488472038322e-41,"ENSMUSG00000037679"
3991.85662740354,1.0654179074946,0.0786360110956821,3.09084380325487e-42,7.00734755283883e-41,"ENSMUSG00000045994"
6421.60153662587,1.77651180530237,0.131685023796528,3.17167754048185e-42,7.18060737190036e-41,"ENSMUSG00000038370"
1253.94440935842,2.16984210524061,0.161182689574253,3.25340571354242e-42,7.35540808403383e-41,"ENSMUSG00000067879"
2195.45504196361,-1.58156666118298,0.117190204052079,3.39736871703202e-42,7.67023134200378e-41,"ENSMUSG00000069227"
30794.4977413895,-1.54053508556998,0.114068970312675,3.45809043457123e-42,7.79650915428676e-41,"ENSMUSG00000033161"
42047.7601504308,-0.945915898194293,0.0698563860182864,3.99241210815083e-42,8.98872535221013e-41,"ENSMUSG00000036438"
2240.0667418125,1.48578841671912,0.110210784049313,4.06743053182961e-42,9.14497709905005e-41,"ENSMUSG00000029168"
1402.9717992862,-2.53207551646226,0.188583872395147,4.14310139240979e-42,9.30226268491676e-41,"ENSMUSG00000040938"
6539.62562263657,-0.960077690067659,0.0709668135465416,4.54574729796424e-42,1.01922416689066e-40,"ENSMUSG00000001419"
1887.3565634991,-1.40911580341048,0.104499207730806,4.65686906012383e-42,1.04270308886789e-40,"ENSMUSG00000078619"
577.003545564288,-1.55792577119763,0.115757284413913,5.42497528063539e-42,1.21301851123878e-40,"ENSMUSG00000016624"
361.77902455503,3.29288122388862,0.24571523067695,5.5557665312527e-42,1.24055922627889e-40,"ENSMUSG00000038760"
3340.02249443711,1.18045707086246,0.0874627770346744,5.56646695092777e-42,1.24124587708496e-40,"ENSMUSG00000026842"
5396.54576025935,-2.27363147673827,0.169628349007937,6.47524331604749e-42,1.44191533103449e-40,"ENSMUSG00000036202"
2783.97124784314,-2.15447373045931,0.160712689781445,6.8333500335721e-42,1.51958021648206e-40,"ENSMUSG00000024299"
2443.45354469967,1.98338597152954,0.147835542462403,6.85664536893897e-42,1.52268039993982e-40,"ENSMUSG00000023827"
387.536990575393,-2.2678537440262,0.169288977810828,8.61745604610313e-42,1.91110285447502e-40,"ENSMUSG00000070305"
139.685797207563,3.31956720776025,0.247672515700823,8.63362471856862e-42,1.91208358052871e-40,"ENSMUSG00000074345"
277.072692319408,-1.92770272611593,0.143968787163047,9.26089753585915e-42,2.04821861533581e-40,"ENSMUSG00000068115"
1768.53850914526,1.48068206975581,0.110214151686492,9.30086442794622e-42,2.0542669085225e-40,"ENSMUSG00000022469"
479.583355509511,9.85816685225008,0.716518896193284,1.20913119461711e-41,2.66696986259854e-40,"ENSMUSG00000001661"
2132.37373647649,-1.71182524870822,0.127871076214158,1.30275015439382e-41,2.86957605050373e-40,"ENSMUSG00000049265"
1354.99589831088,0.977447188736019,0.072697008634015,1.39039149296535e-41,3.05848550303919e-40,"ENSMUSG00000005686"
5198.7901784011,1.46057478602138,0.109044181674114,1.53824133705068e-41,3.37914878333481e-40,"ENSMUSG00000024413"
771.691878662357,-2.27038154187633,0.17016670512804,1.55668006722559e-41,3.41504557066014e-40,"ENSMUSG00000034324"
2924.83997830207,1.22296805689045,0.0913581979327373,1.63243857654059e-41,3.57642464992298e-40,"ENSMUSG00000022514"
1110.75423888764,2.70301587435362,0.203043743869276,1.78818050101138e-41,3.912365886487e-40,"ENSMUSG00000049721"
149.991817663858,4.6388578972111,0.347963696207198,1.79978897580944e-41,3.93247851654042e-40,"ENSMUSG00000027559"
2497.26583585491,2.02041995666677,0.151491003164875,2.05301317691813e-41,4.47975180883021e-40,"ENSMUSG00000030772"
3465.19672872027,-2.18877201644907,0.164349747151004,2.14647019253985e-41,4.67740854004868e-40,"ENSMUSG00000030376"
1714.99936697191,1.84988995425815,0.138704237066225,2.19624698990136e-41,4.77947974620512e-40,"ENSMUSG00000040990"
1465.80867067329,2.02998333589635,0.152281955032503,2.22656289641139e-41,4.83898408915681e-40,"ENSMUSG00000026259"
309.012199174071,1.82747026892093,0.136988917480544,2.32069190367519e-41,5.03682970773663e-40,"ENSMUSG00000039081"
2253.50448117129,-1.65038741121823,0.123698884179208,2.34794153598707e-41,5.08918672740313e-40,"ENSMUSG00000049303"
5429.62681591194,-0.998085906995615,0.0744704879657101,2.37587899645122e-41,5.14289339152034e-40,"ENSMUSG00000036989"
13758.7957676351,-1.83243069116708,0.13748789910411,2.47159685629098e-41,5.34298188933661e-40,"ENSMUSG00000004151"
948.32158466135,1.20809240851096,0.0903319253980109,2.81858963432335e-41,6.08501353680576e-40,"ENSMUSG00000036192"
1372.65932941627,1.68840844902185,0.126678222844936,2.88512034728795e-41,6.22039589578188e-40,"ENSMUSG00000022332"
1899.53311805958,-8.92945560213242,0.680791364609535,3.0335437829213e-41,6.53174943100435e-40,"ENSMUSG00000032021"
1287.38275742883,1.43171009918406,0.107428610206368,3.70272885761498e-41,7.96208987374592e-40,"ENSMUSG00000030064"
1956.58613791398,1.68279175270073,0.126504183862618,4.04725981892158e-41,8.69146376416958e-40,"ENSMUSG00000021696"
5163.88549916502,1.42239786700883,0.106787118148454,4.39316416436778e-41,9.42186116832394e-40,"ENSMUSG00000031778"
1607.45313493743,-1.06013877427748,0.0794273093450274,4.63764819115709e-41,9.93311016521777e-40,"ENSMUSG00000042487"
31356.065536608,1.99331669317666,0.150222669397496,5.13579231540403e-41,1.09856014862217e-39,"ENSMUSG00000027375"
1036.88499924447,-1.44134957924581,0.108337311359017,5.26759576094085e-41,1.1252745905065e-39,"ENSMUSG00000028795"
2322.3002901249,1.53426673596911,0.11544898116653,5.70399582663057e-41,1.21690228133542e-39,"ENSMUSG00000041362"
6456.96236400721,-2.06971563553439,0.156192381658949,5.78648553727319e-41,1.23288496826876e-39,"ENSMUSG00000029471"
1109.56643243303,2.07705684249613,0.156954977080044,6.70746656766152e-41,1.42724367043653e-39,"ENSMUSG00000022864"
863.303659831918,-10.4437605587093,0.773096272383879,8.29653035755127e-41,1.76306685587754e-39,"ENSMUSG00000032446"
496.509017746618,-1.37858025565682,0.103934160435585,8.70288030315009e-41,1.84700763461118e-39,"ENSMUSG00000039201"
405.02685303656,2.3537407220791,0.178566582150976,9.60023403510943e-41,2.0347996044728e-39,"ENSMUSG00000021287"
7916.78400483052,1.42613269264731,0.107654188615866,1.17733710500867e-40,2.49215778872967e-39,"ENSMUSG00000038936"
1040.32346240797,1.25479810711503,0.0946329096708687,1.21908535942075e-40,2.57383547090155e-39,"ENSMUSG00000009621"
244.776506097867,1.94654398170427,0.147416004227168,1.21862003397078e-40,2.57383547090155e-39,"ENSMUSG00000028977"
1538.80234656042,1.9358802625714,0.146723803079069,1.37547381759741e-40,2.90025424907392e-39,"ENSMUSG00000006390"
10777.2806356189,-1.11185316622014,0.0840100547141372,1.89667135198196e-40,3.99405126359151e-39,"ENSMUSG00000037902"
907.111072394401,-1.20701357867643,0.0912524799114504,1.90551286695978e-40,4.00748558764488e-39,"ENSMUSG00000038119"
13326.9673898052,-0.76470603426593,0.0576173059900657,2.04729358001229e-40,4.30010901876646e-39,"ENSMUSG00000022415"
3697.62061627163,1.26349354399001,0.0956568599276105,2.27771618129284e-40,4.77792061843877e-39,"ENSMUSG00000027187"
1449.27787660743,-1.10768522150081,0.0838295217310042,2.6197819703447e-40,5.48839265293063e-39,"ENSMUSG00000049097"
10321.2837053294,0.72081639232581,0.0544309603407548,3.10806067337497e-40,6.50295779449842e-39,"ENSMUSG00000024381"
1351.01779803015,2.56820309421578,0.196134940015173,3.62829812911676e-40,7.58169922281933e-39,"ENSMUSG00000040690"
1494.40843427299,-1.00584533441069,0.0762029653261871,3.69696713252133e-40,7.71528602348489e-39,"ENSMUSG00000015711"
1496.14057059562,2.80360028687055,0.214312168049203,4.09872206932568e-40,8.54276540902476e-39,"ENSMUSG00000004366"
2554.94798154186,1.20461234371261,0.0915379821694961,4.79424579646797e-40,9.9796333855378e-39,"ENSMUSG00000040234"
2968.64511999276,1.55337360366676,0.11834738308336,4.98425163467884e-40,1.03618963102557e-38,"ENSMUSG00000030685"
10042.082926425,2.29149153155088,0.175709927137161,5.03663385963474e-40,1.04574395366243e-38,"ENSMUSG00000026879"
471.056877905457,1.64175185575306,0.125105928997417,5.17390730731576e-40,1.07287723756033e-38,"ENSMUSG00000044499"
179.118520967977,2.52714767402849,0.193532255028288,5.26998112841334e-40,1.09140906880804e-38,"ENSMUSG00000079304"
26334.2089839163,2.249266594765,0.173339294576334,5.68890456637731e-40,1.1766707564357e-38,"ENSMUSG00000022055"
2675.81036089896,-1.66956196263975,0.127425392740941,5.90821310887401e-40,1.22048087546004e-38,"ENSMUSG00000049176"
11017.141370767,1.09288529785524,0.083203484870665,7.92405236939877e-40,1.63482540518471e-38,"ENSMUSG00000029426"
5846.36246719743,-1.31345939237143,0.10020201245648,8.00353334624456e-40,1.64913311152113e-38,"ENSMUSG00000037386"
10110.5293953213,-1.16427512976184,0.0887922208219816,8.83920835648124e-40,1.81902191690015e-38,"ENSMUSG00000004455"
361.572683216429,2.15587547415896,0.165198646464543,8.88673723908262e-40,1.82649379769933e-38,"ENSMUSG00000034842"
438.206297212562,1.5695423572721,0.1200688404553,1.01871525336931e-39,2.09112823383929e-38,"ENSMUSG00000073600"
240.174853900998,-2.51671484222074,0.193486339342608,1.07587640780138e-39,2.20568213679985e-38,"ENSMUSG00000021359"
2823.81566559697,1.49846811529076,0.11462519322312,1.0774819753583e-39,2.2061951691676e-38,"ENSMUSG00000023915"
268.870564377199,-1.66098597764647,0.127169777086376,1.07937800570441e-39,2.20730090161513e-38,"ENSMUSG00000031283"
3686.21247309433,1.57771602276567,0.120775328204067,1.08464598352582e-39,2.21529075531158e-38,"ENSMUSG00000041992"
3281.87669914579,-1.52077108398115,0.116421688077484,1.13692432035938e-39,2.31915464746992e-38,"ENSMUSG00000055485"
736.799362620738,1.72665213910378,0.132430134859493,1.25570685390838e-39,2.55824733015277e-38,"ENSMUSG00000037225"
1826.8064578412,-1.23179929034269,0.094186990449416,1.30614991990242e-39,2.65768854952145e-38,"ENSMUSG00000001632"
4180.31625505919,-1.58141088019484,0.121206464566292,1.32023768803503e-39,2.68299988587193e-38,"ENSMUSG00000056073"
7473.34343441846,-1.26441055215382,0.096727545374444,1.3748729327319e-39,2.79054633404114e-38,"ENSMUSG00000035891"
1710.84083904491,1.34447717113684,0.102936729343097,1.44224171376083e-39,2.92363768575328e-38,"ENSMUSG00000020100"
20265.7606609015,2.12333883292754,0.163272203294346,1.57121246746304e-39,3.1811189733039e-38,"ENSMUSG00000093930"
1452.40046498286,-1.7404068620693,0.133764265954497,1.73302265196873e-39,3.50436555636609e-38,"ENSMUSG00000040373"
273.740778542665,2.28434938712772,0.176034485358002,1.77197113269186e-39,3.57867817592532e-38,"ENSMUSG00000054150"
1530.28036693276,-1.85043437183989,0.14237715480792,2.02790117183429e-39,4.09048020757356e-38,"ENSMUSG00000036913"
982.380358269074,1.84981888917815,0.142296842481765,2.0526072323098e-39,4.13519065934889e-38,"ENSMUSG00000022537"
2288.10925146867,-1.09910633906898,0.0842287043331063,2.25699537827477e-39,4.54133136805398e-38,"ENSMUSG00000069495"
710.471214480952,-1.51667192555694,0.116818472139913,2.95430227557532e-39,5.93705338787841e-38,"ENSMUSG00000020083"
661.001403100198,1.20828584570415,0.092892453462026,3.41580834855363e-39,6.85604541279359e-38,"ENSMUSG00000025239"
577.142918847149,1.86646450609847,0.144041177162987,3.46649286080095e-39,6.94920822513766e-38,"ENSMUSG00000025221"
570.162243507192,1.5668550803871,0.120755112732095,3.87296475577731e-39,7.7545043412722e-38,"ENSMUSG00000045625"
4137.2152742179,1.6078915049815,0.124034345607614,3.93454288609652e-39,7.8681190540392e-38,"ENSMUSG00000055717"
4255.88570985712,-0.986517520078269,0.075768598616423,4.00114725857346e-39,7.99149387424034e-38,"ENSMUSG00000031749"
3651.25528366147,-0.901316199821962,0.0692367323305264,4.54090191779544e-39,9.0584315463081e-38,"ENSMUSG00000005698"
7263.33290491248,1.0814706930818,0.0832154584963127,4.60203324935389e-39,9.16914286817413e-38,"ENSMUSG00000032320"
1025.18773485774,1.83477476296679,0.141900469678792,4.68112286631025e-39,9.31532005107558e-38,"ENSMUSG00000026778"
233.988689442398,-2.56652425561424,0.199238269225325,4.83546212348329e-39,9.61070237436642e-38,"ENSMUSG00000034652"
1634.55947692981,1.92282971145323,0.148895089889674,5.51259406606013e-39,1.09431714886984e-37,"ENSMUSG00000031561"
4328.49507950752,1.7835072875049,0.13814595106294,6.51442916296951e-39,1.29161848860923e-37,"ENSMUSG00000031596"
5636.64064473556,-1.0388566344454,0.0800747534649525,6.66166777415592e-39,1.31920472053175e-37,"ENSMUSG00000038141"
2613.3102362382,-1.2699676505275,0.0980777799181302,6.71711947048865e-39,1.32856951082156e-37,"ENSMUSG00000032036"
2958.75031645981,-1.96149618487004,0.152155416625974,6.99298175140201e-39,1.38145336103546e-37,"ENSMUSG00000004347"
1247.5570988203,1.79206042693976,0.13891615113647,7.08400321041557e-39,1.39773823344418e-37,"ENSMUSG00000030638"
4130.71633494829,1.15397229276086,0.0890651871201178,7.44392087726228e-39,1.46697510944401e-37,"ENSMUSG00000024516"
1137.51149939003,-1.0831132759019,0.0835783169178781,7.630860049665e-39,1.50199685475752e-37,"ENSMUSG00000020547"
1737.69987978146,1.07096418969782,0.0827197414206228,9.25504339668449e-39,1.81948787936268e-37,"ENSMUSG00000048100"
576.054121232392,-1.62494636932546,0.126089391138817,9.27189426538748e-39,1.820601867937e-37,"ENSMUSG00000060275"
1229.56112342571,1.37646476111245,0.106580426343337,9.34886642230743e-39,1.83350418822073e-37,"ENSMUSG00000025812"
2136.08542302932,1.99724602319063,0.155126126411786,9.48354628948186e-39,1.85767950060392e-37,"ENSMUSG00000011148"
7109.3460679981,-1.27317402381011,0.098621101141985,1.11605742485753e-38,2.18355562041236e-37,"ENSMUSG00000070047"
311.89722536972,-3.54883731242219,0.277139711142826,1.19620345804402e-38,2.33755100720774e-37,"ENSMUSG00000042631"
312.829686761412,1.85989800060135,0.144716648827284,1.20754560598417e-38,2.35688577628422e-37,"ENSMUSG00000086596"
903.741749308628,1.18190350736093,0.0915456813554696,1.26270862612272e-38,2.4616013192845e-37,"ENSMUSG00000044968"
599.504974771475,-2.2555667364154,0.175959258715105,1.40499744978008e-38,2.7357115415694e-37,"ENSMUSG00000024827"
1780.13682391007,13.4342934295951,1.3286423019127,1.40692424444773e-38,2.73619030479333e-37,"ENSMUSG00000020875"
422.398956368911,2.66843938402673,0.208218593030896,1.41132652390874e-38,2.74147651028478e-37,"ENSMUSG00000043673"
2703.97063537982,6.18969238747389,0.485441899916362,1.53563677923776e-38,2.97939159623746e-37,"ENSMUSG00000024164"
3983.26848511613,0.994756541933903,0.0770253114035543,1.56833150570119e-38,3.03920241069096e-37,"ENSMUSG00000070733"
14040.4647774717,-1.51994480024729,0.117855991389342,1.57712758008787e-38,3.05261388212489e-37,"ENSMUSG00000035133"
7124.06657606221,1.27628263811625,0.0990491532357961,1.59777148547283e-38,3.08889836585828e-37,"ENSMUSG00000081534"
601.620365949218,2.47099719372435,0.192879145554626,1.61332037003939e-38,3.11525847965613e-37,"ENSMUSG00000045532"
1467.4753549166,-1.7309612031204,0.135461185498706,1.83782570778568e-38,3.54456479518191e-37,"ENSMUSG00000055214"
1622.55533236134,0.978339421778477,0.0758596585729678,2.01327252989808e-38,3.87834914102732e-37,"ENSMUSG00000037138"
1309.29317889417,1.08773552533008,0.0845101142149516,2.30696664994803e-38,4.43886561794965e-37,"ENSMUSG00000036158"
2522.39843597232,-1.19583144112349,0.0930924371616548,2.74605973871171e-38,5.27749237623957e-37,"ENSMUSG00000049295"
185.282235973958,-2.59902566542197,0.203561393476356,2.80788075921607e-38,5.38993903284424e-37,"ENSMUSG00000026525"
5758.28501240973,-0.917735498900576,0.0712735798272489,2.8173624662832e-38,5.40176987351683e-37,"ENSMUSG00000029169"
4478.50374575056,1.28574618727964,0.100121220642142,2.82290001681928e-38,5.40601958515108e-37,"ENSMUSG00000035469"
2811.78180020405,-1.06486900121712,0.0829181783039831,3.57836225541089e-38,6.84472159736527e-37,"ENSMUSG00000027950"
15185.6211406649,1.24842896240288,0.0973264319362779,3.6802910951111e-38,7.03142939509607e-37,"ENSMUSG00000048142"
180.012318973848,-3.66306830458514,0.287514004403516,3.8924509159105e-38,7.42805580412557e-37,"ENSMUSG00000019230"
38516.0317617693,0.925601986133063,0.0719866788202894,3.91691218039019e-38,7.46598319348846e-37,"ENSMUSG00000024758"
252.492328261752,2.57294083694818,0.20235005500212,4.06486511352152e-38,7.73893266876061e-37,"ENSMUSG00000041482"
1236.72577805929,-1.0317834650018,0.0804759181724567,4.51516555675562e-38,8.58619917440046e-37,"ENSMUSG00000035686"
1359.76425687113,2.31069353378937,0.181573807693054,4.5438694985293e-38,8.63070101482612e-37,"ENSMUSG00000022723"
3058.61347025467,1.03732337159871,0.0808000407309278,4.63942419818021e-38,8.80192856619785e-37,"ENSMUSG00000020640"
1738.1606697416,0.917704834198422,0.071486041734374,4.85031365288597e-38,9.19131613989264e-37,"ENSMUSG00000023923"
4037.87466838145,-1.48228021247198,0.116063022983409,5.23737197133024e-38,9.9132489475946e-37,"ENSMUSG00000075702"
1252.61002044818,0.958986591483663,0.0748054991579165,5.58574468062628e-38,1.05539319571218e-36,"ENSMUSG00000037949"
18721.8955738476,1.10672939301618,0.0867674301627107,5.58882500739588e-38,1.05539319571218e-36,"ENSMUSG00000045962"
19996.5435049409,1.43816370756211,0.112494539813511,5.85051251577662e-38,1.10353004324232e-36,"ENSMUSG00000026991"
7524.76063873325,1.55437951786473,0.121811598748985,6.0265033634132e-38,1.13540997395417e-36,"ENSMUSG00000043388"
6054.12282464176,1.54622006040399,0.121229338742092,6.1207182960612e-38,1.1518271956449e-36,"ENSMUSG00000034210"
26524.3544836926,2.719231380388,0.214156470175616,6.19330450910648e-38,1.16414100230064e-36,"ENSMUSG00000022054"
7924.722871746,2.13662934168087,0.16814173509267,7.04474854646585e-38,1.3226576336721e-36,"ENSMUSG00000051111"
162.158168949116,3.34210829150059,0.263660329852832,7.68076991957199e-38,1.44040982431789e-36,"ENSMUSG00000024517"
344.629582760535,2.56073133925237,0.202112378455949,8.25784537911216e-38,1.54684933350043e-36,"ENSMUSG00000010021"
2582.68214845521,-1.31059787658754,0.102943570399477,1.03612664206098e-37,1.938628675801e-36,"ENSMUSG00000041598"
723.060366134567,1.21380039532463,0.0953136337152118,1.14999280579555e-37,2.14920584302411e-36,"ENSMUSG00000021217"
2997.61415515464,-1.84358006794036,0.145439104304169,1.23447009147872e-37,2.30443854920763e-36,"ENSMUSG00000035226"
409.643478970304,2.80226070127856,0.222329120174812,1.84933516243268e-37,3.44827924101709e-36,"ENSMUSG00000007480"
242.559111246857,1.7423429122778,0.137650044201196,1.90126805438504e-37,3.54105736719447e-36,"ENSMUSG00000026418"
44425.9952030066,2.38151203734175,0.189339666165432,2.08099784382937e-37,3.87136947449765e-36,"ENSMUSG00000032554"
3131.02864200513,1.01505588423206,0.0799444732856592,2.53361842965586e-37,4.70801835592901e-36,"ENSMUSG00000039735"
3893.79383967474,-1.03387378924038,0.0815233083370836,2.88577569101578e-37,5.35628924724686e-36,"ENSMUSG00000021133"
941.193221512436,2.41433320192539,0.191981702753798,3.25949226024126e-37,6.04305410161814e-36,"ENSMUSG00000050321"
1741.45536939876,1.15927112126799,0.0915672513320041,3.3106176449198e-37,6.13085711308355e-36,"ENSMUSG00000041423"
1227.18534236521,1.49072829918542,0.118084989692343,3.47141443324346e-37,6.42132774367466e-36,"ENSMUSG00000025856"
2431.72151046195,-1.30689486201978,0.103451280852977,3.57258331455129e-37,6.60096608334459e-36,"ENSMUSG00000038766"
14722.9454765936,-1.99826251406994,0.158791554513858,3.97799926611621e-37,7.34170884964168e-36,"ENSMUSG00000030655"
963.625106591559,-2.27528837125661,0.181159135004477,4.00554021162137e-37,7.38416574912487e-36,"ENSMUSG00000028661"
862.486185653349,2.00378755625902,0.159622466500431,5.75060253264503e-37,1.05891751161081e-35,"ENSMUSG00000091735"
4291.97027996988,-1.00061014885148,0.0792372585098273,6.2366037535269e-37,1.14711227005549e-35,"ENSMUSG00000042249"
740.411341188268,-1.14643721604421,0.0910446423062126,7.6389458563853e-37,1.40346230982212e-35,"ENSMUSG00000029863"
1257.60678661475,-1.24729273021756,0.0991630073127113,8.00496912211471e-37,1.46905171781041e-35,"ENSMUSG00000048285"
529.798768907075,2.7462724559244,0.219980564767699,8.09789146391274e-37,1.48443105010779e-35,"ENSMUSG00000040605"
222.371000940836,2.35390932866071,0.188277989788362,8.53651234488848e-37,1.56307478009105e-35,"ENSMUSG00000026786"
107.793058880301,-2.86937527180205,0.230212632065824,1.10709663041534e-36,2.02486729774168e-35,"ENSMUSG00000027376"
5375.82551503685,1.8786326220766,0.150230485528666,1.15101016097362e-36,2.10282193045215e-35,"ENSMUSG00000014846"
2285.45501662141,1.62347882798167,0.129708454757031,1.17943416585988e-36,2.15233512913309e-35,"ENSMUSG00000031990"
163.517265580242,3.80297236821067,0.305967060719542,1.19239230098215e-36,2.17354556275334e-35,"ENSMUSG00000058669"
154.414367183433,7.32530141969536,0.577566960468698,1.23252840714249e-36,2.24419434132724e-35,"ENSMUSG00000067724"
1902.90801274623,1.58936256383675,0.127019515231879,1.26612175021418e-36,2.30278545809905e-35,"ENSMUSG00000019055"
34939.6479068304,1.75704732294791,0.140476890282947,1.33642691423323e-36,2.42794166405006e-35,"ENSMUSG00000006782"
332.779019581604,-2.15294643767065,0.172571694638054,1.38742864524073e-36,2.5177885715974e-35,"ENSMUSG00000068323"
2567.63963458294,1.63088081406002,0.130467036801926,1.44957936138284e-36,2.62764508291647e-35,"ENSMUSG00000022678"
3343.08129582774,-0.86017280201411,0.0684109864369938,1.48035011950085e-36,2.68043818078253e-35,"ENSMUSG00000021062"
838.650058562328,-1.53676652894646,0.122916946868891,1.54148341617525e-36,2.78802967205563e-35,"ENSMUSG00000039384"
359.200264478152,1.44650417141741,0.115597060582762,1.58244745374985e-36,2.85894335761821e-35,"ENSMUSG00000068522"
20636.2023392332,-0.986964342735235,0.0786569111855283,1.64744023248732e-36,2.97306342621159e-35,"ENSMUSG00000027634"
2003.12896280447,-1.73626299888965,0.139276884336207,1.94700310062672e-36,3.50978034019952e-35,"ENSMUSG00000027035"
4014.52549457902,-1.17502723908038,0.0939506848442061,2.19309593053235e-36,3.9490282696024e-35,"ENSMUSG00000040896"
531.349603042498,2.49429245335065,0.200909606069703,2.26565200005209e-36,4.07516942064618e-35,"ENSMUSG00000019359"
113.748396665793,-4.20633932183673,0.338567585887832,2.28913519922754e-36,4.11286344073133e-35,"ENSMUSG00000057457"
7207.87800272438,-0.893397559645114,0.0717481034856036,2.32621886229763e-36,4.17488320181706e-35,"ENSMUSG00000002957"
106.877911629464,3.43664486081494,0.276507139858275,2.37550915375831e-36,4.25864956000857e-35,"ENSMUSG00000050600"
680.804962934143,-14.8364873554939,3.45230431437294,2.53476725617873e-36,4.53915746931545e-35,"ENSMUSG00000027855"
8748.88883821868,-0.919411366481393,0.0739052447419036,2.70622439732754e-36,4.84087041095579e-35,"ENSMUSG00000024750"
2854.19413959203,-1.23557464353318,0.0990081613865696,2.82049265017859e-36,5.03973428755293e-35,"ENSMUSG00000056296"
593.86728288041,1.63894792538564,0.131721547702237,2.92663406553218e-36,5.22365672354527e-35,"ENSMUSG00000035413"
510.04210710964,1.90108105676188,0.153188245912193,2.96033119387737e-36,5.27801436735332e-35,"ENSMUSG00000066113"
1230.13146415491,1.13056811517244,0.0905238190560047,3.10810891148095e-36,5.53542635241651e-35,"ENSMUSG00000020882"
209.547889017009,2.95387422136302,0.238307508781249,3.11991671704183e-36,5.5503829857931e-35,"ENSMUSG00000047904"
288.56114544114,4.1368207760119,0.334716962074987,3.21392914496615e-36,5.71139067923134e-35,"ENSMUSG00000058743"
2556.86758950797,1.10080064666527,0.0883760501015638,4.63870402604897e-36,8.23433196685116e-35,"ENSMUSG00000041073"
11079.6761825351,-1.30707044819443,0.105173460782736,4.74999389237336e-36,8.42270158824113e-35,"ENSMUSG00000036591"
205.839933245156,2.98172361557002,0.241217529853187,4.96744217465313e-36,8.79869681381977e-35,"ENSMUSG00000019768"
3172.90592385112,-4.16141516772696,0.338014766247771,5.14653190557019e-36,9.10600503900778e-35,"ENSMUSG00000038128"
4502.93725168403,1.34697119235659,0.108458867238335,5.46478721467666e-36,9.65861088822004e-35,"ENSMUSG00000034714"
110.981513128639,3.67642711038557,0.298227911703063,5.68589230381132e-36,1.00384983645814e-34,"ENSMUSG00000027318"
459.364200098615,2.35931601082962,0.191205906411818,5.7698590950322e-36,1.01757059966342e-34,"ENSMUSG00000048782"
1735.04115334799,-1.22657023546708,0.0987334605425713,5.87813892452867e-36,1.03554486378223e-34,"ENSMUSG00000063108"
4954.79444282397,1.90498231055392,0.154011410511253,6.01261945894025e-36,1.05809102219059e-34,"ENSMUSG00000008393"
492.255487597247,1.29749005830446,0.104523682054379,6.08821138193105e-36,1.0702365537265e-34,"ENSMUSG00000021057"
3174.85922085715,-0.936166517933304,0.0752476152653867,7.16346630054855e-36,1.25789540928079e-34,"ENSMUSG00000037519"
3164.48649579328,1.23865090999923,0.0998070142730494,7.29372246158293e-36,1.27938808437119e-34,"ENSMUSG00000042613"
5305.14074615566,-1.58507767824727,0.128361728257582,9.9897864040319e-36,1.75041704074092e-34,"ENSMUSG00000061859"
4818.26811587114,0.883349100241395,0.0711261053447093,1.03026035886233e-35,1.80328797006032e-34,"ENSMUSG00000052852"
124.507041190911,2.46073879326724,0.200155081970174,1.20388953952848e-35,2.10493167824324e-34,"ENSMUSG00000074489"
4696.87337324373,-0.965421692228354,0.0779881863437147,1.36236939019949e-35,2.37946876970678e-34,"ENSMUSG00000023050"
923.007391373057,1.24173716288168,0.100539807931299,1.40928292661499e-35,2.45876821858937e-34,"ENSMUSG00000030409"
1737.91409272063,1.98201953566907,0.161262118349133,1.45442123115655e-35,2.53480394012488e-34,"ENSMUSG00000022790"
8238.47001960882,-1.18539103473459,0.0959788171203121,1.47725649077312e-35,2.57184825206468e-34,"ENSMUSG00000058589"
427.950667133611,1.95199074253891,0.158905890085287,1.70048711386064e-35,2.9573214999384e-34,"ENSMUSG00000033170"
996.678796685349,-1.52084387347415,0.123499424853682,1.70509506919672e-35,2.96217049481156e-34,"ENSMUSG00000055116"
2097.8670740853,-0.830013474761439,0.067050873392016,1.73789949603273e-35,3.01594115100434e-34,"ENSMUSG00000054484"
395.791753274263,2.1137622216401,0.172104868597659,1.74958555386495e-35,3.03298760871286e-34,"ENSMUSG00000036437"
115.624228442605,-2.51196015650414,0.204832692059292,1.96174571197268e-35,3.39715922335013e-34,"ENSMUSG00000028718"
3459.56101621395,1.48935498960556,0.121099216024327,2.04572914297311e-35,3.53882879801448e-34,"ENSMUSG00000022231"
1329.68645682639,-1.71191029630874,0.139681193291771,2.74533461808433e-35,4.74400816488075e-34,"ENSMUSG00000033854"
359.212025649989,1.67871389342329,0.13694616327079,2.77456725686553e-35,4.78943857977276e-34,"ENSMUSG00000028176"
5518.21392869463,-1.11912549773772,0.0909686531554688,2.95682370375631e-35,5.09864155187978e-34,"ENSMUSG00000020644"
997.418339501535,-1.510513337906,0.123202885263524,3.29084206676682e-35,5.66860604897676e-34,"ENSMUSG00000091636"
144.929151710055,-2.91052634725661,0.238876346005014,3.466144578894e-35,5.9642601961138e-34,"ENSMUSG00000036169"
4255.49079624592,0.814942986020911,0.0661118129533112,3.60471332984341e-35,6.19614821364213e-34,"ENSMUSG00000055407"
4137.29133655679,1.30145003550748,0.106080202949761,3.84483000887818e-35,6.60191380638386e-34,"ENSMUSG00000021130"
596.921091173727,2.07522721852215,0.169950373483104,3.99856709053456e-35,6.85865912536582e-34,"ENSMUSG00000057777"
2749.3410010553,-0.876445051924871,0.0712444995570106,4.33638676489561e-35,7.43028460620744e-34,"ENSMUSG00000066760"
456.128590143862,1.61014924577104,0.131821207254219,4.73386107787345e-35,8.10281710048623e-34,"ENSMUSG00000035513"
1048.80592488171,-1.23155138225921,0.100569264585716,5.09487971944928e-35,8.71160210852892e-34,"ENSMUSG00000078670"
5646.34782468559,2.29069968230406,0.188521488737087,5.21349887004195e-35,8.90507183699295e-34,"ENSMUSG00000055945"
26853.0261572321,1.30629488815083,0.10668792703637,5.24935952587899e-35,8.95692603377969e-34,"ENSMUSG00000064373"
2000.17238373388,-1.07984092109744,0.0880598185570016,5.37229584728746e-35,9.15709233530317e-34,"ENSMUSG00000032897"
382.063009325045,-1.46043091641904,0.119498291093223,5.58867478379398e-35,9.51594645717557e-34,"ENSMUSG00000018648"
70.8584716909182,-4.62663346681615,0.379234215602395,6.66515621215554e-35,1.13370337326508e-33,"ENSMUSG00000049709"
2286.71635867186,1.34820379478503,0.110348644739103,6.69322363819926e-35,1.13728908541344e-33,"ENSMUSG00000059743"
3112.12096407718,-0.807268735794705,0.0657714110550251,6.71402771332491e-35,1.13963444335248e-33,"ENSMUSG00000024242"
814.415467827613,-1.34243826674256,0.109901301000338,6.86806448555348e-35,1.16456618433166e-33,"ENSMUSG00000054733"
193.642672883605,-4.26979623256278,0.354747263833349,7.36659324011954e-35,1.24779817651057e-33,"ENSMUSG00000032717"
13284.419714214,-1.60776899698126,0.131246526703519,7.69271085300607e-35,1.30168344350554e-33,"ENSMUSG00000030465"
21406.0240379275,-2.38065203226684,0.196411174850323,8.75559171881761e-35,1.47999503633347e-33,"ENSMUSG00000056608"
156.793614001886,2.15354220711448,0.17768328152812,1.05440572363567e-34,1.78045812959973e-33,"ENSMUSG00000010461"
1076.63251992545,1.21433361081074,0.099568962415945,1.0647345311855e-34,1.79603613457384e-33,"ENSMUSG00000027864"
17379.5039241679,-1.25798150678972,0.103479544972706,1.08425336973936e-34,1.82706794540552e-33,"ENSMUSG00000022456"
1122.690173839,-1.99588767108458,0.16466804174819,1.16434980211736e-34,1.96000890164079e-33,"ENSMUSG00000061654"
222.982811776791,2.84687856907456,0.235662758378915,1.2344645902683e-34,2.07588993805654e-33,"ENSMUSG00000022758"
147.545483167719,2.97959567983747,0.246564776215583,1.54714810994054e-34,2.59901722741096e-33,"ENSMUSG00000024907"
903.346380072529,12.6458378509219,1.32189524476168,2.01187722367808e-34,3.3762203553641e-33,"ENSMUSG00000038227"
20421.0465792046,2.16812295966963,0.181061074648157,2.03301432831422e-34,3.4081778822141e-33,"ENSMUSG00000037625"
392.425211940959,2.64068766832982,0.218970145102356,2.14265454664105e-34,3.58828505249208e-33,"ENSMUSG00000021260"
460.27991733206,2.96957530045091,0.246687748197306,2.27909391372155e-34,3.81285618988277e-33,"ENSMUSG00000024798"
1254.69740508633,1.48194408115338,0.122383635826126,2.34766339231564e-34,3.92353847023758e-33,"ENSMUSG00000049493"
1106.6479492406,1.58534934282038,0.131111641815103,2.36466880604865e-34,3.94790552049845e-33,"ENSMUSG00000044037"
1406.44511026875,-0.861614719473485,0.0708332831982207,2.41808935861605e-34,4.03295682167541e-33,"ENSMUSG00000034685"
2960.50488946083,-1.0024719800388,0.0825342469145577,2.50463629304638e-34,4.17302656890574e-33,"ENSMUSG00000033319"
2035.14949704151,-1.33173753194319,0.110057840089411,2.83968208751761e-34,4.72641564627931e-33,"ENSMUSG00000031772"
6617.80219233382,1.11167072627409,0.091982671112417,3.12836070164299e-34,5.20157870289526e-33,"ENSMUSG00000022044"
1178.14453067439,1.15587833100032,0.0954341766908578,3.14786389971261e-34,5.22866617954305e-33,"ENSMUSG00000022321"
252.093267889947,2.01930172430072,0.167707687336952,3.46782169541561e-34,5.75425092334101e-33,"ENSMUSG00000024713"
16568.9240963842,2.42714823699762,0.202044752402852,3.76434982849615e-34,6.23992734300004e-33,"ENSMUSG00000020396"
1252.61860206018,2.77113912140201,0.231145696937469,3.83525135481655e-34,6.35098896782338e-33,"ENSMUSG00000057969"
898.35847523635,-1.73569357085312,0.14426858546013,4.34359865156072e-34,7.18547752541721e-33,"ENSMUSG00000036103"
439.444484960073,-1.20727449025842,0.0999531812044904,4.36820273577535e-34,7.21884305918285e-33,"ENSMUSG00000036934"
10145.3263786596,-2.20254639109542,0.183634439794363,4.39856764675364e-34,7.2616515369022e-33,"ENSMUSG00000028906"
333.10901607821,1.87666089949348,0.156098184480784,4.42840219539109e-34,7.30349857513437e-33,"ENSMUSG00000031963"
270.137253817991,1.78941183665064,0.148808334987095,4.92186392988223e-34,8.10911953953674e-33,"ENSMUSG00000028024"
11905.0924127666,0.946272554248634,0.0782317132103015,5.01935150340105e-34,8.26137550782227e-33,"ENSMUSG00000068747"
5175.02214205275,-2.10939427560526,0.17595734360364,5.14222077227076e-34,8.45505754858823e-33,"ENSMUSG00000037541"
2964.39661098694,0.869854551176826,0.0718986660166031,5.39824227634834e-34,8.86706233848621e-33,"ENSMUSG00000004040"
625.018052276774,1.59097280324351,0.132345100131126,5.58627906646607e-34,9.16667849233212e-33,"ENSMUSG00000048277"
4810.60099587893,-1.12709702143525,0.0935493971459245,6.5550260435958e-34,1.07454898225229e-32,"ENSMUSG00000025189"
1762.84827410018,-1.51355775520852,0.125998000795211,6.75626561197611e-34,1.10642345705983e-32,"ENSMUSG00000090799"
79.7966720406725,3.99285931653215,0.332519448761651,6.82198733401702e-34,1.11606341530783e-32,"ENSMUSG00000014704"
218.006316266192,-4.19961316845122,0.355830569831401,7.25221821613808e-34,1.1852571096616e-32,"ENSMUSG00000028011"
365.158767111884,2.53828920956397,0.213061279921027,7.78291872655355e-34,1.27071565728023e-32,"ENSMUSG00000025885"
4952.95320347153,1.30266998832306,0.108378731522933,7.91932141605108e-34,1.29169052114709e-32,"ENSMUSG00000003534"
154.989300505858,-2.32138053772165,0.194404565155062,7.97160688214706e-34,1.29891708536126e-32,"ENSMUSG00000029641"
1868.53227501143,-1.46499302245356,0.122133245400325,8.42418159134395e-34,1.37128827943897e-32,"ENSMUSG00000025323"
137.488477821672,-2.18867258032349,0.1829851541592,9.00060591082714e-34,1.46365497518925e-32,"ENSMUSG00000041845"
756.635028366787,-0.987942212487791,0.0820764576826164,9.40224839582044e-34,1.52744310765634e-32,"ENSMUSG00000060427"
8745.97256655934,-0.998998909140407,0.0830183708047209,9.75702167617264e-34,1.5834974959595e-32,"ENSMUSG00000040037"
1223.47952886165,1.33924738835337,0.111687004960954,1.12178912179058e-33,1.81877323949273e-32,"ENSMUSG00000053550"
2653.53432842774,0.848096712883856,0.0704711182888577,1.15817656556707e-33,1.87590031187072e-32,"ENSMUSG00000106379"
1357.29472030924,-0.810145682436281,0.0672984699803766,1.19778619578311e-33,1.93812760387251e-32,"ENSMUSG00000109865"
1439.35121483694,1.28153131751216,0.10698479906946,1.28914602746257e-33,2.08388471052987e-32,"ENSMUSG00000021306"
13425.322512674,0.901806563582653,0.0751426722152911,1.31635222349612e-33,2.1257521323482e-32,"ENSMUSG00000028149"
3322.48593348663,-0.882535827476723,0.0733835689085216,1.44019264557359e-33,2.3234346763773e-32,"ENSMUSG00000028060"
474.452329963889,-14.2350775902752,3.36325835296106,1.50868699735109e-33,2.43152543988922e-32,"ENSMUSG00000090461"
10755.787315055,1.30224276630267,0.108762467524185,1.52082987114944e-33,2.44867147799906e-32,"ENSMUSG00000015149"
3247.91750604926,-1.88215402197456,0.158119513813822,1.64933510387089e-33,2.65295225502078e-32,"ENSMUSG00000030172"
1186.17633681221,1.2048886910674,0.100645904672943,1.6872966394899e-33,2.71133412612208e-32,"ENSMUSG00000025475"
2675.64138098898,1.266671670901,0.105957950143007,1.83186885008774e-33,2.94074567472665e-32,"ENSMUSG00000035566"
150.091413607895,2.53045073691845,0.213198956520227,1.85035758723897e-33,2.967499586707e-32,"ENSMUSG00000098112"
730.621829725979,3.33933386177349,0.282193750664936,1.88375736285651e-33,3.01809078273408e-32,"ENSMUSG00000048988"
9868.20260371801,-1.5646352547503,0.130784961429527,1.91637153957314e-33,3.06732506599524e-32,"ENSMUSG00000070304"
1212.66009121532,12.0082013123977,0.979986756955359,2.07485897676002e-33,3.31773619093316e-32,"ENSMUSG00000001657"
324.251080526712,3.06422606072766,0.258425863036986,2.09572036288214e-33,3.34780530588769e-32,"ENSMUSG00000030043"
1231.60270994743,1.63595126834086,0.137437107233396,2.16369019123959e-33,3.45299499343117e-32,"ENSMUSG00000011256"
2402.1106503956,0.825981104699568,0.0689099913600645,2.2582515470198e-33,3.60037401394596e-32,"ENSMUSG00000022270"
267.688298566594,2.41148282511116,0.203322449703304,2.34099705735376e-33,3.72864482383606e-32,"ENSMUSG00000033966"
430.841930287765,1.93438989787597,0.162947200751392,2.44325466609039e-33,3.88771255665879e-32,"ENSMUSG00000091002"
715.288171477688,1.15751169055136,0.0969257478473744,2.49627462678539e-33,3.9681990600403e-32,"ENSMUSG00000003348"
3693.10773095643,-1.03191658988204,0.0864131304607208,2.76488384728427e-33,4.39090529425301e-32,"ENSMUSG00000028351"
6541.53446902231,1.46810754769856,0.123338899113426,2.95061101315404e-33,4.68129104016779e-32,"ENSMUSG00000037509"
1056.13811759878,0.98259321170088,0.082269363336555,2.9838137044924e-33,4.72935924846419e-32,"ENSMUSG00000024781"
4958.70680237053,1.43364725533777,0.120528541959174,3.01852474405238e-33,4.7797223524985e-32,"ENSMUSG00000052698"
4123.11682836843,1.38653191526122,0.116520006212276,3.04566531134308e-33,4.81801165578646e-32,"ENSMUSG00000021665"
3569.45898707732,1.25020989119256,0.10510642738684,3.74746705234615e-33,5.92245326971753e-32,"ENSMUSG00000034751"
83.2715416215753,4.9695437924291,0.420044822162921,4.34297590613389e-33,6.85693130941294e-32,"ENSMUSG00000069132"
654.469069963624,2.03838962448191,0.172517862005422,4.62893651909823e-33,7.30133998622877e-32,"ENSMUSG00000031139"
1884.29539960682,-1.37685279417665,0.116216544814601,5.54579287462823e-33,8.73905289575976e-32,"ENSMUSG00000071856"
3617.62176951524,0.964134185386695,0.0810825618732216,5.91874456439973e-33,9.31772959567687e-32,"ENSMUSG00000043154"
74.6248039906823,-5.25540676204566,0.440393859526011,6.23123111886587e-33,9.80019131912065e-32,"ENSMUSG00000043088"
1984.21919373462,1.39314471870452,0.11773838204817,6.70293049796274e-33,1.0531882494772e-31,"ENSMUSG00000022091"
2767.38192982819,-0.870974264628969,0.0733244830552697,7.26252975181849e-33,1.13891579287188e-31,"ENSMUSG00000005802"
1696.38207493817,-1.23994936183963,0.104756919995509,7.25884633618661e-33,1.13891579287188e-31,"ENSMUSG00000030970"
137.809469564707,-2.53711705441521,0.216170812040243,7.41426025064625e-33,1.16159122579422e-31,"ENSMUSG00000071341"
6208.36656644579,-1.16550134469203,0.098441676621575,7.92121941718608e-33,1.23982316993226e-31,"ENSMUSG00000020257"
4133.63802523093,1.44767252894181,0.122537043708918,8.02115042278848e-33,1.2542582764856e-31,"ENSMUSG00000056258"
724.66572661246,-1.48417624754921,0.125792191794836,8.28578552905802e-33,1.29439555510563e-31,"ENSMUSG00000042228"
2656.00387684648,-1.56945773221606,0.13305668938049,8.40606792105041e-33,1.31192688033421e-31,"ENSMUSG00000043843"
2981.49941361232,2.14369734521996,0.182578722437642,8.88078335957014e-33,1.38468765830539e-31,"ENSMUSG00000049583"
10248.8388439847,2.00553596640107,0.170716820846462,8.90079790008411e-33,1.38648027002458e-31,"ENSMUSG00000017466"
34739.5106385994,1.21938911828486,0.103116264144577,9.08087215798752e-33,1.41317817387878e-31,"ENSMUSG00000062078"
798.539318141343,1.82617097925845,0.155270036105336,9.70791213460292e-33,1.50931608144285e-31,"ENSMUSG00000052613"
1891.41917827181,-0.987306185820969,0.0833640734541969,9.78258498758457e-33,1.51947441247998e-31,"ENSMUSG00000022718"
239.65071613242,2.4700991333221,0.210763833784046,1.07669052838448e-32,1.6707691535789e-31,"ENSMUSG00000047495"
447.496788210253,-1.42066102653136,0.1205445658434,1.1995015416498e-32,1.85957010428337e-31,"ENSMUSG00000050138"
10921.0679216253,1.05930164380876,0.0896273498799356,1.21806313583245e-32,1.88654916508855e-31,"ENSMUSG00000033059"
1718.03357581908,1.08452969686516,0.0917929726591943,1.25291225581376e-32,1.93867924906239e-31,"ENSMUSG00000001768"
1347.38379913043,-1.11639540218078,0.0945988235522438,1.30831937494815e-32,2.02249029301102e-31,"ENSMUSG00000061175"
2027.91241682789,-1.10765771960835,0.093879835359623,1.33303211427028e-32,2.05873783264626e-31,"ENSMUSG00000042535"
176.870088275982,2.99634410332129,0.256174259852341,1.39151098886198e-32,2.1470157229095e-31,"ENSMUSG00000005950"
1467.59233651046,-1.30049483027546,0.110518127028748,1.52566311696064e-32,2.35177502063308e-31,"ENSMUSG00000041650"
827.261202685082,1.30084888126575,0.110490965247324,1.56038670556211e-32,2.40302505138505e-31,"ENSMUSG00000031133"
1113.7500996223,-2.17038140060588,0.18558595412465,1.64095079851737e-32,2.52470672006293e-31,"ENSMUSG00000025402"
2150.89745734131,-1.02814138572711,0.0872102007837223,1.73068587039939e-32,2.6602553917244e-31,"ENSMUSG00000031791"
301.219453997213,-1.41114333022317,0.120192292895873,1.81972763809909e-32,2.79448363141293e-31,"ENSMUSG00000050555"
823.053617035908,1.18246719126147,0.100434149013217,1.83568186782453e-32,2.81632699759168e-31,"ENSMUSG00000016179"
1167.76523510952,-1.10357874807136,0.093716102539402,1.85338850924807e-32,2.84081526869493e-31,"ENSMUSG00000035958"
2404.06392262029,1.25259257039538,0.106590215402444,1.87104637747525e-32,2.86518277822597e-31,"ENSMUSG00000051497"
1200.21153895977,-0.926121233821534,0.0785919665787936,2.14203022885492e-32,3.27706466779139e-31,"ENSMUSG00000032965"
151.642581299864,1.97492138684803,0.168967591064205,2.41959863347934e-32,3.69823723528419e-31,"ENSMUSG00000038168"
5351.38210343492,1.04811774651212,0.0891756474094366,2.51260905150432e-32,3.83679644844159e-31,"ENSMUSG00000008035"
235.655500557124,1.92801481576448,0.165080844321552,2.54720887970784e-32,3.88598558049525e-31,"ENSMUSG00000029206"
1929.05384293191,0.893264557616271,0.0758656855667257,2.62331842588112e-32,3.99834993787387e-31,"ENSMUSG00000020142"
1285.3541986003,-0.823768464666365,0.0699785800411037,2.83645020419826e-32,4.31915214442838e-31,"ENSMUSG00000026484"
54972.6076076783,0.881955278192498,0.0749225622176324,2.94022818511432e-32,4.47299386890569e-31,"ENSMUSG00000027523"
11095.5176530364,-0.987669841037532,0.0841315202734568,3.30200147025039e-32,5.01867226262707e-31,"ENSMUSG00000020863"
2048.98259446384,2.74873567587684,0.236922981264412,3.69601950339209e-32,5.61229528696048e-31,"ENSMUSG00000043448"
1289.23123143974,-1.60991718539627,0.138047141149187,3.82554187781648e-32,5.80355737997173e-31,"ENSMUSG00000022180"
5103.17942447487,-0.815488703272263,0.0694500832082674,4.1214942694129e-32,6.24671170554034e-31,"ENSMUSG00000027282"
611.953485069436,-2.06462661371071,0.177703908507223,4.24880620112822e-32,6.4336806829735e-31,"ENSMUSG00000035258"
1076.10236345563,1.77426261346552,0.152458862865262,4.33724997899966e-32,6.5615014087506e-31,"ENSMUSG00000000184"
440.895542173373,2.22244854781587,0.191388441986777,4.43140885711155e-32,6.69772269044214e-31,"ENSMUSG00000039179"
1731.6235878186,-0.835642865732014,0.0712863895809926,5.15637367007054e-32,7.78621990736626e-31,"ENSMUSG00000036186"
8169.2103797264,1.21646603795687,0.104173244352582,5.30974920201545e-32,8.01038901857345e-31,"ENSMUSG00000052949"
130.760723672397,2.26619199551277,0.195449732757399,5.52128077661277e-32,8.32179708163914e-31,"ENSMUSG00000087150"
903.931591642259,-1.15029845912582,0.0985281979894506,5.825373554267e-32,8.77201024203129e-31,"ENSMUSG00000029029"
697.784046196797,-1.8311378614551,0.15793694978913,5.98738904917078e-32,9.00764500391884e-31,"ENSMUSG00000002900"
8712.46064282065,2.45447948075862,0.212191212214446,6.68238005935872e-32,1.00439319119336e-30,"ENSMUSG00000076439"
113.096123892191,-4.9487150451017,0.43759356171344,7.1347435813119e-32,1.07139627321582e-30,"ENSMUSG00000075256"
200.0084589767,2.33494255916135,0.202194203931198,8.88124894439121e-32,1.33243290614562e-30,"ENSMUSG00000079415"
2096.65065448484,-1.03034605724854,0.0884372398484025,8.93439645512812e-32,1.33917224214158e-30,"ENSMUSG00000050199"
948.756681665853,1.4201343052921,0.122351754479452,9.02045449482493e-32,1.35082758295088e-30,"ENSMUSG00000020101"
5234.01872797127,1.18339099655739,0.101738410508863,9.74264301712167e-32,1.45763550581532e-30,"ENSMUSG00000031605"
1260.65328537608,-1.01602552831912,0.0873371088313568,1.11034623809419e-31,1.6597076275204e-30,"ENSMUSG00000020063"
4022.80216833868,1.33853561586347,0.115402417862292,1.12247191061525e-31,1.67629337256835e-30,"ENSMUSG00000027422"
608.377596368816,1.46771570230613,0.126713925293091,1.18411985684388e-31,1.76673721628824e-30,"ENSMUSG00000001750"
2251.2373850189,1.19411668619391,0.102846243167882,1.19228893911495e-31,1.77729664385652e-30,"ENSMUSG00000030878"
377.132760114494,-13.8818011462379,3.34575187376235,1.22642825011797e-31,1.82651409473195e-30,"ENSMUSG00000021848"
1893.75042855162,1.87662492189453,0.162583234975586,1.26276483538724e-31,1.87891096804694e-30,"ENSMUSG00000037428"
227.411886793162,2.31498002723604,0.201011117656226,1.54686715462263e-31,2.29953457013217e-30,"ENSMUSG00000021567"
307.210588500694,1.61656340763028,0.140037403084445,1.63370115050796e-31,2.4264039532818e-30,"ENSMUSG00000021185"
7962.7790727277,-0.925017913300792,0.0796975073343766,1.73743750779846e-31,2.57812285797113e-30,"ENSMUSG00000007817"
2266.45101677888,0.795951711429678,0.0685104433005538,1.87218820776289e-31,2.77554459435011e-30,"ENSMUSG00000040669"
471.442294235124,14.0321806978076,3.22938061351991,1.96810382318802e-31,2.91508589934983e-30,"ENSMUSG00000022484"
1664.16431453084,1.90052683894581,0.165245721709325,1.99378506132427e-31,2.95043938438513e-30,"ENSMUSG00000020183"
6414.38726647825,0.938612318054545,0.0809436121255373,2.00690614720289e-31,2.96715878875283e-30,"ENSMUSG00000022463"
319.424528902595,1.81463060062132,0.15788965290007,2.10330305009212e-31,3.10685726401085e-30,"ENSMUSG00000030022"
347.879547690449,2.00150314582114,0.174322811614107,2.10875048007771e-31,3.11207981094334e-30,"ENSMUSG00000031934"
148.155545204698,3.33763118820929,0.291148240561384,2.16313711848357e-31,3.18945163176409e-30,"ENSMUSG00000037681"
1620.66463048902,-0.902499671814519,0.0779378531836755,2.33261352428579e-31,3.4362247012058e-30,"ENSMUSG00000035443"
480.038634424294,1.49562906459291,0.129858143543284,2.37143594899586e-31,3.49025627285304e-30,"ENSMUSG00000036908"
2926.24283482458,-0.905345329540696,0.0781879278705978,2.47253103829559e-31,3.63575973273493e-30,"ENSMUSG00000027109"
13501.1018585059,2.35904251504454,0.205708216282108,2.51135260279417e-31,3.68951242493533e-30,"ENSMUSG00000026830"
2766.08226645666,0.96083767642246,0.0830201822715733,2.6547281602824e-31,3.8966334529375e-30,"ENSMUSG00000038267"
68.6841519094272,-4.02034909949376,0.351410344282065,2.70961763352097e-31,3.973617643104e-30,"ENSMUSG00000091556"
321.86048874532,3.22076730005153,0.281710143440541,2.89883122621098e-31,4.24727045006862e-30,"ENSMUSG00000030669"
959.905937573059,-1.23057396069734,0.106825023886772,2.9799850440088e-31,4.36224789086108e-30,"ENSMUSG00000020521"
4379.18817467074,1.10805534072416,0.0960154617077784,2.99898436311231e-31,4.3861156749993e-30,"ENSMUSG00000027087"
2156.41359510016,-1.17297242526921,0.101751340688711,3.12594239252897e-31,4.5676921243794e-30,"ENSMUSG00000074736"
332.697224207522,-2.11777302718215,0.185097357307803,3.44808788821577e-31,5.03389907124451e-30,"ENSMUSG00000053560"
14081.9441146193,0.846100593021338,0.073190668649916,3.46647091907911e-31,5.05620193734497e-30,"ENSMUSG00000027805"
259.621274640056,1.69983902709577,0.148258739653629,3.6922748613513e-31,5.38073860278213e-30,"ENSMUSG00000073805"
6966.25474132273,1.41175530758792,0.122934392507379,3.95366434645814e-31,5.75650699746384e-30,"ENSMUSG00000049807"
680.861669397846,1.23108033769474,0.10707572840697,4.35763733340033e-31,6.33901881260863e-30,"ENSMUSG00000030518"
863.51007291063,-1.04081766074933,0.0904018476245192,4.51835677084534e-31,6.56694745676969e-30,"ENSMUSG00000055639"
978.694182845584,1.45443530379697,0.126848579071997,4.66964123507979e-31,6.78076895848606e-30,"ENSMUSG00000047409"
504.927887303062,2.03980852702573,0.178704651454505,4.7078210520113e-31,6.83011685246345e-30,"ENSMUSG00000055044"
646.668317406225,2.26712006217435,0.199070732233373,5.13096455077053e-31,7.43738565961199e-30,"ENSMUSG00000056220"
1375.82566914287,-1.389190393505,0.121184984708591,5.13832643360587e-31,7.44143039913135e-30,"ENSMUSG00000040420"
2221.70057385897,1.09875017307421,0.0956478744320903,5.53307259390566e-31,8.00598717187523e-30,"ENSMUSG00000039579"
5321.15261330785,-1.1507407014771,0.100412718206836,6.26601227697661e-31,9.05845007501112e-30,"ENSMUSG00000048756"
150.065844809727,-2.57675662036936,0.227046755714391,6.91590113719923e-31,9.98908950411083e-30,"ENSMUSG00000028584"
1071.87424602445,1.67133705435587,0.146619691938187,8.03447351425091e-31,1.1594429066044e-29,"ENSMUSG00000024256"
381.659555672093,2.467808927299,0.21733920405992,8.25703666527746e-31,1.19050525099545e-29,"ENSMUSG00000032259"
6706.89866974454,-1.09825434889675,0.0959005583209876,9.31903260404886e-31,1.34243551087352e-29,"ENSMUSG00000029050"
2106.1428357927,-1.29869957811155,0.11377424012303,9.68804075927787e-31,1.39349228333592e-29,"ENSMUSG00000039968"
160.901734587714,3.09376354843084,0.272856739756243,9.69058400747184e-31,1.39349228333592e-29,"ENSMUSG00000042514"
4008.19434672492,-1.26457624745977,0.110800081791652,1.03062560680773e-30,1.48071700155483e-29,"ENSMUSG00000007036"
606.583175778426,1.47422981991978,0.129449083510594,1.07080653964568e-30,1.53708896405224e-29,"ENSMUSG00000064246"
714.544945723387,1.05952916492231,0.0926365376809377,1.07545354330693e-30,1.54239936369606e-29,"ENSMUSG00000036206"
825.199628600688,0.890435347728167,0.0777558239502456,1.13883599065596e-30,1.63186375492057e-29,"ENSMUSG00000045980"
2306.13226137464,-1.46475092020585,0.128731506675721,1.19625776962145e-30,1.71263711291979e-29,"ENSMUSG00000026102"
1903.65291207555,0.885567385840776,0.0773999246971238,1.30808460014589e-30,1.87108972945296e-29,"ENSMUSG00000040649"
836.17526751193,-1.1611978538983,0.10181689076257,1.33468187710452e-30,1.9074584368312e-29,"ENSMUSG00000001300"
8295.55147806776,-1.1182003958108,0.0980607569459449,1.40674979432699e-30,2.00869062737322e-29,"ENSMUSG00000025576"
4974.51906090896,1.78816420291632,0.157722119824926,1.43210318137435e-30,2.04310040196422e-29,"ENSMUSG00000031604"
1407.95178823747,2.23297820870243,0.197671294730008,1.45113680532341e-30,2.06844176156344e-29,"ENSMUSG00000044734"
2968.78340910786,-1.58568551391661,0.139731482068428,1.49004947532192e-30,2.12204946275505e-29,"ENSMUSG00000026494"
1435.25438683541,-1.35369149749258,0.119145593956507,1.61841670987755e-30,2.30284853176458e-29,"ENSMUSG00000030270"
11911.4589548494,-1.23126679384018,0.108357307385577,1.73870199726326e-30,2.47184201846737e-29,"ENSMUSG00000020263"
480.323377509659,2.2616460553317,0.200162856332825,1.78559758817668e-30,2.53629646948866e-29,"ENSMUSG00000042761"
67.5794259760538,-4.23467682264339,0.374944024968883,1.86691137844039e-30,2.64948416898454e-29,"ENSMUSG00000023043"
7215.47500281991,-1.3984051300496,0.123282688389696,1.89711262818275e-30,2.68999994438666e-29,"ENSMUSG00000102918"
9019.16905666606,-1.20678164839423,0.106270038290586,1.92001228564493e-30,2.72010095611212e-29,"ENSMUSG00000024851"
1996.73391032565,1.30612996517607,0.115003247816678,1.93545524280845e-30,2.73959482108139e-29,"ENSMUSG00000030616"
389.751414369853,1.70890196946788,0.151109170664744,2.06049535941934e-30,2.91405242924658e-29,"ENSMUSG00000021423"
287.47043312512,1.97469395880078,0.17485243125626,2.17288783526156e-30,3.07033577972115e-29,"ENSMUSG00000074591"
4521.30939197696,-1.19586837099341,0.105337211160026,2.24157948469864e-30,3.1646514182068e-29,"ENSMUSG00000027881"
4216.24926566406,-0.914746686752717,0.0803433056373231,2.26934761192254e-30,3.2010780265923e-29,"ENSMUSG00000028278"
542.498208164126,-2.03859602248875,0.180768796475083,2.32383691687416e-30,3.2751010677816e-29,"ENSMUSG00000024985"
897.786628171145,6.95900865230826,0.622910907843227,2.47984505298722e-30,3.49194790419774e-29,"ENSMUSG00000038700"
1102.21929206016,2.77345310672061,0.246644536300026,2.54700199457738e-30,3.58341386929391e-29,"ENSMUSG00000030226"
2740.47177828468,-1.12403242728786,0.0991535542374193,2.96599679942809e-30,4.16930016417015e-29,"ENSMUSG00000044098"
651.90199335019,-1.48348185269967,0.131541972916867,3.51707575793744e-30,4.93968586606606e-29,"ENSMUSG00000004952"
274.77132003811,2.70924676841833,0.242108816838891,3.74461451413167e-30,5.25472716043408e-29,"ENSMUSG00000046818"
7360.3019889592,-1.64781918922837,0.146410385001012,3.77245442263128e-30,5.28923454707942e-29,"ENSMUSG00000098557"
297.311285595024,1.71947873620711,0.152934487330021,4.25569882933051e-30,5.96164075248211e-29,"ENSMUSG00000075324"
5486.3558711322,-1.29461569109859,0.114739164451717,4.35186270549196e-30,6.0911110163369e-29,"ENSMUSG00000026113"
2685.45117491289,1.10408292579934,0.0977083024436461,4.79153737251111e-30,6.70074272764054e-29,"ENSMUSG00000002332"
625.676968113722,2.09652885114154,0.186960944618364,4.93148751811322e-30,6.89053680857056e-29,"ENSMUSG00000039706"
2442.14433907173,-1.26524473970081,0.112341929544386,5.80835452891803e-30,8.10878173428196e-29,"ENSMUSG00000035735"
1410.21396426885,1.54668880753744,0.137733193397778,6.12182216135675e-30,8.53176550878127e-29,"ENSMUSG00000030255"
2758.78486160388,1.0790468878781,0.0956484603480612,6.11749188816557e-30,8.53176550878127e-29,"ENSMUSG00000034675"
2911.11858411343,1.6629024615719,0.148302154136895,6.55950054100574e-30,9.13392213913528e-29,"ENSMUSG00000006403"
5677.47345166526,-1.22675077108855,0.109038884479356,6.56592711583643e-30,9.13505654628935e-29,"ENSMUSG00000015501"
419.446644092785,1.59848630142961,0.142454152500119,6.86613274147409e-30,9.54456949322931e-29,"ENSMUSG00000014776"
2642.50047317869,1.109271795617,0.0984834868867328,7.24412300331435e-30,1.00614193044327e-28,"ENSMUSG00000033105"
860.937158421377,1.22700092783216,0.109048057537577,7.27328116479247e-30,1.00933052685841e-28,"ENSMUSG00000023885"
9904.08675767107,1.42461979949616,0.126931514597916,7.83483422664139e-30,1.08633246627997e-28,"ENSMUSG00000015806"
709.238489744321,2.0313283758896,0.181931819527729,7.92072988233254e-30,1.09730758318816e-28,"ENSMUSG00000003604"
1301.58030176619,1.2381614350528,0.110147630374008,7.98040921988755e-30,1.10463521497729e-28,"ENSMUSG00000003585"
282.455583650483,1.35490854754566,0.120748870010181,8.04385150001557e-30,1.1124708132307e-28,"ENSMUSG00000074272"
265.729172308565,1.88837405068267,0.169024788561715,8.35924721342213e-30,1.15510888064589e-28,"ENSMUSG00000018500"
688.654188603692,1.83471230543547,0.164334156980465,8.66820026740902e-30,1.19678510562243e-28,"ENSMUSG00000001864"
11856.6410730263,-0.815170878192371,0.0723413288329039,1.00244880554576e-29,1.38286963192151e-28,"ENSMUSG00000018379"
1294.93186786695,-1.43858853650198,0.128543352495936,1.04010317289401e-29,1.43359859850709e-28,"ENSMUSG00000037940"
2086.84697503182,1.13679864516594,0.10124267965812,1.0737228400178e-29,1.47868531216664e-28,"ENSMUSG00000023832"
6766.41028523454,1.13903228849518,0.101442591401845,1.10776321939266e-29,1.52427469867065e-28,"ENSMUSG00000074794"
223.243814242513,2.61139998153966,0.234782708166915,1.15778995267516e-29,1.5917656123012e-28,"ENSMUSG00000055471"
1095.97346297885,1.26283553947804,0.112801603931262,1.25783536847861e-29,1.72785182515569e-28,"ENSMUSG00000021559"
1427.56201130557,0.881224045214404,0.0784144317198432,1.26739650840247e-29,1.73951773724919e-28,"ENSMUSG00000026173"
5762.06915447886,-1.50936430496237,0.135184865474342,1.28926191722034e-29,1.76803753062449e-28,"ENSMUSG00000041670"
1847.82387290222,-1.2917803328687,0.115494337198388,1.35351302264875e-29,1.85458627800306e-28,"ENSMUSG00000009406"
2143.76760730173,-1.46754036056282,0.131464709029169,1.39771886149127e-29,1.91354647833095e-28,"ENSMUSG00000025551"
564.259666615427,1.73786164309641,0.155908384397859,1.40228260731928e-29,1.91818120016329e-28,"ENSMUSG00000040412"
8891.68126215544,1.18248900365924,0.105601349405096,1.41893771409681e-29,1.93933401427941e-28,"ENSMUSG00000004892"
13999.039162823,0.781568083311221,0.0695136194796734,1.43821716157418e-29,1.9640351473242e-28,"ENSMUSG00000034312"
163.042795066357,3.1658925826735,0.286587013025662,1.72218812687203e-29,2.34985568560125e-28,"ENSMUSG00000063594"
496.211477328771,1.93427671587512,0.174171715318778,1.76581727705043e-29,2.40736797619991e-28,"ENSMUSG00000024084"
403.45189839704,1.6160118377519,0.14520729174446,1.76847734372729e-29,2.40897692060192e-28,"ENSMUSG00000022488"
1006.76038054507,2.28060295760719,0.205774969955601,1.78371890435096e-29,2.42770705058737e-28,"ENSMUSG00000037664"
250.475345626489,-2.08847591536605,0.18851514942108,1.825115286777e-29,2.48197382106567e-28,"ENSMUSG00000041046"
4610.8832322379,-0.795776590073426,0.0709954700748304,2.00594547270907e-29,2.72560771325194e-28,"ENSMUSG00000031988"
221.786904182719,1.64838517448767,0.14823720074783,2.0413916311125e-29,2.77145729535023e-28,"ENSMUSG00000031224"
426.566217053183,2.09366965259539,0.189094879629384,2.15187553096216e-29,2.91901915775017e-28,"ENSMUSG00000007207"
294.024462459544,1.93675044186949,0.17470612084856,2.25567856750423e-29,3.05728024328341e-28,"ENSMUSG00000066800"
1372.9762738292,1.07334107607824,0.096108529171458,2.27578803336326e-29,3.08196985083919e-28,"ENSMUSG00000024187"
1627.56379627598,-1.59620970095453,0.143822788886693,2.40899222013575e-29,3.25964882455276e-28,"ENSMUSG00000062542"
10146.4386830419,1.0844919692951,0.0973532137892218,2.51172443360534e-29,3.39583474503552e-28,"ENSMUSG00000062661"
965.10713274524,2.4142533962464,0.218440789461387,2.53143058842697e-29,3.41963710526259e-28,"ENSMUSG00000027577"
686.168553710784,1.56471202595315,0.140928011458066,2.57334074449584e-29,3.47336987055583e-28,"ENSMUSG00000028039"
7737.08487712625,1.88585584007181,0.170314178382478,2.59750417877397e-29,3.50307978641944e-28,"ENSMUSG00000021451"
233.003192736216,1.94950995127458,0.176168087277892,2.94302197396138e-29,3.96577083544233e-28,"ENSMUSG00000054520"
67.1906145475704,-4.30112341494032,0.388407254138124,3.07338226832844e-29,4.1380079870844e-28,"ENSMUSG00000037086"
2166.35273281473,1.61450272267132,0.14576894446093,3.19601156027695e-29,4.29956001472629e-28,"ENSMUSG00000031232"
1166.0252972102,1.59081459443369,0.143633168021539,3.43259797062411e-29,4.61402392781331e-28,"ENSMUSG00000031841"
189.801240392149,1.96188551257795,0.17771547050958,3.55173186971138e-29,4.77022206065692e-28,"ENSMUSG00000028859"
728.410833527708,1.56733755146069,0.141487820182043,3.55765920971428e-29,4.77424374408319e-28,"ENSMUSG00000044716"
901.330137333016,-1.42241666445771,0.128318874055075,3.6102713099369e-29,4.84085637423005e-28,"ENSMUSG00000030303"
257.73357441619,-2.36050841855585,0.214391601497252,3.69021101300646e-29,4.94397159421557e-28,"ENSMUSG00000016024"
206.387496324766,2.43260641700708,0.220722648101405,3.81788534510202e-29,5.11081724075416e-28,"ENSMUSG00000045534"
429.400570744645,1.49419804897776,0.135037503062748,3.83472828733496e-29,5.12914601982239e-28,"ENSMUSG00000015247"
1590.75889717758,-1.53979045278365,0.139175752849436,3.99471088009308e-29,5.33874414664657e-28,"ENSMUSG00000040136"
336.51519950825,1.71940904542906,0.15563211125574,4.00619450357762e-29,5.34969927229176e-28,"ENSMUSG00000034205"
721.732628422638,-0.979004339573562,0.0879964618401693,4.03185276897788e-29,5.37954912896901e-28,"ENSMUSG00000043629"
86.608937132602,2.46798427921037,0.223754307474736,4.05337556454691e-29,5.4038368091478e-28,"ENSMUSG00000039942"
3507.03445034055,-0.885278433006359,0.0795312353343007,4.11608118442036e-29,5.48294349590791e-28,"ENSMUSG00000019841"
9198.49728960362,-1.11994222135431,0.100868205085757,4.21279867503103e-29,5.60719025610426e-28,"ENSMUSG00000027894"
8868.31885328377,-0.947056738883368,0.0851553527109248,4.3578266070812e-29,5.79548214951534e-28,"ENSMUSG00000059974"
705.945681958538,-2.03455808568539,0.184713042814852,4.36579072233213e-29,5.8013339900508e-28,"ENSMUSG00000006958"
157.584094806846,2.42891901592898,0.220837307155926,4.40289290509611e-29,5.84586384250853e-28,"ENSMUSG00000071984"
2021.39128329191,-0.936284973022376,0.0841858287045532,4.46921479839907e-29,5.92908545137246e-28,"ENSMUSG00000018001"
1256.13012713018,-1.26259764782374,0.113994285488764,4.70121761579338e-29,6.23179318810136e-28,"ENSMUSG00000028664"
673.920490281554,1.48308316847072,0.134157535784558,4.7196483234514e-29,6.25113388194807e-28,"ENSMUSG00000050103"
6230.17981959184,0.89040831620595,0.080061102210861,4.78759698582896e-29,6.33597591344096e-28,"ENSMUSG00000044340"
1099.69958538039,0.936562821033531,0.0842870086231376,4.9049260138268e-29,6.48597771349087e-28,"ENSMUSG00000042097"
127.084914621363,7.50217221749276,0.665235242962574,5.19923459638064e-29,6.86957311362695e-28,"ENSMUSG00000032291"
76.4974044472345,-3.38378443602806,0.311235244143317,5.27376185497845e-29,6.96239217156035e-28,"ENSMUSG00000055235"
1420.00015322573,0.905689244866769,0.0815168509868295,5.32279480611515e-29,7.02143062025465e-28,"ENSMUSG00000021552"
2056.66478957715,-1.48266536830532,0.134195646929183,6.06882968523618e-29,7.99906150739065e-28,"ENSMUSG00000042846"
799.971316112904,1.19623451942301,0.108187772471215,6.28166794883197e-29,8.27289570154424e-28,"ENSMUSG00000000794"
928.834318598128,1.98731635660899,0.180839400737886,6.36138279998881e-29,8.37110664658188e-28,"ENSMUSG00000041309"
799.412339517172,1.12263943003718,0.101478250617493,6.57729713894166e-29,8.6482425547409e-28,"ENSMUSG00000032733"
1123.22035447484,-1.26551649718184,0.114676326223843,7.09433293243208e-29,9.32054491316621e-28,"ENSMUSG00000024539"
176.335089544213,1.97256792915455,0.179827511491194,7.84139261537077e-29,1.02937249187908e-27,"ENSMUSG00000033730"
714.263617264293,-1.02058650909291,0.0922627021596329,7.89776491270847e-29,1.03593728645502e-27,"ENSMUSG00000027905"
5323.87201114245,-0.940798929708855,0.0849974011603099,7.97533744811652e-29,1.04527007230629e-27,"ENSMUSG00000054814"
4607.55866952379,-0.980968958345293,0.0886749551467148,8.07180506760358e-29,1.05706229195858e-27,"ENSMUSG00000003153"
1175.20512225101,1.58808075188753,0.144473197448656,8.62506330920652e-29,1.12860756066932e-27,"ENSMUSG00000029875"
8803.89832432667,0.78789661439183,0.0710922885525107,8.75846285625181e-29,1.14514263754271e-27,"ENSMUSG00000036644"
530.003862883267,1.62624044080732,0.148092656969903,8.8765311970301e-29,1.15964827307589e-27,"ENSMUSG00000041731"
964.309330511368,1.15043544607834,0.104341366871306,9.27660664975547e-29,1.2109430877684e-27,"ENSMUSG00000041035"
4648.01347149186,1.10980278987603,0.100510499305654,9.36690942768702e-29,1.22175121525552e-27,"ENSMUSG00000021242"
1529.26099989021,1.16582353226213,0.10584015023414,1.04996130059006e-28,1.36839632113731e-27,"ENSMUSG00000019817"
1086.67127676137,-0.945308680667157,0.0856186590702689,1.05521443261229e-28,1.37414244272503e-27,"ENSMUSG00000044950"
5474.51899256319,1.15999530895997,0.105278065054956,1.08914561419223e-28,1.41719522844294e-27,"ENSMUSG00000048022"
453.442961125401,-1.45389606013666,0.132499836004907,1.1905060802285e-28,1.54784808098718e-27,"ENSMUSG00000044949"
7617.20522023342,0.93212713267228,0.0844367760884248,1.21353249373762e-28,1.57652689010862e-27,"ENSMUSG00000020821"
4164.16004176304,1.02037045692536,0.0925801946099529,1.21836163532114e-28,1.58153833331399e-27,"ENSMUSG00000063063"
660.490338921888,1.99868339528812,0.183004406225474,1.29040933845794e-28,1.67372774592975e-27,"ENSMUSG00000021798"
391.010577978604,2.42886872598492,0.222787982371983,1.30143374167405e-28,1.68668299737023e-27,"ENSMUSG00000030607"
97.8365807705514,3.9199443981933,0.361392015008084,1.34956132505964e-28,1.74766581140181e-27,"ENSMUSG00000021685"
4613.38777023448,0.964338515737322,0.0875413111589393,1.40768982585754e-28,1.82149244716289e-27,"ENSMUSG00000036737"
2470.73028471548,0.975604964008032,0.0885967822382054,1.42404120497302e-28,1.84118687327647e-27,"ENSMUSG00000030522"
664.421523803976,1.88493421089703,0.172636727757332,1.43005353682635e-28,1.84749297400471e-27,"ENSMUSG00000044912"
372.127035648867,1.91082212097549,0.175002654724538,1.43896647440801e-28,1.85753340764581e-27,"ENSMUSG00000015568"
1046.15798351545,1.35129463930664,0.12329642496657,1.49615163259737e-28,1.92829424191766e-27,"ENSMUSG00000020828"
427.844109376072,1.37770425638101,0.125720051672787,1.49499173011432e-28,1.92829424191766e-27,"ENSMUSG00000037108"
1266.08737047237,-0.974427378874089,0.0885507570179212,1.58006158957286e-28,2.03482931606543e-27,"ENSMUSG00000022498"
5303.68607479785,-1.13327655662488,0.103202332193128,1.60694640561632e-28,2.06781609412035e-27,"ENSMUSG00000031709"
306.614530219131,1.758342691215,0.161073775137558,1.62435856066888e-28,2.08857098345719e-27,"ENSMUSG00000032649"
2709.25790008318,-0.872241252615356,0.0791958350363088,1.65066964079609e-28,2.12072615729113e-27,"ENSMUSG00000004383"
8802.47092197528,1.49640952885017,0.136393277323556,1.66185292588486e-28,2.1334102466525e-27,"ENSMUSG00000020841"
802.366666760922,1.59760177010455,0.146226234323856,1.79655194881492e-28,2.30451320904723e-27,"ENSMUSG00000072680"
4705.41498158957,0.836238429073328,0.075952807272023,1.82353068854666e-28,2.33727815339863e-27,"ENSMUSG00000032418"
6338.57356385676,0.98153285105129,0.0892830813854712,1.88408814283634e-28,2.41299660024311e-27,"ENSMUSG00000021190"
1755.12405964173,1.68739894072931,0.154749857127763,2.02694397587837e-28,2.59391462573491e-27,"ENSMUSG00000073910"
3166.03296665135,-1.46816823859286,0.134424553658752,2.0325798377879e-28,2.59908362918393e-27,"ENSMUSG00000031309"
1171.1491873,-1.09888746478728,0.100259748546453,2.06209741290224e-28,2.6347583741933e-27,"ENSMUSG00000042594"
4498.95425287473,-0.914809837085344,0.0833344091600456,2.2520213662621e-28,2.87516892549133e-27,"ENSMUSG00000037887"
4012.96055789734,1.37772560287146,0.126033270726005,2.30141300735586e-28,2.93592483806729e-27,"ENSMUSG00000019947"
1251.54760499803,1.63858951405958,0.15046471238665,2.37043655973623e-28,3.02161051835445e-27,"ENSMUSG00000036353"
4827.32998324886,-2.30866152619366,0.212731445318824,2.42000017144486e-28,3.0823758052253e-27,"ENSMUSG00000016150"
1714.30299142497,1.74012187785497,0.159898692635735,2.4706603868454e-28,3.14444173393819e-27,"ENSMUSG00000002341"
419.5002761539,1.90938079652703,0.175616151078996,2.51449806957169e-28,3.19773434191312e-27,"ENSMUSG00000028033"
335.138246061057,1.38228422225348,0.126735422026882,2.55479868489157e-28,3.24644910169126e-27,"ENSMUSG00000033446"
2473.07158034443,1.19108241076262,0.108951601530534,2.57418549411501e-28,3.26853287622497e-27,"ENSMUSG00000047037"
2961.40717858845,-0.670359423543393,0.0609897705278128,2.61436109056192e-28,3.31695789806446e-27,"ENSMUSG00000024095"
4439.2697804384,1.40740764888426,0.129051092307818,2.72274448495679e-28,3.45177840546158e-27,"ENSMUSG00000026335"
7487.18750283454,-0.803791032182778,0.0732751003420719,2.92311223502394e-28,3.7029121370988e-27,"ENSMUSG00000052889"
291.287022850818,13.2650529725344,3.16128437144604,3.01165930542287e-28,3.81211432143651e-27,"ENSMUSG00000000938"
6708.58285882015,-1.22281087254211,0.112118739951679,3.17257506573445e-28,4.01267885936483e-27,"ENSMUSG00000027834"
6497.66073130292,0.960762278776462,0.087800964619471,3.18779438547453e-28,4.02879790425111e-27,"ENSMUSG00000031441"
604.345481153784,1.43457031229206,0.131946735093055,3.56431568401316e-28,4.50115831686317e-27,"ENSMUSG00000069763"
1348.96608728027,-1.43960088873624,0.132652930974619,3.6387537963948e-28,4.59159955796237e-27,"ENSMUSG00000050822"
355.490149781854,2.57010670551895,0.238050631491097,3.83931000103643e-28,4.8409208518103e-27,"ENSMUSG00000024866"
2216.63732120113,1.05215342322401,0.0964506193412706,3.95334510807762e-28,4.98084765242164e-27,"ENSMUSG00000092035"
271.043147579275,-2.91671067890427,0.272044445757004,4.04009881568634e-28,5.08621256935361e-27,"ENSMUSG00000036123"
4150.76308594262,-1.61172437747808,0.148661234984596,4.14240519079074e-28,5.21097926550941e-27,"ENSMUSG00000036902"
495.925601603833,1.61464148095791,0.148962948210317,4.16136340092487e-28,5.23078559384209e-27,"ENSMUSG00000009731"
7744.84756453398,-0.929247381836973,0.085115715429328,4.29237391567887e-28,5.3913011264985e-27,"ENSMUSG00000021109"
5878.37073293951,-0.552174666659857,0.0503830717161528,4.41527990842364e-28,5.54139755970085e-27,"ENSMUSG00000045427"
2290.08245849288,-1.17633502506737,0.10806878809132,4.45949782871078e-28,5.59258132941095e-27,"ENSMUSG00000020435"
8600.12342770734,-1.3103909888144,0.120621994613942,4.63382175508261e-28,5.80323599893764e-27,"ENSMUSG00000020436"
381.361865169302,1.80872473543776,0.167296580081769,4.63460302163591e-28,5.80323599893764e-27,"ENSMUSG00000063535"
7250.21508718425,-1.70743741032926,0.157942637863677,5.29031268580515e-28,6.61919368943399e-27,"ENSMUSG00000031511"
2852.69176637418,-1.26085476575635,0.116182693733169,5.43396556581588e-28,6.79370902306842e-27,"ENSMUSG00000051786"
1192.56937271742,-1.35029341384679,0.124520619542612,5.46420030023929e-28,6.82626649940868e-27,"ENSMUSG00000040972"
643.794605542061,1.07824232211138,0.0991811502337637,5.69083485837022e-28,7.10394247120785e-27,"ENSMUSG00000038702"
551.80745675775,-2.08338004020954,0.193265674686234,5.8116895343535e-28,7.24924768124186e-27,"ENSMUSG00000038963"
4858.88837916045,0.82185116962345,0.0754034443223831,6.28076313506089e-28,7.82835086619611e-27,"ENSMUSG00000074093"
678.449762765361,5.66858691620661,0.530797991661125,6.33601675220706e-28,7.8911767936057e-27,"ENSMUSG00000044338"
1872.54569737254,-1.97388786440356,0.183343941240074,6.93791158648339e-28,8.63419914409607e-27,"ENSMUSG00000026312"
920.854850760574,1.57010390530497,0.145318689739661,7.02356416215819e-28,8.73411592296493e-27,"ENSMUSG00000036528"
293.827828518449,1.91307329791676,0.177458101884064,7.40149927950212e-28,9.19706910471263e-27,"ENSMUSG00000116235"
1994.2894397922,1.78438971687156,0.165616168782207,7.83338824721878e-28,9.72630769551696e-27,"ENSMUSG00000030854"
3269.734089271,1.24152087456203,0.114722548387903,8.35673601448476e-28,1.03682125643127e-26,"ENSMUSG00000006301"
550.84540139069,1.65788076730572,0.153915078615345,8.92884515929972e-28,1.10695918890389e-26,"ENSMUSG00000060534"
4346.22722415643,-1.56060725184161,0.144808304305886,8.9555047326161e-28,1.10941937623687e-26,"ENSMUSG00000022763"
3261.28786751385,-0.656180354861196,0.0603233788330197,9.50866868471826e-28,1.17705025741326e-26,"ENSMUSG00000015189"
12740.9432433366,1.20500231609032,0.111451740698813,9.63055724201524e-28,1.19123260475322e-26,"ENSMUSG00000027562"
4278.04342069845,0.838052928036062,0.0772338001211708,1.01535783653053e-27,1.2549730343997e-26,"ENSMUSG00000020811"
330.534259229191,-3.07062816622807,0.287467323621686,1.03088419164638e-27,1.27319672774049e-26,"ENSMUSG00000025727"
658.857563566003,-0.923373094708409,0.0852919169035495,1.18482443899572e-27,1.46221169203733e-26,"ENSMUSG00000030166"
9114.41235425305,0.91892727704209,0.084911604053358,1.28133856859557e-27,1.58012342572718e-26,"ENSMUSG00000035093"
239.237517414798,1.96886113647736,0.183674163498008,1.37049217129069e-27,1.68878664377516e-26,"ENSMUSG00000030898"
523.747145324126,1.76558765047358,0.164628527103626,1.39151588599148e-27,1.71339603571629e-26,"ENSMUSG00000041771"
209.016565109118,3.7114346841527,0.352874473908304,1.40289716111672e-27,1.72610430753273e-26,"ENSMUSG00000024598"
57758.6152539769,0.970208480678526,0.0906450211874318,1.45669366980844e-27,1.79094105416479e-26,"ENSMUSG00000074657"
585.411517285798,1.28812003158162,0.119719031240617,1.485145433141e-27,1.82454319703164e-26,"ENSMUSG00000025810"
3159.39493195344,-0.911188625158065,0.0843171528810914,1.48766995922445e-27,1.82626633455924e-26,"ENSMUSG00000029634"
16327.7539663817,1.04271977143147,0.09662476587512,1.50033057154694e-27,1.84042057600912e-26,"ENSMUSG00000024044"
5380.84707243261,-1.21486735644375,0.112909130131021,1.54075938067139e-27,1.88859045169946e-26,"ENSMUSG00000008575"
1214.15596114614,2.32429463383114,0.217859690609,1.59558578706205e-27,1.95432245611709e-26,"ENSMUSG00000020674"
799.289926304293,1.12220096293548,0.104144105216959,1.6031368946136e-27,1.96209491507671e-26,"ENSMUSG00000006517"
67.3418621400118,-4.50562100254729,0.423243379997562,1.65780299956985e-27,2.02747687655883e-26,"ENSMUSG00000075304"
2950.73062681255,-0.895589722953114,0.0830064909428359,1.81570328613145e-27,2.21892027715073e-26,"ENSMUSG00000037286"
7572.4480036735,-1.58391055391112,0.147966504444235,1.87960050036277e-27,2.29528409189087e-26,"ENSMUSG00000063142"
1499.72309771647,1.03883232657401,0.0966092140772959,2.13144267980057e-27,2.60087135995454e-26,"ENSMUSG00000035547"
13138.3202204987,-1.09687772711955,0.102108031751306,2.21093553082745e-27,2.6958508292741e-26,"ENSMUSG00000028488"
425.664472531225,1.92767333424545,0.180637463553292,2.36727618401854e-27,2.88432048828247e-26,"ENSMUSG00000074923"
20150.2077217284,-1.05972414977776,0.0986740988702921,2.49103573248284e-27,3.03284066218068e-26,"ENSMUSG00000000787"
1644.77458929781,1.37638652676315,0.128602305587807,2.52271857598645e-27,3.06911905679428e-26,"ENSMUSG00000066043"
9690.5849506018,1.1333598880237,0.105621258336474,2.57948069187552e-27,3.13583171787526e-26,"ENSMUSG00000075590"
2556.59136706941,0.958114321133283,0.0891752447559331,2.7953368536651e-27,3.39570845551944e-26,"ENSMUSG00000041762"
4589.14143367173,-1.28356319365677,0.119818850068148,2.98676156488437e-27,3.62554099576344e-26,"ENSMUSG00000035954"
2353.50120015491,-0.954936103431387,0.0889740125765484,3.08765538265434e-27,3.74522014298415e-26,"ENSMUSG00000038712"
7256.86332328766,-1.38120921157191,0.129372769453539,3.23010210490586e-27,3.91508578284867e-26,"ENSMUSG00000028698"
2225.45187383047,-1.31166238530046,0.122393739610127,3.36568186994054e-27,4.07638165765566e-26,"ENSMUSG00000042155"
737.878620189926,-1.05916964243204,0.0989217732580724,3.64721102479801e-27,4.41407442837636e-26,"ENSMUSG00000051703"
970.133213676584,1.6549358703977,0.155512656474903,3.67345147526337e-27,4.44252920611718e-26,"ENSMUSG00000046204"
1550.12557594759,-1.91629743077396,0.181507429963271,3.8835917108282e-27,4.69317786702758e-26,"ENSMUSG00000032267"
255.17530652313,1.82867492533306,0.172355274413696,4.18578232628335e-27,5.0546116251662e-26,"ENSMUSG00000046417"
176.585960951928,2.66973854742231,0.252456455337962,4.35314133568367e-27,5.25281205798805e-26,"ENSMUSG00000070407"
670.343129549554,-1.94377049230474,0.183441609050698,4.60269902573448e-27,5.54983220303007e-26,"ENSMUSG00000067028"
5719.48247380279,-1.27746010603663,0.119965115537354,4.98323294122197e-27,6.00422396870549e-26,"ENSMUSG00000022454"
196.758372558643,-3.20492350189299,0.304125584897155,5.14458129557902e-27,6.1940454385677e-26,"ENSMUSG00000032548"
6414.76666830749,-1.46956837451764,0.138492392007768,5.49068007107944e-27,6.60586032498382e-26,"ENSMUSG00000022421"
431.614432186696,3.2018428887056,0.304481227035553,6.18312352335148e-27,7.43344791086525e-26,"ENSMUSG00000028172"
6050.52554477818,1.18898452145958,0.111681391635605,6.24117404314663e-27,7.49769971028346e-26,"ENSMUSG00000020591"
224.137825076593,-2.07367896172461,0.196354158966681,6.31180671058389e-27,7.57696088752836e-26,"ENSMUSG00000020953"
1152.02679061351,-1.1404582978927,0.107159223564235,6.50573359043018e-27,7.80400378666341e-26,"ENSMUSG00000029086"
2645.17899671149,-1.61107946942337,0.152214928225648,6.64445353202704e-27,7.96453715716761e-26,"ENSMUSG00000032010"
1014.32728508697,2.11401563135733,0.200358316080749,6.77038110284356e-27,8.10951166976361e-26,"ENSMUSG00000057182"
982.75573103103,1.30407893781633,0.122894414836692,7.24013293108857e-27,8.6658002832544e-26,"ENSMUSG00000063296"
725.064801918735,-1.44026045888205,0.135962951440709,7.26726878287981e-27,8.69188840909019e-26,"ENSMUSG00000047658"
592.47129354277,0.98926519809989,0.0928807179770205,7.50401773160769e-27,8.96845819641042e-26,"ENSMUSG00000031129"
9943.12720292274,-1.05659059545062,0.0993981084270091,8.18066347418281e-27,9.76998092683402e-26,"ENSMUSG00000033565"
586.474206776112,1.55136636898586,0.14672858582445,8.36407463721186e-27,9.9817013888955e-26,"ENSMUSG00000054675"
510.601401954531,1.96036342969019,0.186288484250759,8.70150058457201e-27,1.0376778499316e-25,"ENSMUSG00000066842"
3158.13085534455,1.03994389044527,0.0978781144319842,9.19773336802387e-27,1.09605200413391e-25,"ENSMUSG00000049100"
2693.63328714522,1.28252054163005,0.12084729549754,9.38414951038732e-27,1.11744832282432e-25,"ENSMUSG00000026255"
987.321180687928,-1.55621234433046,0.14703122744544,9.73523793641272e-27,1.15840791760911e-25,"ENSMUSG00000024754"
234.19855275217,12.9103347794395,3.12495970512006,1.02712255281099e-26,1.22129298134824e-25,"ENSMUSG00000043342"
5194.67552560962,1.20502386763511,0.11379760657881,1.0542157335906e-26,1.25259297163414e-25,"ENSMUSG00000025702"
5005.93618095817,-1.44740467695617,0.137221456021795,1.17384449795639e-26,1.39371558991497e-25,"ENSMUSG00000022974"
697.795975284783,0.967255132121294,0.0911315699556405,1.17509985227388e-26,1.39418916875468e-25,"ENSMUSG00000073293"
804.764937434602,2.149040870413,0.204973159226225,1.33725897959024e-26,1.58542619590458e-25,"ENSMUSG00000020173"
1195.44041542146,-0.717775234940403,0.0675543386348518,1.36953656349387e-26,1.62251209465452e-25,"ENSMUSG00000041594"
6839.71548234125,-0.841342817284057,0.0793194254199981,1.40294914860095e-26,1.66088772661282e-25,"ENSMUSG00000061130"
12681.2214583002,-0.781613212022079,0.0736296676896024,1.41923908519451e-26,1.67895158639508e-25,"ENSMUSG00000031065"
1480.73727528109,-0.992486004259717,0.0937810390958185,1.45416872823584e-26,1.7190238604374e-25,"ENSMUSG00000032475"
497.282132529555,-2.38148785071741,0.228106953418676,1.47586176095141e-26,1.74340186827047e-25,"ENSMUSG00000018581"
1210.49889129251,-1.34101007524078,0.127263488863382,1.48956042564291e-26,1.75830780338037e-25,"ENSMUSG00000014164"
1657.06537292579,2.42139510506152,0.231552147026133,1.53775791078265e-26,1.81388574432753e-25,"ENSMUSG00000050967"
3101.29010763997,-1.21604581036625,0.115273855240552,1.55226120708631e-26,1.82966748218326e-25,"ENSMUSG00000070730"
3643.10251843497,-1.75207900863115,0.167001353074005,1.55412045090013e-26,1.83053348044517e-25,"ENSMUSG00000028527"
138.405148276006,7.93916409591188,0.733416962177346,1.57218010612396e-26,1.85046621601488e-25,"ENSMUSG00000029236"
1219.01439344507,1.06776758465637,0.101040592109447,1.61486063854784e-26,1.89932814120532e-25,"ENSMUSG00000048058"
2380.89592024201,-0.726838633010468,0.0685328844868961,1.7020068199154e-26,2.00038028986158e-25,"ENSMUSG00000049939"
4782.69934871838,1.43460918424927,0.136491481260456,1.89970232641048e-26,2.23112225608296e-25,"ENSMUSG00000031983"
3040.49246194203,-1.41571936467844,0.134857919541203,2.13298114578668e-26,2.5032925083717e-25,"ENSMUSG00000021373"
63.6961692858066,3.64897690062619,0.349119349666318,2.1583402863218e-26,2.53122933578864e-25,"ENSMUSG00000058400"
388.847221362271,1.64468106977157,0.157165686346524,2.27735097226208e-26,2.66887826684537e-25,"ENSMUSG00000051504"
80.9273676267268,-3.05141634537054,0.292845017633883,2.33978329026993e-26,2.74007139561251e-25,"ENSMUSG00000070803"
227.683452246612,1.88152716086593,0.180063716624866,2.40419801041255e-26,2.81348204266683e-25,"ENSMUSG00000038463"
263.239803245495,1.81215651757368,0.173674630859208,2.57046794415116e-26,3.0058963502078e-25,"ENSMUSG00000057337"
378.12660057936,-1.21100724771598,0.115382795438626,2.75782426778404e-26,3.22267504888647e-25,"ENSMUSG00000035067"
2054.36498165605,-0.816063838213704,0.0773975703198771,2.86421389749941e-26,3.34459640053768e-25,"ENSMUSG00000015757"
464.227611181034,-1.40361154475796,0.134097137336558,2.90813805684753e-26,3.39345313902252e-25,"ENSMUSG00000038893"
1322.9192570916,-1.22527815167129,0.116848066273914,2.95051036649337e-26,3.44043035428217e-25,"ENSMUSG00000068551"
49.3661751913867,-4.44684945726353,0.425019407000623,2.98497246099627e-26,3.47812324410145e-25,"ENSMUSG00000117246"
595.186708013837,-0.934068682846558,0.0887769414420838,3.02317588514006e-26,3.52011853063733e-25,"ENSMUSG00000094441"
1119.3866281166,1.09978742011108,0.104709222513685,3.13428314303713e-26,3.64688070066894e-25,"ENSMUSG00000033684"
1048.09524489904,1.02025293263039,0.0971286811549707,3.37490042364451e-26,3.92404493543466e-25,"ENSMUSG00000031639"
1159.80818782989,2.11740068069779,0.203613980414848,3.45805380810899e-26,4.017858664411e-25,"ENSMUSG00000028876"
12059.8084601978,-0.843755448589063,0.0802824277241382,3.85807753661907e-26,4.47944266341549e-25,"ENSMUSG00000019194"
1042.39736093138,1.6824284139993,0.161535909880654,3.94271282830341e-26,4.57444614534019e-25,"ENSMUSG00000030098"
235.937130556077,-2.68566419765107,0.259481970303648,4.03030837191929e-26,4.67274641581925e-25,"ENSMUSG00000090236"
4826.88891555195,-0.983741408423147,0.0937829268867639,4.03690589715181e-26,4.67706435543324e-25,"ENSMUSG00000055675"
406.529547209172,1.24484789314044,0.119089618710925,4.29527337287332e-26,4.97286343980312e-25,"ENSMUSG00000038058"
4804.11682695055,-0.97147726027533,0.0926720884000261,4.30612624728765e-26,4.98188507841851e-25,"ENSMUSG00000029121"
1006.38959477204,1.33887239781106,0.128300329264268,4.44267187956456e-26,5.13620829939999e-25,"ENSMUSG00000045664"
1161.3552679021,-1.70924624121618,0.164513280464229,4.85835250755565e-26,5.61279362086521e-25,"ENSMUSG00000033306"
3207.79315261507,0.940313651032386,0.0898265391444979,5.44180407684559e-26,6.28238913212004e-25,"ENSMUSG00000029207"
4631.45883329652,0.872737828028427,0.0832977259418556,5.58757319055945e-26,6.4461032172875e-25,"ENSMUSG00000041439"
112.330700162784,3.15898336461248,0.305911242701943,5.62536802534978e-26,6.48510911590961e-25,"ENSMUSG00000074575"
415.110428633206,-1.4707040737593,0.141868993133049,8.04773217809268e-26,9.27112416100443e-25,"ENSMUSG00000067860"
1707.43496065346,1.07603473044671,0.103392868594868,8.67206026082503e-26,9.98329539785784e-25,"ENSMUSG00000043463"
2149.63221736029,-1.39589318630642,0.134997387672266,9.06980574402636e-26,1.04338019718206e-24,"ENSMUSG00000034771"
1278.17459127435,1.46697229000199,0.141668764401955,9.24383945180424e-26,1.06264984884512e-24,"ENSMUSG00000070695"
3389.60940534048,2.0010328766042,0.194207840216657,9.27358715901849e-26,1.06531723200073e-24,"ENSMUSG00000024810"
55.3657347931168,5.0963664697269,0.494762142853134,9.56439695480152e-26,1.09794960247009e-24,"ENSMUSG00000062168"
8057.56532862852,0.957617537451859,0.0919522559276369,9.94767710866251e-26,1.1411436784694e-24,"ENSMUSG00000026179"
315.955665919305,1.95294871894557,0.189514263570126,1.07334139780209e-25,1.23041206150863e-24,"ENSMUSG00000034121"
4841.34708720906,-1.91038326630093,0.185545991472775,1.09242749276522e-25,1.25140990339424e-24,"ENSMUSG00000110720"
150.136995356748,2.16275336293376,0.210342411628943,1.12482188638982e-25,1.28581609557714e-24,"ENSMUSG00000035279"
4837.79792951666,1.82772850728077,0.177427126380987,1.12483236276069e-25,1.28581609557714e-24,"ENSMUSG00000039960"
2618.36382316368,2.02053486778496,0.196487499187234,1.12450805013414e-25,1.28581609557714e-24,"ENSMUSG00000040867"
597.994888706596,1.72180292378979,0.166925955024517,1.13074150016931e-25,1.29166386945656e-24,"ENSMUSG00000038354"
199.266334372913,8.85267144386514,0.827480530206863,1.14233669040352e-25,1.3039941547257e-24,"ENSMUSG00000036139"
985.899142405062,1.55701183277053,0.150886938974093,1.15719222498764e-25,1.32002628159418e-24,"ENSMUSG00000005667"
400.333860580608,-1.58067140893147,0.153364345349289,1.20111590722501e-25,1.36917120012666e-24,"ENSMUSG00000033594"
1726.38527723201,-1.01357738077039,0.0976407482104304,1.20703731462522e-25,1.37495825104754e-24,"ENSMUSG00000040105"
387.700780426095,1.99105926017426,0.193768893524256,1.21471845363648e-25,1.38274034883179e-24,"ENSMUSG00000039899"
4071.77186991325,-0.865787928752293,0.0832907210756845,1.30173807952608e-25,1.48076117809403e-24,"ENSMUSG00000042363"
960.080878838356,1.33658798020846,0.129388065088814,1.36016781254564e-25,1.54614606512695e-24,"ENSMUSG00000042035"
578.746659639638,-1.13118585007869,0.109281497408973,1.42370938059948e-25,1.61724642689451e-24,"ENSMUSG00000033669"
51.4715398817428,-3.94134908157665,0.38545163070774,1.54745703049294e-25,1.75659034465579e-24,"ENSMUSG00000071342"
214.166558155502,-1.59786657983558,0.155388426496215,1.57140985344816e-25,1.78253725396719e-24,"ENSMUSG00000023947"
7454.23439840393,1.86336320025934,0.181952244323067,1.65012731015836e-25,1.87052732275472e-24,"ENSMUSG00000032060"
174.257022543444,2.98472923569917,0.2924252009447,1.65316738517494e-25,1.87266935949044e-24,"ENSMUSG00000037994"
4255.11202660763,1.09567687590439,0.106063893616852,1.89168525096327e-25,2.14136665613214e-24,"ENSMUSG00000030849"
918.343780207517,0.994013212477134,0.0961426102073423,1.9481611762117e-25,2.20376425478624e-24,"ENSMUSG00000039623"
362.92403154771,2.51074541249701,0.245974162136576,1.97122665032139e-25,2.2283074593008e-24,"ENSMUSG00000025905"
5668.48179800889,1.08950020144801,0.105643244936189,2.25530028010302e-25,2.54765981676038e-24,"ENSMUSG00000046324"
2459.00719848374,1.17646063417918,0.114194118562989,2.28157574944256e-25,2.57555409496713e-24,"ENSMUSG00000026773"
2218.0333308996,1.11505124169201,0.108153988361931,2.30076216839748e-25,2.59541279121096e-24,"ENSMUSG00000027882"
470.559563034252,1.73080388915979,0.169042152596486,2.49580821614481e-25,2.81348796000036e-24,"ENSMUSG00000031659"
6080.32699860665,-1.04924973337734,0.101975993700113,3.01879327576926e-25,3.40068629363128e-24,"ENSMUSG00000026425"
1486.42815608819,-0.778222289864413,0.0753795451977257,3.02785895091254e-25,3.40853997254179e-24,"ENSMUSG00000021474"
7651.98591446689,-0.834602002805854,0.080937688957772,3.1520531407929e-25,3.54589640814284e-24,"ENSMUSG00000021466"
1035.73129678766,1.57453835405534,0.154070102917314,3.2499198720276e-25,3.6534665522697e-24,"ENSMUSG00000022053"
2978.38842748361,1.07631888794638,0.104752011385445,3.49143769480629e-25,3.92226520331655e-24,"ENSMUSG00000024500"
1345.45097007733,1.29759014867796,0.126664481561501,3.49769177592876e-25,3.92658115369437e-24,"ENSMUSG00000037946"
13078.2851361351,-0.865968950419098,0.0840900973206523,3.56361015491398e-25,3.99782536882769e-24,"ENSMUSG00000021061"
66.9554813418152,-3.45888496360723,0.343453170236904,3.83171670154356e-25,4.29563942615193e-24,"ENSMUSG00000043897"
677.824441636057,-1.09404718610453,0.106685573633731,3.90572909209806e-25,4.37559932286113e-24,"ENSMUSG00000025921"
1553.61262658042,-0.898829549446583,0.0874992176310074,4.41734539413712e-25,4.94536095775543e-24,"ENSMUSG00000028560"
2950.07345664599,-0.977420511699853,0.0952879981559868,4.50411572901889e-25,5.03903751456835e-24,"ENSMUSG00000053825"
23033.0413008942,1.53009758207469,0.1502136856091,4.51845497848116e-25,5.05160783926623e-24,"ENSMUSG00000030337"
8935.86015626324,-0.86184800922616,0.083923674733282,4.77748900566944e-25,5.33754056515354e-24,"ENSMUSG00000032890"
6076.76550681383,-0.756860066587324,0.0736248123567185,4.97387582817025e-25,5.55313791021641e-24,"ENSMUSG00000017670"
1332.68348627649,-1.24834555678587,0.122230855172067,5.12795140700207e-25,5.72123324216447e-24,"ENSMUSG00000041025"
498.357454039645,-1.43573538193414,0.140881989958116,5.19719287354937e-25,5.79451408189292e-24,"ENSMUSG00000058571"
662.169695699172,1.06986377756766,0.104582509188403,5.34040657909886e-25,5.95011213515203e-24,"ENSMUSG00000049630"
2547.53072101323,-0.694537190377694,0.0675892905089395,5.62626185776997e-25,6.26431535709846e-24,"ENSMUSG00000037316"
356.768108870846,1.18859061987882,0.116385921826616,5.70048960639001e-25,6.34262268030189e-24,"ENSMUSG00000032492"
2213.9367238688,-0.800429238010927,0.0780364026272654,5.96076584502906e-25,6.62768759736223e-24,"ENSMUSG00000024098"
120.644393607395,2.06484064756745,0.203702640631334,6.0159608739079e-25,6.68449222562955e-24,"ENSMUSG00000068696"
53.7244432072995,4.29567044812857,0.424578871477063,6.04459596786778e-25,6.71172804672249e-24,"ENSMUSG00000046958"
5310.93791006344,-1.26025632500643,0.123916381298038,6.16389601287331e-25,6.83952960446842e-24,"ENSMUSG00000018199"
2540.74658495249,-1.23958723369856,0.121602352984636,6.22054379060541e-25,6.89768472911954e-24,"ENSMUSG00000025207"
58.1153668641042,4.20583782541216,0.41450340199865,6.86515769976596e-25,7.60728638780056e-24,"ENSMUSG00000034486"
1762.28267848318,1.5027994365393,0.147983912433524,7.11204250194615e-25,7.87549849297139e-24,"ENSMUSG00000027221"
169.748072085688,2.14903159453017,0.212587887436706,7.37660022975583e-25,8.16290268796502e-24,"ENSMUSG00000073158"
4888.73794622244,-3.18724952302904,0.317221181360822,7.94579301099804e-25,8.78679474409144e-24,"ENSMUSG00000007653"
3451.15748336533,0.854366176321385,0.083593407417862,8.29210896769827e-25,9.16354037856025e-24,"ENSMUSG00000022261"
644.609180069749,0.99358266094561,0.0974489615841133,8.61054233045204e-25,9.50898290740151e-24,"ENSMUSG00000029428"
434.305402761122,1.45051348893715,0.143045831956172,8.770566117841e-25,9.67913730618412e-24,"ENSMUSG00000015112"
4570.37353055442,-1.27163772469628,0.1251824226261,8.98620575330116e-25,9.91039683280734e-24,"ENSMUSG00000030317"
4562.80679530873,1.1878384792041,0.116824372478925,9.05135015066925e-25,9.97548258311401e-24,"ENSMUSG00000019775"
298.109710821087,2.03875703493523,0.202743452514145,1.0105631148156e-24,1.11298690006552e-23,"ENSMUSG00000079235"
2694.68015631325,0.828093148793903,0.0811620451641505,1.02884982111619e-24,1.13236087816966e-23,"ENSMUSG00000044647"
79.4419276538183,2.85675881347436,0.284143346667648,1.03071406414665e-24,1.13364618487697e-23,"ENSMUSG00000028214"
1114.44168849076,3.88908560741,0.38863088085767,1.03854668618275e-24,1.14148973380708e-23,"ENSMUSG00000072812"
668.144626409486,-0.92334307284763,0.0906504995258561,1.07509367487585e-24,1.18086199997497e-23,"ENSMUSG00000033703"
160.826073527968,-2.49692758907633,0.248966647549704,1.10057794315911e-24,1.20803828447363e-23,"ENSMUSG00000079550"
4299.3993695646,-0.887620742653289,0.0871439961494604,1.10281867418609e-24,1.20968210097043e-23,"ENSMUSG00000025025"
232.625631529139,-1.46780967223732,0.145171325537884,1.17027275132045e-24,1.28280807043733e-23,"ENSMUSG00000068196"
7937.01538967965,-1.47636019641677,0.14612431613688,1.1763161673445e-24,1.28856491063485e-23,"ENSMUSG00000053025"
28336.7973853763,0.825432399877416,0.0814396835558922,1.18646802022145e-24,1.29881146154437e-23,"ENSMUSG00000068923"
4105.48171884397,3.71266957300903,0.371443988535581,1.21440345900181e-24,1.32849862269029e-23,"ENSMUSG00000050063"
855.424449449675,1.10382878518918,0.108775945230948,1.23017566716513e-24,1.3448488589734e-23,"ENSMUSG00000060924"
4131.63153453434,1.42320718592786,0.140810250661819,1.26980992739125e-24,1.38724604013925e-23,"ENSMUSG00000023328"
952.591120184276,1.22155484890111,0.120687270031459,1.34157463064532e-24,1.46466477784337e-23,"ENSMUSG00000022197"
1985.91770710309,-1.49049000457066,0.147693876950226,1.35004280897902e-24,1.47292204052014e-23,"ENSMUSG00000038126"
1902.50760559775,1.61156605495384,0.159960939769319,1.41306816034773e-24,1.5406512735526e-23,"ENSMUSG00000030110"
8413.31380712625,-1.74778422087073,0.173787196345342,1.419502798757e-24,1.54663096105532e-23,"ENSMUSG00000026384"
278.500961292081,1.63697327780631,0.162419999142258,1.42742887889638e-24,1.5542265746271e-23,"ENSMUSG00000059674"
2134.09114925814,-0.953055141279048,0.0938994141724424,1.46414437832156e-24,1.59313784694642e-23,"ENSMUSG00000043323"
1583.14582077786,-1.04666368434311,0.103402045854702,1.60406022709848e-24,1.74421458762252e-23,"ENSMUSG00000032252"
316.476614599345,1.20647303723587,0.119411740954389,1.68713970055799e-24,1.83332844096682e-23,"ENSMUSG00000050545"
1431.16746163505,1.09478622934989,0.108225147806851,1.70266369317263e-24,1.84896328201895e-23,"ENSMUSG00000026675"
407.487677895304,2.20362924228558,0.220077501578295,1.73945801891996e-24,1.88765984213194e-23,"ENSMUSG00000030222"
5560.36367709226,1.32318756429681,0.131288884429296,1.91838433590776e-24,2.08044371884787e-23,"ENSMUSG00000001313"
3261.66615210389,-0.752632882309046,0.0741956252914255,2.05288741872268e-24,2.22482699081011e-23,"ENSMUSG00000042032"
1509.19907197178,1.08864157062528,0.107813758816885,2.06860887996306e-24,2.24037360931728e-23,"ENSMUSG00000000058"
795.965846884718,1.69210839198462,0.168748510885181,2.10172944152838e-24,2.27473084103716e-23,"ENSMUSG00000005087"
676.215763856731,-1.72019196339279,0.1717295138195,2.1187680538246e-24,2.29164826446225e-23,"ENSMUSG00000047419"
1665.49056543917,2.44992574997872,0.245679874578601,2.12726856113372e-24,2.29931458420549e-23,"ENSMUSG00000022212"
3134.282410264,2.0505466433439,0.205166962970125,2.15870881529347e-24,2.33174930957844e-23,"ENSMUSG00000047945"
2638.53821568094,-1.63892574703323,0.163593941819956,2.26891518798354e-24,2.44916455106075e-23,"ENSMUSG00000022508"
5222.16422761113,1.60131391564767,0.159739337467029,2.28840648934789e-24,2.46856731833034e-23,"ENSMUSG00000058258"
424.303862986187,1.67322091808152,0.16705752018323,2.38549607699001e-24,2.57159636696976e-23,"ENSMUSG00000026288"
282.103334400658,2.31625949561307,0.232832459593001,2.39079425945357e-24,2.57560218103146e-23,"ENSMUSG00000055027"
1453.90379696373,0.896540051823724,0.0886728187373111,2.40601140880516e-24,2.59028133019381e-23,"ENSMUSG00000032540"
852.17515081772,-0.765373522186507,0.0756075346295832,2.51597450289698e-24,2.70687593907185e-23,"ENSMUSG00000027132"
21026.7799177142,-0.701394071578651,0.0693910150708521,2.56057382694247e-24,2.75303967998478e-23,"ENSMUSG00000037236"
2569.31001751133,-0.985240398506974,0.0976869195313172,2.71921941628296e-24,2.92168010945572e-23,"ENSMUSG00000037709"
812.395873494225,1.72663848712126,0.172787540032736,2.86078897466538e-24,3.07176272622712e-23,"ENSMUSG00000017493"
5118.183521996,1.20980414820434,0.120392107779648,2.90310763747228e-24,3.11514740426986e-23,"ENSMUSG00000036053"
603.78377957933,-0.864972183679803,0.0857129794222153,3.04149107669987e-24,3.26148825734654e-23,"ENSMUSG00000029276"
132.662771467884,2.04399785396846,0.20534923554367,3.09364703854738e-24,3.31523281721358e-23,"ENSMUSG00000023999"
5352.85009437321,-0.978818137099471,0.0972747785367258,3.17491153315201e-24,3.4000796010953e-23,"ENSMUSG00000045967"
2014.01933832401,-0.734681964542596,0.0727195624462107,3.23281929115323e-24,3.45981804216912e-23,"ENSMUSG00000038291"
3523.79083522907,-0.685816421947661,0.067928136252432,3.68546168893013e-24,3.94165212696483e-23,"ENSMUSG00000000532"
1775.69794172356,-0.924840210446394,0.091926217096048,3.71544760567842e-24,3.97111333717882e-23,"ENSMUSG00000034998"
1265.17808594865,1.41048641373124,0.141142301790732,4.07779345655889e-24,4.35553293214342e-23,"ENSMUSG00000030630"
6116.57430540981,-0.95438952831012,0.0949539045528526,4.14964421984676e-24,4.42937105643709e-23,"ENSMUSG00000027784"
1117.88566072338,-1.80863927737427,0.181832823322697,4.21095438848253e-24,4.49186864585312e-23,"ENSMUSG00000022610"
2979.01495403826,1.61308941842406,0.161863909670829,4.33592405054433e-24,4.62214614896926e-23,"ENSMUSG00000022489"
623.541877748266,1.39268192575908,0.139550171156829,4.43763781003865e-24,4.72747829003987e-23,"ENSMUSG00000031285"
982.190983118929,-1.10572879595688,0.110399476101848,4.47505915458227e-24,4.76422582853435e-23,"ENSMUSG00000032058"
9960.7615609038,-1.20572523889537,0.12051614069283,4.48408778929247e-24,4.77071771464725e-23,"ENSMUSG00000040111"
220.130936982456,2.05634362394832,0.207214571675637,5.19598212587392e-24,5.52450666524988e-23,"ENSMUSG00000037568"
794.222348827359,-1.10134608218974,0.110191449603758,5.60262153420158e-24,5.95296823327241e-23,"ENSMUSG00000102428"
5125.53945322267,0.923606984035434,0.092245473598984,5.68805531727955e-24,6.03980198660643e-23,"ENSMUSG00000054728"
5706.33229057891,0.742299165423204,0.0738900690784627,5.71006290083462e-24,6.05921798564446e-23,"ENSMUSG00000001794"
114.570108952035,2.05816741582894,0.208074863627024,5.74876485750585e-24,6.09631233553617e-23,"ENSMUSG00000071265"
194.700449757602,1.99642472972261,0.201216691475964,6.00078670875809e-24,6.35942747689871e-23,"ENSMUSG00000043668"
1650.13387131543,-1.46212090668784,0.147050487397968,6.03674416525234e-24,6.39055361798854e-23,"ENSMUSG00000042096"
1941.71291705764,1.07096827595711,0.10713646572477,6.03800925449464e-24,6.39055361798854e-23,"ENSMUSG00000049252"
421.918031387916,2.30061053191503,0.232955050326741,6.45046547564167e-24,6.82265607618551e-23,"ENSMUSG00000018822"
287.872982266048,1.65826272471496,0.167158802795026,6.48568774230635e-24,6.85545617332875e-23,"ENSMUSG00000036362"
544.387537492794,-1.40625254616728,0.141685899515919,7.09056623313336e-24,7.48995698526573e-23,"ENSMUSG00000066278"
49.8181298478813,-5.18905743031478,0.521349764215358,7.11640374792312e-24,7.51237485140678e-23,"ENSMUSG00000050808"
386.882490172343,2.17696756230535,0.220797684904566,7.14724386086163e-24,7.54004119035033e-23,"ENSMUSG00000048251"
1129.56898067913,-1.03217049865676,0.10347392349621,7.43817743094158e-24,7.84188162052248e-23,"ENSMUSG00000042686"
2791.50662349396,0.747442689257902,0.074589967587178,7.45441000779726e-24,7.85390848588504e-23,"ENSMUSG00000024074"
1409.11668772947,1.59352618157497,0.160882345601453,7.73691255314498e-24,8.14627830142911e-23,"ENSMUSG00000035189"
1518.95747805563,0.903645359861577,0.0904187594553012,7.88650291855688e-24,8.29841593460045e-23,"ENSMUSG00000021219"
3000.36759614174,-0.988381116007582,0.0990511340365394,7.9668866427774e-24,8.37758273715313e-23,"ENSMUSG00000038949"
13353.9802330888,1.25846209563506,0.126465377172823,7.97624511273945e-24,8.38200890543401e-23,"ENSMUSG00000026028"
1777.02089689709,1.1952482676172,0.120329309282888,9.32906631334771e-24,9.79732525475317e-23,"ENSMUSG00000031788"
1206.05019428133,0.884211906302599,0.088616796126294,9.46447446777589e-24,9.93312155941045e-23,"ENSMUSG00000025795"
1037.70466731333,-0.804043720022944,0.0806409114671225,1.07985355260044e-23,1.13259382275967e-22,"ENSMUSG00000063800"
1388.59437310926,1.54650790637655,0.156693987153317,1.19833624028465e-23,1.25605391624942e-22,"ENSMUSG00000030494"
1453.58863615802,2.04682267678481,0.208483010217355,1.31635396585093e-23,1.37886807310948e-22,"ENSMUSG00000093536"
64.1360151723197,3.73608651889233,0.382343734686786,1.3199076441226e-23,1.38170139106287e-22,"ENSMUSG00000006469"
15024.5399449173,-0.888417276618593,0.0893813545301155,1.35278578485384e-23,1.41520867646856e-22,"ENSMUSG00000068748"
3674.70555366726,-0.729135166139521,0.0731506308866759,1.36616923836709e-23,1.42829177020806e-22,"ENSMUSG00000027011"
4324.95249824947,1.74723720382105,0.178218855164844,1.43091840960153e-23,1.49502502384427e-22,"ENSMUSG00000031833"
2947.09768047024,-0.968978861254179,0.0976412690543464,1.44395761020277e-23,1.50768069139709e-22,"ENSMUSG00000008200"
56.3966541978451,3.97461467896427,0.405657541650871,1.4589950750171e-23,1.52240524558515e-22,"ENSMUSG00000031074"
58.7046532857141,-3.4921824774118,0.35728990776349,1.48724248243078e-23,1.55088617098066e-22,"ENSMUSG00000015652"
3320.97742485823,1.08558302068432,0.109626821263381,1.54432781276763e-23,1.6093833633951e-22,"ENSMUSG00000026109"
627.699308927496,-1.16207953784288,0.11765185845332,1.73507240221071e-23,1.80700630602597e-22,"ENSMUSG00000030322"
2627.89562590242,-0.742078446714842,0.0747157764968909,1.7669172397581e-23,1.83899481002445e-22,"ENSMUSG00000066415"
283.920236276213,-2.18487507749347,0.2237177424122,1.90461092916748e-23,1.9810387670919e-22,"ENSMUSG00000020892"
3213.81858452668,0.857847691704621,0.0866847917094661,2.11106600828024e-23,2.19437627603996e-22,"ENSMUSG00000070639"
14119.0860545775,1.05503063139528,0.106782420977158,2.1852477727487e-23,2.27003594414827e-22,"ENSMUSG00000026421"
942.600629055026,1.24523093208337,0.126544486505443,2.25353482290333e-23,2.33947958209314e-22,"ENSMUSG00000022912"
51.1583682872706,-3.59800326293232,0.369066589468838,2.28106353710369e-23,2.3665489010181e-22,"ENSMUSG00000018486"
1417.24223197581,2.18063199693712,0.223649801854408,2.33879256479034e-23,2.42489588341765e-22,"ENSMUSG00000009216"
597.293545016303,-1.74188341462038,0.178185226571326,2.35519074547418e-23,2.44034340896427e-22,"ENSMUSG00000028150"
1311.14240344067,-0.936800841901047,0.0949183037920702,2.48226677791312e-23,2.57037777422836e-22,"ENSMUSG00000059149"
1950.45809969662,2.13045337613611,0.218655094898122,2.55568813657181e-23,2.64472291717202e-22,"ENSMUSG00000035681"
374.46751719675,2.84465694964391,0.29307292705342,2.57788476076195e-23,2.66599797558342e-22,"ENSMUSG00000022860"
12371.9976859866,-0.616719949361205,0.0622387313851355,2.61933748103655e-23,2.70714765182939e-22,"ENSMUSG00000023913"
417.338794303024,1.8539980894392,0.189785172138724,2.69944035537724e-23,2.78816561578875e-22,"ENSMUSG00000048826"
636.533410791277,-0.862096321372943,0.0873771806452829,2.90059083987506e-23,2.99402775469158e-22,"ENSMUSG00000018697"
9572.06588779732,1.11632149979148,0.113534389552043,2.96592501078337e-23,3.05758881098997e-22,"ENSMUSG00000028931"
1605.09250857438,0.618304772797029,0.0624596527333198,2.96429485379697e-23,3.05758881098997e-22,"ENSMUSG00000062127"
1584.97120154139,-1.03036756159968,0.104754479623687,3.01330068373938e-23,3.10446256518415e-22,"ENSMUSG00000040236"
988.09320429135,1.90693604951083,0.195818335320842,3.08223931040851e-23,3.17347827291776e-22,"ENSMUSG00000021303"
6793.76707561964,-0.760933001848999,0.0771339586217587,3.15285790541344e-23,3.24413533402781e-22,"ENSMUSG00000020738"
8006.4506569105,0.841050476657908,0.0853124795504942,3.28518560273192e-23,3.3760259622014e-22,"ENSMUSG00000025321"
1456.07123001665,-1.08207502027688,0.110159399138116,3.28405849689377e-23,3.3760259622014e-22,"ENSMUSG00000032384"
310.249715358256,1.87709760944617,0.192824855074648,3.34750676561582e-23,3.4379000082457e-22,"ENSMUSG00000050541"
136.311368675697,-8.37562355491732,0.825696654035936,3.47740076558853e-23,3.56904978954918e-22,"ENSMUSG00000050700"
6732.12914890186,-0.917845671397378,0.0932868868201123,3.56654817229158e-23,3.65824014798755e-22,"ENSMUSG00000032249"
290.119893479804,-1.51197659700536,0.15492305829856,3.57071498077307e-23,3.6602077113995e-22,"ENSMUSG00000031609"
1876.32572172748,0.969117446489351,0.0986089719140365,3.72431314246526e-23,3.81525294732847e-22,"ENSMUSG00000013076"
3673.26856334357,-0.816165807975473,0.082924714033609,3.84543617656942e-23,3.93685598001239e-22,"ENSMUSG00000026491"
10799.8957817596,1.74978527025774,0.180139910697963,3.95692494753734e-23,4.04844904437541e-22,"ENSMUSG00000029223"
430.274680917763,2.30254498765502,0.237634346507089,4.06803666441197e-23,4.159516383373e-22,"ENSMUSG00000034997"
2920.26137852173,-0.839252503407684,0.0853838510098402,4.28860684000021e-23,4.3822939197441e-22,"ENSMUSG00000018076"
1431.95782593266,0.924454811407303,0.0941458924101415,4.31178695732639e-23,4.40321631689831e-22,"ENSMUSG00000060548"
1610.86080294712,-0.892126305750861,0.090824427184757,4.31943136706029e-23,4.40825729109764e-22,"ENSMUSG00000000627"
6870.7809244825,0.880098541918315,0.0895618019029196,4.54296456464375e-23,4.63348227965357e-22,"ENSMUSG00000022048"
793.383127377912,-4.87607809971045,0.508241755105724,4.59013696013941e-23,4.67866308310265e-22,"ENSMUSG00000031962"
56.2121294129857,3.15727180761803,0.327265031048747,4.64252855280574e-23,4.72910386624354e-22,"ENSMUSG00000021697"
944.179031266924,-0.905368023377738,0.0922803433852513,4.74653026245092e-23,4.8320212390354e-22,"ENSMUSG00000037653"
625.328682830818,1.4013490553495,0.1437548527212,4.86680224671965e-23,4.9513629357564e-22,"ENSMUSG00000022382"
1248.12859212552,1.68807804824665,0.173894392735312,4.99472194206103e-23,5.07833127875512e-22,"ENSMUSG00000018166"
3122.13749768101,-0.949177910727911,0.0968665941383439,5.02103530809799e-23,5.10189842354676e-22,"ENSMUSG00000029651"
79944.3053201251,0.708221702407645,0.0719817661265655,5.13106006345671e-23,5.20719424644316e-22,"ENSMUSG00000007097"
3107.2381409736,-1.14001950595819,0.11679801524692,5.13082151602845e-23,5.20719424644316e-22,"ENSMUSG00000022788"
203.284055024608,1.9622068951345,0.202590261869746,5.17865918504292e-23,5.25222518468091e-22,"ENSMUSG00000045667"
115.937202606733,1.8564335049448,0.191566716025227,5.45374172660465e-23,5.52777134655482e-22,"ENSMUSG00000022123"
2102.96279389036,-1.12860216879525,0.115574746242164,5.46026753035122e-23,5.53094180827985e-22,"ENSMUSG00000048490"
635.048443041336,-1.11571629435221,0.114278667722625,5.68014705280586e-23,5.75008916203817e-22,"ENSMUSG00000090290"
1154.05944552717,1.28237193194715,0.131641700156615,5.91645584234028e-23,5.98558534503511e-22,"ENSMUSG00000040183"
2519.41104585203,-0.855016322923041,0.0873103951549381,6.04037583662277e-23,6.10715763158667e-22,"ENSMUSG00000014748"
842.338642921245,-1.14441622207778,0.117350531227332,6.10583407113992e-23,6.16950757355777e-22,"ENSMUSG00000025821"
2274.38303047786,1.95469183691309,0.202200737005539,6.16471099389048e-23,6.22513433986038e-22,"ENSMUSG00000038526"
1188.07554720527,1.27529143339553,0.131065495917211,6.42865578261154e-23,6.48764158892441e-22,"ENSMUSG00000036882"
291.302070842398,-1.29920234418434,0.133639674484634,6.7093495896888e-23,6.76671577577165e-22,"ENSMUSG00000003198"
2870.36273958151,0.793289975897519,0.0810293967921141,6.92102945907356e-23,6.97588343868727e-22,"ENSMUSG00000094103"
65.1272510126602,2.81089663954971,0.291622702424154,7.16404309864718e-23,7.21635479949126e-22,"ENSMUSG00000090671"
199.065446426093,2.54938949672905,0.264710061420325,7.3636277528416e-23,7.41280968217413e-22,"ENSMUSG00000113670"
375.779705340689,-2.01799883070595,0.209496577774644,7.58306095780182e-23,7.62899049883177e-22,"ENSMUSG00000038843"
91.3461580679529,2.26857594068757,0.236063622791595,7.82801023694727e-23,7.87055902637601e-22,"ENSMUSG00000032776"
5030.05852345369,1.11722516449708,0.114829441556203,8.11644459368641e-23,8.15552377135971e-22,"ENSMUSG00000048978"
1479.37202243617,2.24845437554398,0.233788335788605,8.16362385134277e-23,8.19786977496346e-22,"ENSMUSG00000045613"
2243.56617872993,-0.835541477385228,0.085604516732823,8.21432303260648e-23,8.24369607427671e-22,"ENSMUSG00000045409"
3020.62892046579,-0.814360633130045,0.0833975986051357,8.57201489747131e-23,8.59736651269489e-22,"ENSMUSG00000000056"
183.211932901985,-1.3635174698693,0.140724103569805,8.63696970514278e-23,8.65717936331984e-22,"ENSMUSG00000019838"
628.17146172399,1.16585104612017,0.119961997643927,8.75552507808687e-23,8.77061152129834e-22,"ENSMUSG00000051537"
9018.98055686482,-0.973905330453731,0.100034034269306,8.94678914160906e-23,8.95669333623077e-22,"ENSMUSG00000042453"
219.966784205877,-1.23257414771246,0.127111062199016,9.44324059671012e-23,9.44788386190826e-22,"ENSMUSG00000023571"
15461.1131362526,0.472817546165471,0.0482657053057326,9.9987923034015e-23,9.99756395053867e-22,"ENSMUSG00000021794"
4597.3566226369,1.10556733860906,0.113921871560657,1.04033399915543e-22,1.03956763893506e-21,"ENSMUSG00000009418"
530.791949284428,1.56618103746043,0.16248032704658,1.09015688476716e-22,1.08868550737668e-21,"ENSMUSG00000022766"
3136.06552236289,-1.39917857502602,0.14499588176004,1.17528303527138e-22,1.17297714580917e-21,"ENSMUSG00000047496"
1807.49672337352,-0.876666669917994,0.0902425875284893,1.26525476173208e-22,1.26199859138939e-21,"ENSMUSG00000021252"
2934.2723338317,1.04696717675019,0.108024783791789,1.27996446157672e-22,1.2758886408785e-21,"ENSMUSG00000032537"
327.479184263656,1.29666584708045,0.134361330873789,1.30497126319665e-22,1.30001971984792e-21,"ENSMUSG00000050248"
60338.6569540631,0.54829973409153,0.0560591597573701,1.35036858265963e-22,1.34442200541489e-21,"ENSMUSG00000022892"
4896.7033760807,-1.04837581701866,0.10833540648205,1.43280472331631e-22,1.42562318374956e-21,"ENSMUSG00000027589"
2406.6662023147,1.09499317086313,0.113187721385369,1.44052568632915e-22,1.43242987917324e-21,"ENSMUSG00000040648"
1134.36431401111,1.14945158564041,0.118967588863417,1.4502268146842e-22,1.44119609825576e-21,"ENSMUSG00000001542"
1942.17708828432,-0.71644025568928,0.0737031646480091,1.48035067652114e-22,1.47023479636432e-21,"ENSMUSG00000003154"
19562.4112550301,-0.93882983427867,0.0971332942745884,1.51189365046332e-22,1.50064663672207e-21,"ENSMUSG00000049313"
1076.39804761472,1.2482369774537,0.129350556202231,1.51685093210271e-22,1.50464957177136e-21,"ENSMUSG00000032946"
98.7254540627977,-11.7076104330622,3.11806575958782,1.56167664656839e-22,1.54817128214618e-21,"ENSMUSG00000074695"
6452.5183190268,-0.915424990344375,0.0945569275942005,1.59590319240487e-22,1.58113890237166e-21,"ENSMUSG00000029068"
435.918211986786,2.63991402955058,0.277420431939519,1.66950541791762e-22,1.65305408715711e-21,"ENSMUSG00000037578"
600.614223884315,-0.998982928398701,0.103434738548599,1.76537392204401e-22,1.7469153010962e-21,"ENSMUSG00000030839"
644.488680575678,1.26113867933977,0.130947032307982,1.76984132618698e-22,1.75027199925102e-21,"ENSMUSG00000025429"
38673.2340171357,0.894791278060309,0.0916963214489435,1.83390330696786e-22,1.81252447060248e-21,"ENSMUSG00000072235"
763.485731814775,-0.915762740858603,0.0947999642321855,2.07093605415852e-22,2.04555200786362e-21,"ENSMUSG00000022309"
702.87602330463,1.34177026557185,0.13970729121024,2.13870004037363e-22,2.11120432123723e-21,"ENSMUSG00000048004"
362.799391455808,1.46906952202379,0.153406555044898,2.2021471787036e-22,2.17251828939013e-21,"ENSMUSG00000022894"
280.899178621044,1.57462488265303,0.164699712182207,2.21603812573276e-22,2.18489815933846e-21,"ENSMUSG00000018008"
2286.68354529287,-0.837383419313918,0.0866985203907286,2.32067498439117e-22,2.28667962445034e-21,"ENSMUSG00000034168"
149.081899028554,-1.98920630104829,0.209049740331495,2.38348467077094e-22,2.34714842533632e-21,"ENSMUSG00000029061"
238.458850322918,1.66427723058378,0.174200353054114,2.41132622742476e-22,2.37312988694198e-21,"ENSMUSG00000035697"
132.486659090321,2.73742162097958,0.288619731947743,2.4712759512018e-22,2.43066041895244e-21,"ENSMUSG00000044014"
797.217730138703,-0.840472429261556,0.087106513539546,2.64694333199772e-22,2.60186857235863e-21,"ENSMUSG00000049232"
27210.9770560465,-0.667304106705888,0.0690266888650141,2.68278208007971e-22,2.63550553406986e-21,"ENSMUSG00000028161"
1655.54551840608,0.989107214948922,0.102775889229871,2.69190062609444e-22,2.64286841927414e-21,"ENSMUSG00000026796"
6827.86445677668,-0.610173920823622,0.0631151928218583,2.84904225490323e-22,2.79546171340053e-21,"ENSMUSG00000051359"
373.95609990103,1.52297691513249,0.159626362905972,2.86677524408526e-22,2.81116671224216e-21,"ENSMUSG00000040229"
5599.7669105601,-0.503894892595753,0.0520822823607162,3.0028868660358e-22,2.94286528629324e-21,"ENSMUSG00000031311"
4385.67799544849,-0.98343694410008,0.102334511579805,3.03367612974738e-22,2.97125030325078e-21,"ENSMUSG00000061589"
1004.1611737179,-0.772648425172319,0.0801827975151534,3.13120281220944e-22,3.06492599982834e-21,"ENSMUSG00000061559"
407.545403855519,2.46561320118447,0.260592703591314,3.16680885496768e-22,3.09791553732956e-21,"ENSMUSG00000032556"
6369.93941465333,-0.923544854281428,0.096076150280991,3.24490133122863e-22,3.17240263481919e-21,"ENSMUSG00000039478"
262.038801241085,2.14165743178732,0.225775372985708,3.31800403876458e-22,3.24192495456241e-21,"ENSMUSG00000046186"
126.343930098229,2.2158552749605,0.23373129817611,3.36587796279872e-22,3.28672834303764e-21,"ENSMUSG00000005373"
3093.01109738482,-0.988222746319372,0.102998541669446,3.47120866769339e-22,3.38553370379682e-21,"ENSMUSG00000004056"
1395.0692985578,-0.860900999346447,0.0895488612354987,3.47122235633179e-22,3.38553370379682e-21,"ENSMUSG00000038446"
62.4318473233967,-2.98288253249853,0.315043565556877,3.73442793755276e-22,3.64006095613676e-21,"ENSMUSG00000032419"
1937.7788928334,-1.36343742375099,0.143007859026308,3.76309945387816e-22,3.66581286117466e-21,"ENSMUSG00000096780"
2692.90502221613,-1.00502257813075,0.104919435221003,4.0044944296327e-22,3.89863399076322e-21,"ENSMUSG00000028519"
2741.65876318661,-1.0041119188858,0.104827580613888,4.00810661673866e-22,3.89981826104435e-21,"ENSMUSG00000015766"
95.1743735996514,1.97868134643754,0.208699910884588,4.09931066557499e-22,3.98617556835302e-21,"ENSMUSG00000073197"
820.535987308601,1.06796082872632,0.111635680232949,4.14422384984797e-22,4.0274433330045e-21,"ENSMUSG00000027765"
5116.35881256398,1.12621823312116,0.117804983631842,4.16270259999966e-22,4.04298764455814e-21,"ENSMUSG00000028926"
14110.3716484889,-1.01767715117193,0.106019155890355,4.21032472298813e-22,4.08680177941567e-21,"ENSMUSG00000058975"
385.830452641281,1.21852309205989,0.127566946866133,4.27703419999205e-22,4.14908001832364e-21,"ENSMUSG00000027560"
445.285486797574,2.03749542531241,0.215332179193644,4.36139307335024e-22,4.22839526194134e-21,"ENSMUSG00000117286"
742.95198075764,1.19197445727961,0.124907766296757,4.43729458050493e-22,4.29942149889639e-21,"ENSMUSG00000041939"
1059.41577006524,1.15441817455432,0.120912081301822,4.49389506392839e-22,4.35167304286891e-21,"ENSMUSG00000025255"
1856.02319575938,0.866748075250771,0.0904046457133295,4.51765848389309e-22,4.37208351966776e-21,"ENSMUSG00000000223"
1182.70431920247,-0.689735717616238,0.0717825632042726,4.6077825369822e-22,4.45665384058207e-21,"ENSMUSG00000039117"
371.93086227653,-1.74473591241311,0.184296557904062,4.72179383568039e-22,4.56421378011909e-21,"ENSMUSG00000094840"
3893.82618564279,-0.541853884921258,0.0563428867076565,5.03594604827193e-22,4.86499286491219e-21,"ENSMUSG00000028945"
406.624095854643,2.84098278054505,0.302224940828141,5.06635826008581e-22,4.89146973651701e-21,"ENSMUSG00000034796"
1537.33273981669,1.75842572111293,0.185783933662908,5.08079829103539e-22,4.90250353180048e-21,"ENSMUSG00000022577"
1754.15827182452,0.900766576445377,0.0941212456212129,5.17869600854267e-22,4.99400554662663e-21,"ENSMUSG00000024944"
698.344202529182,1.52674509578678,0.161008913655306,5.21302627377054e-22,5.02413509084883e-21,"ENSMUSG00000006711"
4583.52838217374,1.21418494590795,0.127457564884176,5.2309273227093e-22,5.03840443544745e-21,"ENSMUSG00000060012"
8401.16087885551,0.662870006741888,0.0690221547479498,5.26413477025348e-22,5.0673912353747e-21,"ENSMUSG00000020827"
67.1664235722206,5.0826993718766,0.535013204278209,5.41432359274384e-22,5.20888649188441e-21,"ENSMUSG00000030666"
681.561813266987,-1.15252932740657,0.121061287236707,5.48905406317888e-22,5.2776622587375e-21,"ENSMUSG00000007041"
9593.45279278515,-1.02759508280919,0.107696882403667,5.55495082862528e-22,5.33786833461406e-21,"ENSMUSG00000024743"
15282.734119043,-1.65524181078261,0.175247370586632,6.1548865973164e-22,5.91086985434315e-21,"ENSMUSG00000025892"
614.795886542211,1.49974187107756,0.158407994938581,6.16549923000233e-22,5.91757054634304e-21,"ENSMUSG00000001025"
859.547697193466,0.740006123156056,0.077273955174308,6.20081977944043e-22,5.94796372243556e-21,"ENSMUSG00000058486"
43.4224519840713,3.52637143920374,0.373220686768545,6.35273467129699e-22,6.09009511068154e-21,"ENSMUSG00000020123"
8483.21943483084,-0.566776481257744,0.0590965722098402,6.42669924752079e-22,6.15737553567648e-21,"ENSMUSG00000035964"
1922.53526936669,0.6390703860957,0.0667060412485422,6.52940064495288e-22,6.25209315873782e-21,"ENSMUSG00000018322"
127.045299071,-3.16467619505546,0.339957484559185,6.85938479184672e-22,6.56420138986954e-21,"ENSMUSG00000043251"
1953.26363636195,-0.683666358973137,0.0714599261797395,6.90727977320399e-22,6.60615159507723e-21,"ENSMUSG00000063200"
2401.64707221078,1.39632810167833,0.147452041312777,7.0273180283695e-22,6.71701015066345e-21,"ENSMUSG00000033373"
1521.74221600066,1.01964896630024,0.107135176392917,7.33482426780569e-22,7.00682332343551e-21,"ENSMUSG00000050840"
1228.38386854116,1.11421657628651,0.117309546384655,7.43208539158213e-22,7.09557102663776e-21,"ENSMUSG00000032224"
3714.39405957953,-0.794858763171555,0.0832923396744031,7.58054433609855e-22,7.233065691853e-21,"ENSMUSG00000020074"
1919.46791176564,1.40389304954028,0.148380801176924,7.65538316558257e-22,7.30019491326028e-21,"ENSMUSG00000025366"
5375.31437464636,-1.05331368599502,0.110910397866543,8.15204379177794e-22,7.76926047087596e-21,"ENSMUSG00000027162"
10086.4891739518,1.2128468636782,0.127978857297818,8.33786671784983e-22,7.94170827578465e-21,"ENSMUSG00000021820"
10339.9157921801,-1.15015719275061,0.121415420527681,8.98510053998859e-22,8.55318518069791e-21,"ENSMUSG00000053477"
3647.32944670711,1.47336789439548,0.156163293485705,9.10603786674175e-22,8.66324280507436e-21,"ENSMUSG00000029108"
490.17499887369,-1.52829229826677,0.162209346442459,9.1493014968464e-22,8.69931832743375e-21,"ENSMUSG00000048458"
3013.50283513241,0.630857582238134,0.0660858158233177,9.38108035476975e-22,8.9144907189108e-21,"ENSMUSG00000035311"
691.661688325424,2.10793178012338,0.224983480507645,9.65697997066262e-22,9.1713138834566e-21,"ENSMUSG00000049555"
1699.44915508054,0.967959184947634,0.101985905130282,1.00185404178909e-21,9.50914291092876e-21,"ENSMUSG00000046079"
2652.30579092935,-0.879614159640563,0.0925929791668059,1.01313385577742e-21,9.61060192560889e-21,"ENSMUSG00000044667"
4147.88172920098,0.984703306703205,0.103770675930893,1.02512486048763e-21,9.71868519453557e-21,"ENSMUSG00000068798"
991.459367616848,1.25908337412784,0.133309587556121,1.02731049536842e-21,9.73373704517295e-21,"ENSMUSG00000040473"
863.109808200042,0.823082034500187,0.0865964288826849,1.06752445830236e-21,1.01088790763501e-20,"ENSMUSG00000050908"
974.352423179492,1.00753811275068,0.106394947225799,1.07713849908915e-21,1.01939886559146e-20,"ENSMUSG00000035212"
710.219428599708,2.21723936481753,0.237137025744003,1.09642856128796e-21,1.0370519535529e-20,"ENSMUSG00000073433"
3201.09502846157,-0.715515200071434,0.0752001506399588,1.10498192317387e-21,1.04453517685391e-20,"ENSMUSG00000059436"
56.4189388331666,-2.80614420945188,0.299996327755858,1.10843096006048e-21,1.04718741543033e-20,"ENSMUSG00000031465"
2745.13825020979,-0.842700910940062,0.0887448064097123,1.12169854077835e-21,1.05910724169315e-20,"ENSMUSG00000017548"
67.4031172545058,-2.8679110522367,0.30861522890568,1.15457059170907e-21,1.08951304880233e-20,"ENSMUSG00000079355"
2675.82538496959,1.48852243891954,0.158312079071669,1.17781984085604e-21,1.11080830645739e-20,"ENSMUSG00000038695"
379.645774730793,-1.41951005217028,0.150903293081739,1.21365967762436e-21,1.14394627865485e-20,"ENSMUSG00000058729"
1401.89318396914,1.91331056782975,0.204661135414659,1.27930972111895e-21,1.20512752548462e-20,"ENSMUSG00000064325"
215.920712653146,2.26173946636166,0.242216034970535,1.29503704948401e-21,1.21923731009258e-20,"ENSMUSG00000031497"
915.7638216391,1.70883579041182,0.182493236468022,1.40958132619798e-21,1.32631010565611e-20,"ENSMUSG00000004961"
724.777945126929,0.848169041991585,0.0895264471110982,1.42994607650206e-21,1.34469452532066e-20,"ENSMUSG00000036894"
3967.26075398236,-0.836746842967665,0.0883711412261982,1.47758987355687e-21,1.38869560980132e-20,"ENSMUSG00000028086"
127.185207878436,2.50364872373673,0.269906778935344,1.55551278734535e-21,1.46108696782502e-20,"ENSMUSG00000030769"
470.215148726091,-1.3554436327978,0.144471934798111,1.57742589089968e-21,1.48081537785842e-20,"ENSMUSG00000040093"
147.884164653825,-2.07184210962075,0.222908493242642,1.79384256885491e-21,1.68203740413711e-20,"ENSMUSG00000021469"
1497.77672130965,-0.768758604761955,0.0813017198869815,1.79303400697472e-21,1.68203740413711e-20,"ENSMUSG00000050989"
9318.5590800411,0.63817666512949,0.0673559323583848,1.88524235691281e-21,1.76672280286855e-20,"ENSMUSG00000036752"
1396.88256747556,1.01903725114458,0.108233909417192,1.91386329538941e-21,1.79251246964032e-20,"ENSMUSG00000022132"
433.436607555669,1.24381957977701,0.132532015799053,1.9573364672192e-21,1.83217498639414e-20,"ENSMUSG00000032338"
1458.71790568146,1.24065076031267,0.132151707171766,1.97427599405906e-21,1.84696923168353e-20,"ENSMUSG00000029245"
268.217186561819,2.97125949270376,0.323060848539436,2.12799853523815e-21,1.98963585046563e-20,"ENSMUSG00000052688"
650.674697656105,-1.24564329256214,0.132933527928522,2.13822426854774e-21,1.99690273341481e-20,"ENSMUSG00000020423"
548.500216520219,2.26939915649279,0.244670412849944,2.13797038144517e-21,1.99690273341481e-20,"ENSMUSG00000032564"
274.49895759397,2.42770832664463,0.261853196485095,2.16638786819275e-21,2.02204482330513e-20,"ENSMUSG00000059991"
3964.74882883324,1.97162698391362,0.212269794318702,2.24473780717374e-21,2.0939737550243e-20,"ENSMUSG00000045763"
12723.0392054105,-0.936377884025232,0.0995245950574858,2.26308783383924e-21,2.10988223134222e-20,"ENSMUSG00000033768"
1488.04251358705,1.03586546622448,0.11026409065249,2.26446813017507e-21,2.10996063096679e-20,"ENSMUSG00000001786"
82.8375160178482,-11.4149740293007,3.08546176980626,2.31611960293036e-21,2.15685325494853e-20,"ENSMUSG00000056457"
2758.93099534349,-1.03203929121909,0.109918275058851,2.35905029961875e-21,2.19557580201224e-20,"ENSMUSG00000020032"
202.117969395841,2.23799276780328,0.241584729211724,2.39131609399623e-21,2.22433390731833e-20,"ENSMUSG00000034402"
507.90680031466,1.24782936633676,0.13342688085696,2.48432495005901e-21,2.30952835734213e-20,"ENSMUSG00000035235"
13247.3022904976,0.984481542806816,0.104799704113158,2.52352370259961e-21,2.34463007025779e-20,"ENSMUSG00000024597"
11394.8252981624,1.22826925371154,0.131281724022607,2.5735331150366e-21,2.38973029358618e-20,"ENSMUSG00000025153"
1702.76942797085,1.81009807457754,0.194813065559611,2.59255861512824e-21,2.40602446619484e-20,"ENSMUSG00000032172"
24808.0635923864,-0.830879796148544,0.0884991236434845,2.83051103916663e-21,2.62535946983216e-20,"ENSMUSG00000013921"
824.755779794493,1.48175469734408,0.159099380983484,2.85531782467568e-21,2.64686011105187e-20,"ENSMUSG00000074971"
3145.17860923471,0.759555228426884,0.080742196684239,2.88951198352039e-21,2.67703335616078e-20,"ENSMUSG00000023909"
4078.70167446166,-0.879521263422377,0.0936604940166028,2.91165469790082e-21,2.69601337727131e-20,"ENSMUSG00000035597"
6165.69063425654,1.04454242323976,0.111398179054627,3.03554031311122e-21,2.80912593614693e-20,"ENSMUSG00000021194"
3087.67097184532,0.742696670533114,0.0789586795888943,3.08042463946134e-21,2.84904274324726e-20,"ENSMUSG00000028962"
1841.1106216108,-0.81439719448351,0.0867286978109476,3.20356049111468e-21,2.96124688667602e-20,"ENSMUSG00000026365"
97.0482691237009,-2.70120318871751,0.294707451691338,3.2566832786632e-21,3.00864304256978e-20,"ENSMUSG00000001281"
7412.62055780035,-0.769155690193598,0.0819648934727148,3.49481101976325e-21,3.22680282357947e-20,"ENSMUSG00000021071"
817.622120368237,-1.13185354203912,0.12131822247367,3.62699282221348e-21,3.3469494988657e-20,"ENSMUSG00000040435"
23909.0846340542,0.935194335439621,0.0999010651197027,3.65090147935719e-21,3.36710335869554e-20,"ENSMUSG00000031447"
1232.59294410034,0.868358973880921,0.0926778195135222,3.67986486750962e-21,3.39189356247574e-20,"ENSMUSG00000048232"
2272.58587778694,-0.897828045404541,0.0959079748752092,3.71644670910888e-21,3.42367399721983e-20,"ENSMUSG00000046798"
648.912139819824,1.19923355698933,0.128719601176983,3.80249885054287e-21,3.50096585345797e-20,"ENSMUSG00000025792"
3434.96669117747,-0.647003564851459,0.0688838086176084,3.93434902350481e-21,3.62031279845174e-20,"ENSMUSG00000026319"
1167.0569158049,0.785384044426229,0.0837996504878326,3.9427360609642e-21,3.62598065538844e-20,"ENSMUSG00000021725"
1158.50659467032,0.894080422411935,0.0955316832916567,3.95726107948194e-21,3.63728378609865e-20,"ENSMUSG00000063646"
69.882235370618,-3.51833864341452,0.382324960327541,4.00647674804398e-21,3.68044178920203e-20,"ENSMUSG00000040310"
873.159619396636,0.798280177163181,0.0852411629584224,4.35901280581267e-21,4.00203104641955e-20,"ENSMUSG00000029575"
1867.64682504893,-1.41730362824654,0.152880850088124,4.37400381015152e-21,4.01353066638368e-20,"ENSMUSG00000020620"
188.194963824277,2.08383504090223,0.226675080048383,4.8488758647073e-21,4.44676063806791e-20,"ENSMUSG00000027173"
2060.76751156201,0.992238071006111,0.106474727652237,5.0028395887232e-21,4.58537290682637e-20,"ENSMUSG00000025950"
1124.70351546687,-0.754778078364566,0.0807055617625106,5.01201805193977e-21,4.59120032917701e-20,"ENSMUSG00000028773"
449.412680617851,-1.59331391991416,0.172446518045729,5.03582612487878e-21,4.610414941551e-20,"ENSMUSG00000029563"
2503.65067744289,-0.662142042971703,0.0707167528145684,5.04907828813138e-21,4.61994920596979e-20,"ENSMUSG00000026571"
1979.87434450894,1.13329265604025,0.121930837855123,5.11437648569651e-21,4.67706856371729e-20,"ENSMUSG00000034912"
1325.76073876323,-1.03653962500288,0.111408985249346,5.29665345109759e-21,4.84104013907729e-20,"ENSMUSG00000051022"
1875.77086306191,-0.924028264690497,0.0991790835686252,5.30499376591455e-21,4.84594211681016e-20,"ENSMUSG00000026925"
837.527596834051,1.16437715935368,0.125339564820533,5.30957262939229e-21,4.84740455755736e-20,"ENSMUSG00000075592"
223.917278358987,2.71384416724781,0.296076163523009,5.49627946395446e-21,5.01504692344454e-20,"ENSMUSG00000034768"
756.518012274701,-1.06417767162377,0.114517083809529,5.63759004153602e-21,5.14110312023099e-20,"ENSMUSG00000056679"
83.505542346628,2.60735052189116,0.284254958058198,5.68683975789774e-21,5.18311184653188e-20,"ENSMUSG00000048442"
1275.87335333553,-1.27984325320575,0.138355078984546,5.71234375013268e-21,5.20344328845326e-20,"ENSMUSG00000021458"
40519.918956135,-0.787192697329271,0.0843508750564954,5.73106328937918e-21,5.21643723693514e-20,"ENSMUSG00000057738"
2070.97269658527,-1.06207509049033,0.114246140151517,5.73301770295919e-21,5.21643723693514e-20,"ENSMUSG00000075701"
3672.0974009439,-0.783510769790427,0.0839935249419787,5.85635309038094e-21,5.32568243604586e-20,"ENSMUSG00000021377"
2844.23000283166,-1.46886409873878,0.159086273025701,6.08070752315572e-21,5.52661960144773e-20,"ENSMUSG00000023868"
3388.50749922341,0.992282105963003,0.106790033522796,6.38359670206891e-21,5.79867115604228e-20,"ENSMUSG00000031367"
1082.90373704734,-0.836672699100212,0.0898571837492235,6.3873059984336e-21,5.79880463148367e-20,"ENSMUSG00000062352"
134.445655272074,2.45260508226957,0.267475713244646,6.43260238194748e-21,5.83667232850285e-20,"ENSMUSG00000015843"
2874.99299501243,0.660608575124272,0.0707515391188215,6.58485235677437e-21,5.97148895061689e-20,"ENSMUSG00000032902"
5536.74339303598,0.810210007026683,0.0869942716339134,6.84980322686933e-21,6.20830161063357e-20,"ENSMUSG00000036949"
5395.74985743669,-0.836497707260866,0.0899190792497659,6.9099345354511e-21,6.25931632543533e-20,"ENSMUSG00000058153"
6413.93846729193,1.06695692773812,0.115067685467293,7.00432463297943e-21,6.34129012100329e-20,"ENSMUSG00000021957"
42668.3440437147,0.940539592037138,0.101285997452766,7.35717716520439e-21,6.65703890468022e-20,"ENSMUSG00000027254"
674.886700756282,1.4037417019836,0.15233802151843,7.56467191551092e-21,6.84098496892704e-20,"ENSMUSG00000045608"
4391.27640977805,0.803528254877344,0.0863429154140238,7.6502621773923e-21,6.91454568148761e-20,"ENSMUSG00000022099"
595.485586054516,1.05342448675549,0.113686757672802,7.86696721773749e-21,7.10646461544566e-20,"ENSMUSG00000054850"
293.640174256223,-1.9203972900765,0.209785486915953,7.91358089735512e-21,7.14460731265372e-20,"ENSMUSG00000046719"
405.899209978647,1.14778259907271,0.124183713334832,8.01189011104841e-21,7.22935405918215e-20,"ENSMUSG00000037196"
1752.92061183447,-0.868548351981373,0.0935695998770871,8.13918469092442e-21,7.34014672569905e-20,"ENSMUSG00000079509"
7040.19669043418,-0.943866939288957,0.101823642531309,8.26411274418608e-21,7.4486836793943e-20,"ENSMUSG00000055447"
169.729319203974,2.02875460466158,0.221588682542382,8.99014981170891e-21,8.09859760016589e-20,"ENSMUSG00000063506"
3062.04496789534,1.01055648503287,0.10925130893603,9.36112371344811e-21,8.42811790970732e-20,"ENSMUSG00000061028"
128.522727672422,2.2173502137215,0.243124656975758,9.38354728812447e-21,8.44363641548315e-20,"ENSMUSG00000028159"
874.452661889754,-1.34736933147268,0.146485728844383,9.76011437558661e-21,8.77763214396679e-20,"ENSMUSG00000029359"
759.279777293996,1.06703455136074,0.115588149750622,1.00957710103007e-20,9.07448705166617e-20,"ENSMUSG00000021779"
1817.11354728726,1.23845552578729,0.134480774795764,1.01045166002801e-20,9.07733560813245e-20,"ENSMUSG00000041548"
9416.80432956986,0.602114414404362,0.0647239480634407,1.01853768024559e-20,9.14492904524967e-20,"ENSMUSG00000048388"
405.738249261644,-1.0933386574424,0.118614214201086,1.03905277967587e-20,9.32398078697015e-20,"ENSMUSG00000036533"
4401.27479267385,0.975293103970914,0.1055620919557,1.07616793222524e-20,9.6517143805854e-20,"ENSMUSG00000025503"
1379.66638170932,0.891746062998953,0.0963857852108891,1.09064750112221e-20,9.77618944012515e-20,"ENSMUSG00000004562"
3513.04059150776,-0.857481444648167,0.092705598554701,1.09698255165434e-20,9.82756300265789e-20,"ENSMUSG00000031955"
5657.98892444411,-0.87703678079565,0.094836210234397,1.11917916316013e-20,1.00209012199783e-19,"ENSMUSG00000033998"
99.2032690185316,2.18628646844673,0.240590758787599,1.17937687904526e-20,1.05540939181412e-19,"ENSMUSG00000041377"
5465.11975337123,-1.13004708883855,0.122899480741069,1.19061463982177e-20,1.06488050038565e-19,"ENSMUSG00000024924"
2308.39595656307,-0.606426064852104,0.0653607698753013,1.20946881450805e-20,1.08114955313355e-19,"ENSMUSG00000038628"
9480.21169530864,0.821839989393513,0.0896301091866105,1.25897585405535e-20,1.12478644085142e-19,"ENSMUSG00000058672"
295.333488748092,1.25971223471963,0.13714569294167,1.26349783376236e-20,1.12820722643904e-19,"ENSMUSG00000091754"
3834.26702864819,-1.07508025161337,0.116900162238976,1.32774681675954e-20,1.18492668219363e-19,"ENSMUSG00000090112"
1085.65730711299,1.72078279634947,0.188683258654847,1.36803235230582e-20,1.22020989757995e-19,"ENSMUSG00000042425"
22846.0113905178,1.5594488034027,0.171561466958672,1.402524997863e-20,1.25029035680251e-19,"ENSMUSG00000038375"
1228.61979154548,0.773220050565081,0.0837770210735747,1.5535512556445e-20,1.38416570002086e-19,"ENSMUSG00000020876"
213.306349282004,2.23680076943294,0.246654098797004,1.56555546043096e-20,1.39409801886735e-19,"ENSMUSG00000040490"
1627.328666283,-1.02154851922583,0.111165168196022,1.56818113302653e-20,1.39567263441257e-19,"ENSMUSG00000021948"
6189.75327440985,1.12926586817158,0.123072443682288,1.58079779886768e-20,1.4061325994518e-19,"ENSMUSG00000038855"
5317.93154054535,-0.605070926910913,0.0654541957881603,1.63615120096239e-20,1.45457505457487e-19,"ENSMUSG00000027770"
4760.34429508441,-0.634538312776864,0.0686603728616113,1.64671637498387e-20,1.46316862183337e-19,"ENSMUSG00000041133"
1042.16825504517,-1.00302890150082,0.109206204350372,1.7312964549836e-20,1.53748192548952e-19,"ENSMUSG00000039242"
196.533478749221,2.51505949419841,0.278832874534113,1.74103663668884e-20,1.54528867895425e-19,"ENSMUSG00000017868"
7600.51404102186,1.00529676605484,0.109482178057525,1.75980165805105e-20,1.56109271878773e-19,"ENSMUSG00000024665"
8283.67498810389,-0.627789763899175,0.0681332512399952,1.7844121186571e-20,1.58206211696625e-19,"ENSMUSG00000020594"
3806.74910774881,0.741375439151328,0.080431542582664,1.80657894647119e-20,1.60084333645389e-19,"ENSMUSG00000022296"
490.665654228138,-2.22656210109842,0.246518636314444,1.83112932777538e-20,1.62171508147593e-19,"ENSMUSG00000026051"
227.024569134527,2.03312009682819,0.22467126006932,2.12010320188178e-20,1.87661989778312e-19,"ENSMUSG00000031932"
3221.14500080092,-0.751694123899439,0.0817289927434739,2.14244834515862e-20,1.895368161005e-19,"ENSMUSG00000025237"
12922.16096248,1.81303150678163,0.199694234173491,2.14811794172863e-20,1.89935164885707e-19,"ENSMUSG00000030307"
4747.45073538207,1.06698540959017,0.116650931809618,2.25968538971576e-20,1.9969141571006e-19,"ENSMUSG00000041936"
4917.60742190345,-0.601613563819029,0.0653800225123533,2.41244656192502e-20,2.13075448372303e-19,"ENSMUSG00000035851"
1251.48827172184,-0.947105686908074,0.103517801088915,2.56301859345241e-20,2.26251717267995e-19,"ENSMUSG00000016552"
3516.28879774626,1.26731581459926,0.139268094709624,2.65637659719742e-20,2.34365844168995e-19,"ENSMUSG00000046093"
185.372808928101,1.68281030866514,0.186269990394226,2.69509028436057e-20,2.3765265248549e-19,"ENSMUSG00000026730"
1065.26037595672,1.01254288119822,0.11084819655555,2.75236276202373e-20,2.42571527017988e-19,"ENSMUSG00000078234"
2577.37203999795,0.600969231132311,0.0653855621272241,2.79454651389275e-20,2.46155996499709e-19,"ENSMUSG00000024958"
3144.48097956044,0.785424335803607,0.0857103475842356,2.8520450009765e-20,2.51084848706844e-19,"ENSMUSG00000048027"
4763.65018925786,-0.868867023793466,0.0949871485119701,2.93494093402807e-20,2.58243073103292e-19,"ENSMUSG00000048330"
2473.39268932614,1.15561701465038,0.126954185584203,2.95971222206887e-20,2.60281985687937e-19,"ENSMUSG00000078794"
18528.0684819025,0.674477172680486,0.0735310982386027,3.03010378890865e-20,2.66328452893385e-19,"ENSMUSG00000060126"
178.265421494226,1.43406968793688,0.158086265065886,3.0369081595225e-20,2.66782466382662e-19,"ENSMUSG00000037813"
2041.447130822,-0.572583120931588,0.0623548808654425,3.05545716035229e-20,2.68267161036756e-19,"ENSMUSG00000062190"
4709.64077024416,-1.37010957658425,0.151288477381254,3.06372250796397e-20,2.68847843582952e-19,"ENSMUSG00000036242"
53.1899291182455,2.88050430741291,0.318244866409284,3.070401768989e-20,2.69288793079757e-19,"ENSMUSG00000113642"
221.539142126069,1.63926292806188,0.181750120740593,3.12481581617507e-20,2.73913580267624e-19,"ENSMUSG00000040312"
315.59494574998,2.1888938000608,0.243494443871433,3.16398356171743e-20,2.77197655638517e-19,"ENSMUSG00000031937"
10687.3899906366,0.841764361115069,0.0920983031263167,3.23942656806006e-20,2.83654575981074e-19,"ENSMUSG00000036503"
5922.9575593069,-0.629159525515193,0.0686308963127451,3.26651102907541e-20,2.85872400705858e-19,"ENSMUSG00000025907"
1111.03751391472,1.19208503661193,0.131181427729372,3.35139207485482e-20,2.93143257358876e-19,"ENSMUSG00000021182"
969.087671803582,1.05639252663113,0.116193401405675,3.63263695047117e-20,3.17572847904241e-19,"ENSMUSG00000028995"
123.813235996858,-1.77831506736895,0.197534484220337,3.75005182334804e-20,3.27661532906384e-19,"ENSMUSG00000089665"
88.1632368177715,2.42651259411262,0.270426777554522,3.95186214753882e-20,3.45109506639683e-19,"ENSMUSG00000059645"
3535.06543710221,-1.18289701539434,0.130501326925984,3.9763765846945e-20,3.47064118207277e-19,"ENSMUSG00000045671"
4653.8182131286,0.898934248818373,0.0986228751940919,3.98451704699493e-20,3.47588255578689e-19,"ENSMUSG00000032648"
2047.44642632827,-0.856986704411331,0.0940743705332036,3.98694212508078e-20,3.47613518543466e-19,"ENSMUSG00000024240"
2946.02969707778,-0.815369779103701,0.0894157847214462,4.01495089902266e-20,3.498681516825e-19,"ENSMUSG00000041890"
606.281462829552,0.892747892239257,0.0979695519369473,4.02027599457596e-20,3.50144743925669e-19,"ENSMUSG00000036356"
3324.58498828719,0.624158538507653,0.0682345852422876,4.07443780967377e-20,3.54672185378982e-19,"ENSMUSG00000108348"
2324.38385446918,1.01413083212606,0.111608775903538,4.2432467176391e-20,3.6916926814393e-19,"ENSMUSG00000049327"
4554.15807832979,-1.27529695965415,0.14148241953403,4.26901145859902e-20,3.71212438691639e-19,"ENSMUSG00000074925"
8529.52383344091,1.62799410055231,0.18140099815617,4.32286896163772e-20,3.75694933035444e-19,"ENSMUSG00000046480"
291.809198455551,-1.26256210939108,0.139666759322798,4.44579676888875e-20,3.86172250821617e-19,"ENSMUSG00000023755"
2706.66648474311,-0.80437508497716,0.0883206532355149,4.55828865089528e-20,3.95732387516124e-19,"ENSMUSG00000030231"
46.3526347590275,-2.85763288364876,0.319847708485137,4.67745745646977e-20,4.05861686974493e-19,"ENSMUSG00000043289"
1613.93883903723,-0.715025359591195,0.0784272811089405,4.69097285347965e-20,4.06817560516472e-19,"ENSMUSG00000021224"
2897.68588677744,0.779078995400219,0.0855337623378503,4.7786770401597e-20,4.14202901276462e-19,"ENSMUSG00000001018"
122.422721221901,1.85788716413581,0.207298264257025,4.92714001407054e-20,4.26843986956042e-19,"ENSMUSG00000024300"
477.810279486798,1.10870001601505,0.122398666470406,4.98313699707616e-20,4.31465447012797e-19,"ENSMUSG00000039787"
450.100205324503,-0.834047863162073,0.0917112788618776,4.99166107828991e-20,4.31973732229682e-19,"ENSMUSG00000046191"
3458.07687052591,-1.06144605599398,0.117236927578758,5.08449245546958e-20,4.39773476036843e-19,"ENSMUSG00000050751"
105.47680971,2.82295105733492,0.319874897325499,5.15770833391964e-20,4.45869231330557e-19,"ENSMUSG00000019989"
18205.4946435957,-0.940231147392308,0.103649975512723,5.22420318835502e-20,4.51377810509783e-19,"ENSMUSG00000057897"
1447.75749881421,-0.84795473661533,0.0933771076661082,5.44591981222338e-20,4.70284788877306e-19,"ENSMUSG00000053205"
178.238406299009,1.55531016520914,0.17332463898146,5.66512085710587e-20,4.88954598684886e-19,"ENSMUSG00000020143"
1075.17191804914,-0.834807417754825,0.0919963264719261,5.81312061093632e-20,5.01462518838481e-19,"ENSMUSG00000030386"
61.8710573726942,3.29555793611435,0.369894955297132,5.84329421319735e-20,5.03798427978954e-19,"ENSMUSG00000031549"
150.70800384809,2.08594489537013,0.233446934921201,5.91644243648786e-20,5.09835097835624e-19,"ENSMUSG00000051920"
337.078495407132,1.04089968711474,0.115118356443858,5.99072859621045e-20,5.15963386714887e-19,"ENSMUSG00000042604"
1352.40713772005,-0.968884756665617,0.107060201574123,6.17084788152952e-20,5.31195461742663e-19,"ENSMUSG00000030083"
1725.48625614143,1.02927324736913,0.113832962001712,6.26937185417614e-20,5.39391305720292e-19,"ENSMUSG00000015846"
3438.3782545712,0.87689268616364,0.0967094623960729,6.41777798305673e-20,5.51867881712612e-19,"ENSMUSG00000033335"
674.696508316863,1.10537329810445,0.122536117163927,6.48611552208114e-20,5.57449780720363e-19,"ENSMUSG00000024899"
2883.87676257022,1.5801644404839,0.176319563185869,6.53662877345924e-20,5.61494686935986e-19,"ENSMUSG00000038642"
329.198963016555,1.59140498776533,0.177668831116718,6.54089630224031e-20,5.61564926201834e-19,"ENSMUSG00000041324"
799.514035650389,0.952282621510234,0.10530570634658,6.55945915988237e-20,5.62861761753111e-19,"ENSMUSG00000097715"
2568.74180053507,0.84172276099289,0.0928963527740267,6.69435445291799e-20,5.74134361351945e-19,"ENSMUSG00000040536"
143.901737526862,2.6875708921151,0.303011426137518,6.87915578639624e-20,5.89672974675924e-19,"ENSMUSG00000050511"
281.550780384459,1.38162233471139,0.153790743258348,6.9766399956567e-20,5.9771445183842e-19,"ENSMUSG00000020891"
3748.67664744957,-0.828711736543815,0.0915083618541806,7.04831969131816e-20,6.03537863941489e-19,"ENSMUSG00000009535"
936.976565040892,-0.804282777673272,0.0887648388342481,7.1057915050135e-20,6.08139190949578e-19,"ENSMUSG00000062931"
107.173452480283,-4.06112323932005,0.460278434110236,7.14714923226963e-20,6.1135730532257e-19,"ENSMUSG00000049107"
179.866651319021,-2.80249494258898,0.316567873308124,7.21742999793468e-20,6.17044776819227e-19,"ENSMUSG00000092470"
12140.5591781473,1.05276377275636,0.116724400361899,7.3545477192114e-20,6.2843741613293e-19,"ENSMUSG00000039542"
3978.5877745203,-0.629560324675398,0.0698570468179952,7.36965908252297e-20,6.29398271486405e-19,"ENSMUSG00000029512"
854.102155527284,1.5461997971623,0.172727678547271,7.44853860849193e-20,6.35801318662987e-19,"ENSMUSG00000024479"
264.356779509756,1.14979839071273,0.127793282029954,7.53676330961304e-20,6.42994932672333e-19,"ENSMUSG00000033857"
1212.36129333677,-0.943311646548846,0.104495818345246,7.57917181208565e-20,6.46274273217026e-19,"ENSMUSG00000037730"
212.272618496724,1.72710177586349,0.193425704965966,8.12143014700686e-20,6.92149947293077e-19,"ENSMUSG00000069920"
360.165777909415,1.89774551895604,0.213228490961752,8.71992578401884e-20,7.42767932560224e-19,"ENSMUSG00000030994"
1586.46376630993,0.949340093523757,0.105298218588068,8.76877052285651e-20,7.46537900476246e-19,"ENSMUSG00000028988"
883.380618070964,1.23556366914064,0.137793727897004,9.00079353525051e-20,7.65890837254614e-19,"ENSMUSG00000062760"
231.26295085654,1.6560735802632,0.186290444399984,9.07209754056685e-20,7.7155487860683e-19,"ENSMUSG00000029919"
253.323517833408,2.21998077766514,0.250957746141875,9.07687988187223e-20,7.71558489384419e-19,"ENSMUSG00000029797"
682.731245099376,0.85718238447623,0.094984088613618,9.4060685393578e-20,7.99123088119344e-19,"ENSMUSG00000021365"
537.61638789703,1.0674470309458,0.118735614208971,9.436902494552e-20,8.01324459083555e-19,"ENSMUSG00000030223"
4452.66029942889,-1.30512487042424,0.145842941051961,9.49366290463655e-20,8.05723903866912e-19,"ENSMUSG00000028132"
3107.69312137176,-0.795432688356638,0.0881122536588623,9.54759979847396e-20,8.09879257527666e-19,"ENSMUSG00000020463"
406.322839345152,1.49378351501358,0.167283665094102,9.62333707106245e-20,8.15878546056013e-19,"ENSMUSG00000025216"
1419.6730818269,-1.12023426459153,0.124800490011811,9.73840392638873e-20,8.25204263996646e-19,"ENSMUSG00000034145"
155.127036120149,-2.91311725643568,0.330528271254385,9.94486752471634e-20,8.4226094467915e-19,"ENSMUSG00000032528"
1309.85210668848,-1.5211843532,0.170452888096501,1.00698853692944e-19,8.52405585238554e-19,"ENSMUSG00000057440"
170.139251352126,1.67514003074482,0.18809872399615,1.00847657312085e-19,8.53221499857647e-19,"ENSMUSG00000028599"
1101.39010994806,0.857669810375643,0.0951816445204691,1.05058166854582e-19,8.8838277405656e-19,"ENSMUSG00000018334"
12676.1216142408,-1.03296776950424,0.115124595382579,1.06318726486165e-19,8.98575404850359e-19,"ENSMUSG00000031543"
548.965247196452,2.45447701738128,0.277702503918894,1.07700971820768e-19,9.0978537586843e-19,"ENSMUSG00000026765"
1045.5472016656,1.05584347315567,0.117784191913726,1.14924232717142e-19,9.70299097598364e-19,"ENSMUSG00000038534"
840.89378801649,-0.803765719771829,0.0892535076728578,1.18601575490614e-19,1.00082760281815e-18,"ENSMUSG00000027361"
747.773336758859,1.29402956687762,0.14488974161618,1.21648426265561e-19,1.02600677862736e-18,"ENSMUSG00000051323"
513.467730310962,1.52292514569562,0.17110152570138,1.21956076225406e-19,1.02806888078569e-18,"ENSMUSG00000028654"
207.853618305166,-1.56502796330874,0.176129677098217,1.25307679377934e-19,1.05577557190166e-18,"ENSMUSG00000044707"
781.791095652647,-0.776633938700211,0.0862655984065217,1.25385212836539e-19,1.05588230447656e-18,"ENSMUSG00000072437"
3163.27703331353,-1.19792929322911,0.134058966796146,1.25796334479933e-19,1.0587966559795e-18,"ENSMUSG00000022096"
4839.56401599031,-0.65089459504156,0.0722081986304765,1.31165286345243e-19,1.10341526156479e-18,"ENSMUSG00000028152"
446.544578291172,1.15736742015421,0.129445451756629,1.33406800577691e-19,1.12169209700602e-18,"ENSMUSG00000020635"
2589.92119996062,0.902294015576836,0.100519441322274,1.35181304379136e-19,1.13602543762704e-18,"ENSMUSG00000024935"
191.014635481117,1.85536640744116,0.209461071878876,1.36210674640749e-19,1.14408532600728e-18,"ENSMUSG00000090691"
4269.33541969259,-0.628351558183496,0.0697319749412343,1.3738038928487e-19,1.15331509890619e-18,"ENSMUSG00000020577"
48.9924575096087,-5.03255273764596,0.566864869097197,1.37590458842702e-19,1.15448324177397e-18,"ENSMUSG00000019933"
4742.05470110092,0.729136097578047,0.0810419999437964,1.41360768513502e-19,1.18550777427243e-18,"ENSMUSG00000049612"
2001.08624244769,-0.761108022929286,0.0846773547730088,1.43083197154834e-19,1.19933485236168e-18,"ENSMUSG00000071359"
188.991975946205,5.70241680157725,0.653279202403889,1.50724476659564e-19,1.26273444727966e-18,"ENSMUSG00000000942"
130.226819922575,2.01794473967346,0.228970613349574,1.55439048062891e-19,1.30156215245254e-18,"ENSMUSG00000049404"
167.665402055331,-1.55171206174278,0.175057551363099,1.58620974933529e-19,1.32752299741284e-18,"ENSMUSG00000028807"
80.129941428474,2.38351808388307,0.270508817384416,1.59755153568827e-19,1.33632805230902e-18,"ENSMUSG00000047759"
1523.13749369222,-1.24375959741145,0.139710208384334,1.60543207917812e-19,1.34223027143613e-18,"ENSMUSG00000021903"
77.7488319787425,3.35859848778912,0.383825478920297,1.63972203910552e-19,1.37019483329362e-18,"ENSMUSG00000058914"
1230.88135255232,1.10039532942407,0.12332766678246,1.65305265183524e-19,1.38062550367234e-18,"ENSMUSG00000028843"
253.948748897037,1.3430160735524,0.151255547637277,1.73616953137676e-19,1.44930090419235e-18,"ENSMUSG00000015980"
402.852948712014,-1.4708988697915,0.165982551980233,1.78630998466072e-19,1.4903923080629e-18,"ENSMUSG00000037572"
161.263368429664,-1.84014068956936,0.20852968046277,1.79693270158576e-19,1.49848721907854e-18,"ENSMUSG00000026712"
1684.80757917847,2.15017784534308,0.244358725424876,1.80524184210303e-19,1.50464550464686e-18,"ENSMUSG00000046613"
1274.26888141156,1.76559472213907,0.200146433431371,1.83818251471199e-19,1.53131704065925e-18,"ENSMUSG00000050121"
73.099903265206,2.16434603046929,0.246111899041517,1.92701400182542e-19,1.60367760335962e-18,"ENSMUSG00000020901"
1548.84959927926,-1.25505688597981,0.141341765798672,1.9267533560346e-19,1.60367760335962e-18,"ENSMUSG00000033411"
5719.84762351338,0.573393082768484,0.0638486801448108,1.9752731641564e-19,1.64299931354818e-18,"ENSMUSG00000031667"
641.095994379089,1.03487435089299,0.116058556682442,1.97628606915888e-19,1.64300227955916e-18,"ENSMUSG00000028069"
227.948075449938,-1.82560984299342,0.207086783174786,2.04325626933841e-19,1.69781141155133e-18,"ENSMUSG00000057615"
79.2472122703555,2.3206154048851,0.264297082189123,2.11423799520755e-19,1.75589622887696e-18,"ENSMUSG00000046593"
110.023521472884,2.12945289951142,0.244073655654327,2.12301514509041e-19,1.76228661559315e-18,"ENSMUSG00000023341"
834.890338168173,-0.864438557808828,0.0968672847512746,2.17888254354627e-19,1.80773955371285e-18,"ENSMUSG00000007908"
563.700680008837,1.24778008915262,0.140767497005988,2.28604167128681e-19,1.89567938488063e-18,"ENSMUSG00000039234"
2798.66485709796,-0.70659699223097,0.079007335732386,2.32663792855424e-19,1.92836111003085e-18,"ENSMUSG00000021374"
1525.82166704512,-0.869866951291284,0.0975785830420034,2.36386116727114e-19,1.95821537307072e-18,"ENSMUSG00000036620"
2681.81253494035,-0.603345695413759,0.0673754359470465,2.39851259025523e-19,1.98590986491224e-18,"ENSMUSG00000028245"
807.80582653351,1.59093652090665,0.180629886713314,2.46697046752204e-19,2.04155288613745e-18,"ENSMUSG00000022449"
380.221255634914,1.74078447663442,0.197939988992616,2.48620314757909e-19,2.05642351810429e-18,"ENSMUSG00000020599"
760.792376690146,-1.03698736932977,0.116723358542914,2.50380469517775e-19,2.06993056516523e-18,"ENSMUSG00000019899"
399.704580645726,-1.02235999982201,0.115083592946397,2.51485411960099e-19,2.07800991669365e-18,"ENSMUSG00000029047"
250.486694432959,1.43023484091871,0.162203190320261,2.60000666549965e-19,2.14728099954355e-18,"ENSMUSG00000043822"
1073.20637263272,-0.983747616668479,0.110702194387056,2.60769331556623e-19,2.15253710906628e-18,"ENSMUSG00000004268"
345.030925940748,1.77892127274023,0.202340089438115,2.62643770676842e-19,2.16691094732774e-18,"ENSMUSG00000046159"
669.062922349064,0.944470504018447,0.106259781728375,2.77609417805736e-19,2.28922294986919e-18,"ENSMUSG00000068184"
2197.65431641725,0.830050383915536,0.0932065178248415,2.8268833409963e-19,2.32992440631584e-18,"ENSMUSG00000025268"
51.9604525378635,-4.04436374983299,0.461263405742355,2.90189858826224e-19,2.39054176213222e-18,"ENSMUSG00000035183"
1214.38452292081,0.877877507766356,0.0987470762337013,3.06995977370435e-19,2.52770891230953e-18,"ENSMUSG00000034903"
2721.83758255284,-0.960179469041458,0.108224508893062,3.10066348134318e-19,2.55169869308919e-18,"ENSMUSG00000038388"
4478.54689477859,-0.847280812075206,0.0953948066719491,3.20877412032861e-19,2.63933426633194e-18,"ENSMUSG00000028676"
311.13677005944,-1.0042393488724,0.113343672848814,3.27234878611232e-19,2.69026735052204e-18,"ENSMUSG00000074890"
158.107046406478,1.5471985253866,0.176063932538858,3.27865652568205e-19,2.69409242428331e-18,"ENSMUSG00000003354"
4667.13803115192,-0.484997319151003,0.0542919302646535,3.2953395140095e-19,2.7064347431406e-18,"ENSMUSG00000024777"
6937.3941523142,1.34549900144651,0.152572703032675,3.34156949190002e-19,2.74301907156574e-18,"ENSMUSG00000056966"
670.27977440452,1.20710187683317,0.136825646899288,3.37899095613602e-19,2.77233945483781e-18,"ENSMUSG00000005973"
751.679842640504,-1.07843922847784,0.121986901724703,3.3894473027994e-19,2.77951754130824e-18,"ENSMUSG00000050505"
2316.21004992582,-0.613010787896885,0.068785648474113,3.4096306828426e-19,2.79466104004591e-18,"ENSMUSG00000022387"
748.492014153189,-1.75088311196602,0.200234425336966,3.73673088121922e-19,3.06122321512262e-18,"ENSMUSG00000030089"
8003.37050396958,0.998544531112161,0.112891725917554,3.92995504269259e-19,3.21789779602364e-18,"ENSMUSG00000015341"
479.072535772245,-1.64558835543008,0.188244626848691,3.94850729547663e-19,3.23101419987244e-18,"ENSMUSG00000028601"
1272.58208176521,0.841934781300488,0.0949417203217348,3.94994364034043e-19,3.23101419987244e-18,"ENSMUSG00000044224"
5898.3967914915,-0.571800905402525,0.064236256313182,4.00538314682894e-19,3.27471757227933e-18,"ENSMUSG00000003166"
2469.34265231784,-1.25457155367764,0.142649366940574,4.09766559699437e-19,3.34848396525473e-18,"ENSMUSG00000053930"
505.818673373465,1.13877498984518,0.12921056088354,4.26758420655929e-19,3.48558633790126e-18,"ENSMUSG00000021994"
922.10366351016,-0.837413755239969,0.0945370206759083,4.31055314934961e-19,3.51715208847684e-18,"ENSMUSG00000027203"
488.970156238587,0.947130700407015,0.107183059556871,4.31006621205574e-19,3.51715208847684e-18,"ENSMUSG00000029386"
2237.74277030766,0.679613005622202,0.0765413118563501,4.3857810916763e-19,3.57674071193922e-18,"ENSMUSG00000018796"
3898.54986248793,-0.873956543716929,0.0987422646114433,4.38983138569222e-19,3.57825114152719e-18,"ENSMUSG00000050310"
612.151026509194,-0.814608566146681,0.091968277853154,4.47307750753628e-19,3.64428206544922e-18,"ENSMUSG00000053916"
738.215374877373,1.5473826991134,0.176863661902639,4.58623829412082e-19,3.73460665091039e-18,"ENSMUSG00000039385"
1440.43061268763,-0.879295543616794,0.0994624164548658,4.60937303453243e-19,3.75156871280595e-18,"ENSMUSG00000048216"
4112.993413734,1.48853101069714,0.170066834196578,4.61718237819526e-19,3.75604671425599e-18,"ENSMUSG00000038668"
82.5764035491587,2.79357449933815,0.322215071417168,4.81075997656833e-19,3.91156597895001e-18,"ENSMUSG00000028871"
261.911081189347,1.76154763139761,0.201864403793895,4.81885408117917e-19,3.91619105009658e-18,"ENSMUSG00000048965"
1690.59691142733,1.51864855072379,0.173616037517773,4.88105189643001e-19,3.96475862126186e-18,"ENSMUSG00000054013"
1407.00234001247,1.04787628372212,0.118962814787093,4.92606945169895e-19,3.99932960273095e-18,"ENSMUSG00000002997"
113.759785864058,-1.6640890368578,0.190610089669641,5.05387400758783e-19,4.10104492001569e-18,"ENSMUSG00000045689"
4270.6439496362,1.17950463144715,0.134280367919352,5.19054617300881e-19,4.20985105153151e-18,"ENSMUSG00000003363"
5064.40947844915,0.722403779947614,0.0815988921738651,5.20789780165066e-19,4.22182073781222e-18,"ENSMUSG00000026203"
4095.7219222474,0.667617835598322,0.0753666852850475,5.3789447479797e-19,4.35831073208629e-18,"ENSMUSG00000019820"
1687.172216384,-1.1848107428047,0.135043224082631,5.43860322289188e-19,4.40445687871811e-18,"ENSMUSG00000024160"
89.408077774094,-2.68742523064251,0.311175601080448,5.47601724610812e-19,4.43255140388602e-18,"ENSMUSG00000002769"
24064.926084439,0.756309688201831,0.0857686619393376,5.58437049549317e-19,4.51801107980307e-18,"ENSMUSG00000062825"
1247.67034323003,1.57398397432619,0.180413833139805,5.70643459665195e-19,4.61447304343271e-18,"ENSMUSG00000029869"
998.98685841002,1.59731162830076,0.183409182192232,5.89612103166908e-19,4.76549444654962e-18,"ENSMUSG00000021867"
30302.3873425568,0.898196233679682,0.101962744821189,6.13588368656991e-19,4.9568195856072e-18,"ENSMUSG00000051391"
4546.25606988347,1.72164697355409,0.198253844329996,6.22584598528343e-19,5.02700004704582e-18,"ENSMUSG00000018451"
216.42106829829,1.36615917889357,0.156482960184614,6.36468241182202e-19,5.13655430340301e-18,"ENSMUSG00000030208"
193.373144198463,1.59405014354994,0.183049671677257,6.53005276593281e-19,5.26740331634561e-18,"ENSMUSG00000075334"
1696.98496115509,1.32417345564881,0.1515694550832,6.54805413475628e-19,5.27930783583768e-18,"ENSMUSG00000039607"
563.941038372584,-1.17828943797095,0.134629349523386,6.59284633990102e-19,5.31278973865885e-18,"ENSMUSG00000026211"
615.54297416397,2.16629085275548,0.250560866369508,6.83299887430787e-19,5.50359008787647e-18,"ENSMUSG00000050069"
6705.35720588914,-0.575574674954664,0.0648500658214718,7.31661390705862e-19,5.89019986048963e-18,"ENSMUSG00000029190"
92.1060635197676,9.07966000443924,1.29290651434744,7.54106654995639e-19,6.06789329214978e-18,"ENSMUSG00000043219"
450.96465002641,1.31824113614557,0.151069744567397,7.57224352536482e-19,6.08996937282058e-18,"ENSMUSG00000039824"
1055.24164818399,1.81040128410428,0.209079745136418,7.86030126436746e-19,6.31851772747523e-18,"ENSMUSG00000049281"
958.535845658784,0.968046586017314,0.110403625142617,8.03600684759052e-19,6.45657055602559e-18,"ENSMUSG00000029093"
529.030997113,-1.22350028688599,0.140377942490008,8.39359911056187e-19,6.74055285257652e-18,"ENSMUSG00000056592"
2261.20517553992,-0.771897256007419,0.0878620235264416,8.72139648289648e-19,7.00033983967401e-18,"ENSMUSG00000015214"
41.888320495307,3.83009146676162,0.444929298010598,8.88812461435089e-19,7.13065019578136e-18,"ENSMUSG00000056758"
1034.57398294577,0.949940774469939,0.108487474414909,8.94015266329368e-19,7.16885739177805e-18,"ENSMUSG00000006442"
2461.77603974415,0.621598454642498,0.0706419970927693,9.53507022486478e-19,7.64214047859916e-18,"ENSMUSG00000002602"
468.916750671204,-1.07316550649568,0.122964936560984,9.66162086372009e-19,7.73975710726553e-18,"ENSMUSG00000002661"
5952.89144664181,0.799733635008305,0.0912367476680911,1.00801410765407e-18,8.07105442419719e-18,"ENSMUSG00000037062"
1841.96428736054,1.21462462508564,0.139597158351056,1.03338807285891e-18,8.2701529252691e-18,"ENSMUSG00000048899"
102.66096515803,3.94476621557556,0.459780028825226,1.04610059492885e-18,8.36777665073797e-18,"ENSMUSG00000032269"
69.4204277286691,-2.24852184609109,0.261000543139636,1.04773730635985e-18,8.37675239338196e-18,"ENSMUSG00000049588"
1482.66915593845,0.600256981142525,0.0682828245033604,1.06362834850147e-18,8.4996280102636e-18,"ENSMUSG00000029672"
3420.79376943427,-0.604821640084695,0.068831369090053,1.07031230104579e-18,8.54620136940828e-18,"ENSMUSG00000001576"
15787.0934817865,1.20832399374348,0.138905894399467,1.07050648680572e-18,8.54620136940828e-18,"ENSMUSG00000027858"
214.291493420504,1.35987657794605,0.156844330138713,1.07389604961221e-18,8.56905877234682e-18,"ENSMUSG00000042708"
99.853536067437,2.35058621591808,0.274545428846871,1.10965604546388e-18,8.85006423716858e-18,"ENSMUSG00000040016"
1659.02091152795,0.941761238437871,0.107866467032846,1.14165829339828e-18,9.10083922621801e-18,"ENSMUSG00000020230"
18877.5385182517,-1.39633401504126,0.160923678186682,1.15278825726718e-18,9.1850647341141e-18,"ENSMUSG00000025867"
94.8466701169984,1.8830689498575,0.218474191683291,1.15605124478711e-18,9.20205484725896e-18,"ENSMUSG00000015966"
52.8213061082832,3.09809881610316,0.36015514324341,1.15572051032113e-18,9.20205484725896e-18,"ENSMUSG00000046167"
9248.49142528159,0.814164793785457,0.0930067953060689,1.16022486533938e-18,9.23076263831594e-18,"ENSMUSG00000020376"
304.301778552931,2.0988090040149,0.244474166649587,1.16472851773389e-18,9.26206683520874e-18,"ENSMUSG00000045731"
124.128669356889,1.79994827415216,0.20873895688375,1.18139466608616e-18,9.39001092507348e-18,"ENSMUSG00000050423"
1325.93521652068,0.706202375258533,0.0805876912716219,1.18741433731534e-18,9.43325065047295e-18,"ENSMUSG00000021033"
1885.39034797447,-1.30721985020332,0.150783587332827,1.1912853443176e-18,9.45938674868381e-18,"ENSMUSG00000037224"
69.9595881871032,2.02423650418897,0.235132141426314,1.19277311886259e-18,9.46658255916396e-18,"ENSMUSG00000093910"
482.439634878434,1.12800998088298,0.12974734220116,1.23014301022964e-18,9.75841516594447e-18,"ENSMUSG00000035184"
2548.66334808349,-0.97910015176283,0.112378812876123,1.23573272838932e-18,9.79798214940151e-18,"ENSMUSG00000070056"
376.589408958353,-2.74850781025576,0.322025391081051,1.26430112048683e-18,1.0019617156419e-17,"ENSMUSG00000048424"
3109.35740709106,-0.555954319825628,0.0633603848052447,1.27002850167029e-18,1.00601089781941e-17,"ENSMUSG00000000881"
1407.37326982773,0.653107336961665,0.0745543212948885,1.31836990933486e-18,1.04379500895685e-17,"ENSMUSG00000041794"
2413.76701329388,-0.802303891119402,0.0918617379843458,1.32672524701832e-18,1.04989954161226e-17,"ENSMUSG00000075470"
69.686749499544,-2.67692902511341,0.313117621638819,1.36223887025652e-18,1.07747931632826e-17,"ENSMUSG00000056782"
2587.03381017467,-0.735736179258093,0.0841671698854116,1.36597080610985e-18,1.07990640028442e-17,"ENSMUSG00000038902"
5667.58914181398,0.704119144780907,0.0804829354946233,1.41218488260195e-18,1.11590026791236e-17,"ENSMUSG00000026587"
134.130024903042,-1.88102293147418,0.219225973069459,1.43560579775458e-18,1.13385692265158e-17,"ENSMUSG00000014158"
316.684898693546,-1.51235910118103,0.175598537194388,1.4490209616511e-18,1.14389734305318e-17,"ENSMUSG00000033453"
2104.94731526601,-0.798854569920144,0.0916837623951967,1.45719568291011e-18,1.14979308416921e-17,"ENSMUSG00000061353"
1546.29604280774,3.39517609094369,0.399778815614365,1.46494833586734e-18,1.15535024279305e-17,"ENSMUSG00000027966"
918.812964681847,0.897762522351389,0.103060298203855,1.47779826215082e-18,1.1649201022417e-17,"ENSMUSG00000029554"
2877.39583996918,0.756119947032252,0.0866143919645852,1.49956531694097e-18,1.18150649705543e-17,"ENSMUSG00000028333"
46.6059947113091,3.74457405333776,0.437985486773197,1.52698816422481e-18,1.20253088230534e-17,"ENSMUSG00000009670"
1417.46654465964,0.776205491249322,0.0890064806586636,1.54613185290402e-18,1.21701809968915e-17,"ENSMUSG00000016487"
1302.8974883238,-0.948914485042483,0.109182710931451,1.55408134371586e-18,1.22268420072531e-17,"ENSMUSG00000042496"
546.958033130782,2.25507134823383,0.26414743944662,1.57839757262564e-18,1.24121525058938e-17,"ENSMUSG00000027820"
887.519578348111,-1.02487058672701,0.118089038746761,1.58563954076936e-18,1.24630808520733e-17,"ENSMUSG00000018372"
239.85205830919,4.73285449093091,0.557363454755264,1.59641827597377e-18,1.25417455097978e-17,"ENSMUSG00000029335"
43.838170539254,-3.1646749232618,0.370302335609349,1.60271165855372e-18,1.25851135445911e-17,"ENSMUSG00000052131"
1045.07569279298,1.02025656831186,0.117469066784193,1.62538977883987e-18,1.27570370395157e-17,"ENSMUSG00000037606"
189.588572846855,1.67543787888331,0.195177386750325,1.63831398984918e-18,1.28522771695253e-17,"ENSMUSG00000018654"
3401.49342951704,-0.676334479560073,0.0774905324575966,1.65916113453155e-18,1.30095495895494e-17,"ENSMUSG00000052534"
1977.23868102579,-0.833997611370587,0.0959018291144727,1.77679837663867e-18,1.3925240238288e-17,"ENSMUSG00000040396"
3884.24871103476,-0.501352470959159,0.0573552192935101,1.80362311175402e-18,1.41286703624311e-17,"ENSMUSG00000067873"
147.765774632739,1.43758130341045,0.166972117090767,1.81017227640893e-18,1.41731526288526e-17,"ENSMUSG00000048012"
1052.37352522356,-0.749720227358238,0.0860981837906012,1.82619617492164e-18,1.42917410266223e-17,"ENSMUSG00000022529"
404.382967010466,-2.5207235109947,0.296509795405156,1.89110737969302e-18,1.47926217811836e-17,"ENSMUSG00000037362"
1022.5474803951,1.35612544823591,0.157554411245248,1.9053443898172e-18,1.48968280391184e-17,"ENSMUSG00000031381"
184.841964444216,1.7969494024689,0.209947361261544,1.96403540322656e-18,1.53483285135487e-17,"ENSMUSG00000023206"
837.534204287578,2.28103864145254,0.26787612998676,1.99026637742294e-18,1.55458522512911e-17,"ENSMUSG00000031837"
134.048605052761,1.59826089507683,0.186308823059854,1.99521605637884e-18,1.5577039312103e-17,"ENSMUSG00000004266"
1966.9035798156,1.1509885242431,0.1333000640529,2.00730494918172e-18,1.56639069811985e-17,"ENSMUSG00000022816"
879.845087639053,0.907999046535141,0.104689462092462,2.00834095004045e-18,1.56644820243212e-17,"ENSMUSG00000026436"
599.085419736438,1.25408627064266,0.145621517288494,2.06982255918998e-18,1.61301854896607e-17,"ENSMUSG00000039217"
3917.42670179113,1.00179605792823,0.11574731889759,2.07003056197944e-18,1.61301854896607e-17,"ENSMUSG00000042156"
2388.34134501233,-1.08661153043837,0.125867216022304,2.11297434244051e-18,1.64569360508357e-17,"ENSMUSG00000038518"
512.233357201763,1.55553300741085,0.181457756877276,2.13802534067204e-18,1.66440824942418e-17,"ENSMUSG00000032494"
4598.78652365358,-0.671861500926396,0.0772424507539603,2.14633896981125e-18,1.67008153683497e-17,"ENSMUSG00000020923"
1037.57897294632,0.894172266344355,0.103173478728844,2.17992485362166e-18,1.69540452781908e-17,"ENSMUSG00000057541"
3316.37917562122,0.851854190607233,0.0982513624240688,2.24986571755157e-18,1.74896438158092e-17,"ENSMUSG00000079523"
5894.55000947923,-0.434203566509183,0.0497802351244543,2.42063954520726e-18,1.88081959507798e-17,"ENSMUSG00000031565"
353.282355586418,1.18216945294701,0.137277559786945,2.43050870390416e-18,1.88758686460649e-17,"ENSMUSG00000048706"
4768.64324349477,0.748033105426775,0.0862230043162936,2.46196987526124e-18,1.91110851833584e-17,"ENSMUSG00000022391"
1841.52720875106,0.714533563536095,0.0823308416682241,2.49678732433594e-18,1.93721182390564e-17,"ENSMUSG00000020042"
927.79305320327,0.840754279524857,0.0971118903971285,2.50540547775224e-18,1.94297238527161e-17,"ENSMUSG00000027610"
236.815728253421,1.63903585016698,0.192066231825677,2.53012346411853e-18,1.96120713090102e-17,"ENSMUSG00000021411"
4389.34199960268,-1.53426871253766,0.179499690225805,2.58608459479774e-18,2.00363089167623e-17,"ENSMUSG00000068373"
435.066046423215,1.27436835812448,0.148513144517676,2.61067112304086e-18,2.02171762801423e-17,"ENSMUSG00000028573"
3581.25073182786,-0.711481910899149,0.0820515584523942,2.61758310424765e-18,2.02610640850895e-17,"ENSMUSG00000066607"
213.30022779081,2.50894995423293,0.296007268648683,2.65919428503059e-18,2.05733671918859e-17,"ENSMUSG00000029123"
353.594356357614,-1.00678191062475,0.116755871532712,2.67565982974266e-18,2.06909219518057e-17,"ENSMUSG00000118458"
738.952106515871,1.33720362100092,0.156116137264734,2.68518452230399e-18,2.07547168347884e-17,"ENSMUSG00000041592"
4146.611402453,-0.977656882667074,0.113371424237237,2.71362262358779e-18,2.09645700364319e-17,"ENSMUSG00000022811"
5237.19407267641,-0.684631669381795,0.0789602352043908,2.72997780049049e-18,2.10809196567288e-17,"ENSMUSG00000027193"
313.680017005954,1.49624632022889,0.174972042645631,2.74089220746224e-18,2.11551651745236e-17,"ENSMUSG00000030030"
66.0757100165133,2.35443661357166,0.277513903429939,2.83013658812594e-18,2.18336319343668e-17,"ENSMUSG00000032033"
1354.40243301665,0.822672478190331,0.0951564991202577,2.86521062019352e-18,2.2093746317153e-17,"ENSMUSG00000033420"
106.462800227231,-1.9707286867227,0.231852070144846,2.87196989795109e-18,2.21353816282423e-17,"ENSMUSG00000042678"
128.019559169099,1.96878651763305,0.231720211201156,3.01074760308014e-18,2.31940130065965e-17,"ENSMUSG00000109695"
3528.36517793807,-0.621849172415139,0.0717745569598481,3.12090171680504e-18,2.40312384797315e-17,"ENSMUSG00000017802"
5945.86363011352,-0.686437022257889,0.0793296083315363,3.123107354714e-18,2.40368517825222e-17,"ENSMUSG00000038481"
314.021454696438,1.45102886637189,0.170103276249203,3.22560446378837e-18,2.48139836774797e-17,"ENSMUSG00000033906"
167.508002530815,1.75318970936037,0.206467016720261,3.27230141803435e-18,2.51613237991323e-17,"ENSMUSG00000045912"
2053.27251311252,-0.558052070025477,0.0643987655478419,3.32006513843238e-18,2.55165346191701e-17,"ENSMUSG00000032375"
204.267192432683,1.61585482092799,0.189558182709145,3.32550429363759e-18,2.55462760225733e-17,"ENSMUSG00000000290"
61.39694545047,2.31198018993787,0.272995888813172,3.37902714835947e-18,2.59451905287715e-17,"ENSMUSG00000116815"
1434.99695200674,1.07236826873987,0.124921711091842,3.44363412021805e-18,2.64287959495094e-17,"ENSMUSG00000041078"
714.576729551957,1.14043719647635,0.133044186214062,3.45330634215284e-18,2.64905375294835e-17,"ENSMUSG00000040852"
222.305778559443,1.54815874399237,0.181973384152551,3.49468878209292e-18,2.67946199554437e-17,"ENSMUSG00000022665"
3765.58791152866,-0.47842970621923,0.0551929132388089,3.496238652498e-18,2.67946199554437e-17,"ENSMUSG00000053536"
7801.43298018132,-0.523466134628234,0.0604350287493807,3.5678794446731e-18,2.73307960472417e-17,"ENSMUSG00000025139"
8165.92436925814,-0.782280123760425,0.0906985123773133,3.61337202044679e-18,2.76662604651143e-17,"ENSMUSG00000008730"
5111.96077139101,1.55724024679326,0.183017333713791,3.64579865833074e-18,2.79014154021193e-17,"ENSMUSG00000001467"
3842.10128351191,-0.651795965708618,0.0754099016771005,3.72578563691001e-18,2.85001591154235e-17,"ENSMUSG00000084883"
5021.63854580295,-0.901913529233173,0.10492365073183,3.87839439741246e-18,2.96535951155848e-17,"ENSMUSG00000003949"
13963.6747910137,1.15329015047656,0.134677041699803,3.90414015333293e-18,2.9836428833781e-17,"ENSMUSG00000017734"
1924.12492318582,1.47590814699997,0.173486006170473,3.96524950824028e-18,3.02892217246059e-17,"ENSMUSG00000000560"
3608.38295537888,0.711306305751744,0.0824682749884664,4.01640934029074e-18,3.06656244095932e-17,"ENSMUSG00000026393"
924.403450137272,1.54923916239384,0.182432829394857,4.10831446738228e-18,3.13526220815981e-17,"ENSMUSG00000027001"
15108.9684822516,-0.850690266700192,0.0989677348254562,4.20192793871467e-18,3.20520070226792e-17,"ENSMUSG00000025982"
462.686548945874,0.991396640409773,0.115697234503897,4.20712930749817e-18,3.20766514601664e-17,"ENSMUSG00000070643"
3266.95051600484,-0.974209138580801,0.113633144874721,4.23227233267009e-18,3.22532439284661e-17,"ENSMUSG00000027829"
1055.86992927223,-1.03861872413516,0.121307016143112,4.2664193107803e-18,3.24982562194112e-17,"ENSMUSG00000016200"
3145.13952942382,-0.796414374161511,0.092606832525237,4.36115715111672e-18,3.32043573928335e-17,"ENSMUSG00000047181"
943.263946940454,0.878623189374059,0.102285485850868,4.38827949528007e-18,3.33952377859602e-17,"ENSMUSG00000032846"
4914.66022137877,1.09591629894655,0.128142293884801,4.42060261431292e-18,3.36254996989653e-17,"ENSMUSG00000040997"
3902.23079500769,0.973984197878854,0.113686905678755,4.52382872072658e-18,3.43946211658044e-17,"ENSMUSG00000037855"
84.9239730049009,2.75887223889293,0.328465454170685,4.60077777671771e-18,3.4963333636513e-17,"ENSMUSG00000028076"
249.852748627929,1.59822095601372,0.188462224739038,4.68603217896987e-18,3.55946018708687e-17,"ENSMUSG00000048186"
679.032798914921,0.904863854745585,0.105570277110716,4.9333777596857e-18,3.74559343153749e-17,"ENSMUSG00000040857"
3039.22658050251,0.798058161154836,0.0929391446081452,5.00515134981574e-18,3.79831485651751e-17,"ENSMUSG00000039701"
3883.7884316356,0.648623076048395,0.0753431023360442,5.01888673980887e-18,3.80696357644962e-17,"ENSMUSG00000011832"
1565.46072138779,0.659156624559273,0.0766076056693563,5.12021367497961e-18,3.88201388920904e-17,"ENSMUSG00000034793"
32.6031965496749,-4.31119060803392,0.509598667415773,5.17278603225467e-18,3.92004706857735e-17,"ENSMUSG00000026012"
182.522679197991,1.49967300315831,0.176859534742903,5.25345847957167e-18,3.97932978736471e-17,"ENSMUSG00000061298"
13673.8257836534,-0.513148995235453,0.0595674439324476,5.45360779536474e-18,4.12901524153243e-17,"ENSMUSG00000005417"
1246.26775738233,-0.811037325811964,0.0946526140408338,5.60559540988792e-18,4.24211446221086e-17,"ENSMUSG00000024293"
3903.70596217686,-0.703352793071828,0.0819850131802808,5.82176311149173e-18,4.40365520115531e-17,"ENSMUSG00000015476"
1465.57897710581,0.827392020145436,0.096648102176643,5.87172543187164e-18,4.43938442080848e-17,"ENSMUSG00000032312"
2247.19453417385,-0.787235202432041,0.0919310798016573,6.01121971823391e-18,4.54274069514446e-17,"ENSMUSG00000024050"
302.099090295357,1.75128802306774,0.207951223847771,6.15382662369413e-18,4.64835219399039e-17,"ENSMUSG00000025572"
1821.04321209764,-1.39981116376648,0.165405115502352,6.26392655604518e-18,4.72932265673949e-17,"ENSMUSG00000016194"
2145.73684878914,0.530595526323469,0.0617291507192499,6.32233542171187e-18,4.77120890100259e-17,"ENSMUSG00000022292"
95.0179138350731,3.68632235643952,0.440928933494495,6.40868032769714e-18,4.83412874764847e-17,"ENSMUSG00000021239"
55.4116498468478,2.65837570312192,0.316778721558357,6.45356205336077e-18,4.86572872184375e-17,"ENSMUSG00000032511"
110.828695688216,-2.23728801035487,0.267625029851633,6.51161202671112e-18,4.90722317457424e-17,"ENSMUSG00000029026"
3432.37340173839,4.45575006142294,0.537052410053678,6.70566916968624e-18,5.05112830838282e-17,"ENSMUSG00000027270"
10616.3345644349,-0.544539469825144,0.0634421331435471,6.73271960207532e-18,5.06915863471702e-17,"ENSMUSG00000036371"
2496.68318510234,1.28349473176951,0.151403010825776,6.76884435947034e-18,5.09400131684966e-17,"ENSMUSG00000038319"
4920.94605600349,-1.24813696457559,0.14770722885359,7.03355445323424e-18,5.2907670697665e-17,"ENSMUSG00000032253"
114.332316371481,2.0356273202478,0.242827494494796,7.4687038267854e-18,5.61549934837934e-17,"ENSMUSG00000058152"
1991.11592600205,-0.716962604564358,0.0839128165329874,7.84551378334539e-18,5.89608833634793e-17,"ENSMUSG00000051579"
751.261389613175,0.988475712207004,0.116297416677162,7.93635379175585e-18,5.96160438496547e-17,"ENSMUSG00000053985"
564.682055273228,1.19895904235971,0.141583536468763,8.07774605473005e-18,6.06501615677563e-17,"ENSMUSG00000030341"
526.082431488591,1.18318522371231,0.139678549126796,8.47341840472346e-18,6.35916573499716e-17,"ENSMUSG00000032289"
749.473210177566,0.990385576012185,0.11661570774521,8.53738015543574e-18,6.4042153995476e-17,"ENSMUSG00000020175"
300.851700626309,1.66004274688182,0.197889788296546,8.86669397804589e-18,6.64818261513731e-17,"ENSMUSG00000032744"
1388.51798838851,0.846887366601201,0.0995553648523447,8.91813739923291e-18,6.6836759016903e-17,"ENSMUSG00000029326"
3885.84851954633,-0.446241024729117,0.0521164231642255,9.10215786237375e-18,6.81845033058997e-17,"ENSMUSG00000052997"
2177.47669650911,-1.06609109114122,0.125664778417934,9.23768626081212e-18,6.91679194818306e-17,"ENSMUSG00000039137"
4382.99157295024,0.649987807169026,0.0761911638272418,9.73856331371784e-18,7.28847510899766e-17,"ENSMUSG00000042605"
118.58299366547,1.50963183736012,0.179542954603409,9.79686911227583e-18,7.32874243610413e-17,"ENSMUSG00000021457"
13392.0010941886,0.997832141704505,0.117713797866839,1.0008328963895e-17,7.48349007231435e-17,"ENSMUSG00000028832"
1470.09417532643,0.853298063731527,0.10046219489914,1.02684079079615e-17,7.67443268713487e-17,"ENSMUSG00000021973"
1788.27942434234,0.910250250442603,0.10728576403178,1.02896199339828e-17,7.68675691993449e-17,"ENSMUSG00000027111"
2470.12957158854,-0.590844042929085,0.0692736884627128,1.04811473265891e-17,7.82624386156961e-17,"ENSMUSG00000042305"
4196.0115458174,-0.853538118271588,0.100558917094584,1.05064569969279e-17,7.8415454835393e-17,"ENSMUSG00000063229"
180.798110775019,1.30003407830217,0.154350520233349,1.05352637776111e-17,7.85944196938379e-17,"ENSMUSG00000037990"
1943.34470564606,-0.636103427853882,0.0746834053651679,1.07191664643705e-17,7.99297259308394e-17,"ENSMUSG00000039804"
1084.62410741654,0.874163734221623,0.103011543318916,1.07271890544483e-17,7.99529228151603e-17,"ENSMUSG00000034471"
1638.94683643316,1.35541580534562,0.16127173093908,1.10151298072186e-17,8.20614567514439e-17,"ENSMUSG00000034317"
136.455815453576,1.57140579205528,0.187701198372529,1.11892935713116e-17,8.33208237666103e-17,"ENSMUSG00000031740"
374.675005554102,2.06034655750854,0.247507489093702,1.14210141855078e-17,8.50074389170991e-17,"ENSMUSG00000047606"
3268.94515397169,-0.912526457663079,0.107780874651468,1.14345581335429e-17,8.50693497704806e-17,"ENSMUSG00000049421"
3808.50565698311,-0.736870575021836,0.0867173761814759,1.14758037289508e-17,8.53372010506445e-17,"ENSMUSG00000024974"
1668.67871167205,-0.812460835505614,0.0957972515722319,1.15415613547803e-17,8.57870026178603e-17,"ENSMUSG00000032839"
189.497966849967,3.24553990585648,0.393542870389902,1.1623236219359e-17,8.63546504695234e-17,"ENSMUSG00000072675"
37.1071692961088,3.30636869272038,0.397745918787756,1.19692799063724e-17,8.88850083558076e-17,"ENSMUSG00000021213"
436.963186750686,1.63368848693438,0.195524615083665,1.20527170004258e-17,8.9463806353366e-17,"ENSMUSG00000023367"
34.1799490002529,4.55501763073778,0.542861773397023,1.25344232085538e-17,9.29969648991972e-17,"ENSMUSG00000031364"
66.6045849460921,3.11471018838737,0.380413027418509,1.27082532751543e-17,9.42437115321008e-17,"ENSMUSG00000066952"
1888.28997285842,0.770129249164355,0.0908315350642999,1.29662451798068e-17,9.61131780678026e-17,"ENSMUSG00000056856"
1001.5741208698,-1.30875488898564,0.155855346098338,1.33118165743646e-17,9.86298362300894e-17,"ENSMUSG00000030276"
3841.34031778428,-0.84885408733671,0.100318044354821,1.33554344105604e-17,9.89079896883996e-17,"ENSMUSG00000026977"
647.632698302839,-1.31420662736529,0.156721281520385,1.33982680104834e-17,9.91800848906995e-17,"ENSMUSG00000096014"
856.759588054986,1.2357369066074,0.147160635803724,1.34382680130465e-17,9.94309666892592e-17,"ENSMUSG00000069808"
37.2208508726114,-5.27221439060863,0.625219708114258,1.36008273101776e-17,1.00588035872363e-16,"ENSMUSG00000026686"
84.2318228091238,1.9354967393653,0.232368609146576,1.40768184630428e-17,1.04061058556499e-16,"ENSMUSG00000031576"
1725.27272476743,-0.882877066149012,0.104522451299247,1.46589637154811e-17,1.08315302478711e-16,"ENSMUSG00000001138"
392.648491796151,1.00904503580683,0.119658413574345,1.46805877223583e-17,1.08425865219849e-16,"ENSMUSG00000018589"
418.290666467038,-1.10739901966862,0.131767007058912,1.4860605321936e-17,1.09705638743979e-16,"ENSMUSG00000032502"
897.813663261234,-1.11657761066927,0.132899305234362,1.50335446301424e-17,1.10932021527406e-16,"ENSMUSG00000022020"
3277.13881703694,1.00256413291027,0.119004746740428,1.50737748914114e-17,1.11178481052286e-16,"ENSMUSG00000028967"
163.751446313279,2.2315404533335,0.269541227143872,1.51095193758879e-17,1.11391646920608e-16,"ENSMUSG00000048281"
687.111453896915,1.29818410750489,0.15498616696525,1.53967770971737e-17,1.13458007056494e-16,"ENSMUSG00000019785"
465.627751272789,1.53670792032799,0.184179915965361,1.57870480138762e-17,1.16281252294062e-16,"ENSMUSG00000015085"
2809.31057654818,-1.21427485342198,0.145002923435954,1.6909444152704e-17,1.24492054236868e-16,"ENSMUSG00000059921"
379.684671728482,0.961041737660762,0.114178666869055,1.69577430307521e-17,1.24791203008401e-16,"ENSMUSG00000053395"
117.713624571953,2.81746752877607,0.342175076490322,1.70128942834342e-17,1.25140484928036e-16,"ENSMUSG00000028004"
111.901632235043,2.87118743346451,0.351889703891267,1.78295629588396e-17,1.31088358556455e-16,"ENSMUSG00000079022"
1178.73824093066,1.13095950244256,0.134866360109299,1.78479647526064e-17,1.31164410944888e-16,"ENSMUSG00000035835"
1185.89442739175,0.852707675400807,0.101210569751002,1.82376670632467e-17,1.33967844970907e-16,"ENSMUSG00000019528"
1162.80004544976,0.844174023593576,0.10016841409769,1.83117637192971e-17,1.34451461354406e-16,"ENSMUSG00000029403"
2485.940109172,-0.923907446124039,0.109730777025779,1.83515625832695e-17,1.34682928643129e-16,"ENSMUSG00000039967"
354.326063302771,-1.14529120030677,0.136695723005245,1.86350855787463e-17,1.36702083393795e-16,"ENSMUSG00000026098"
178.627798642712,1.8394950511744,0.221860738992326,1.88092231425633e-17,1.3791735779939e-16,"ENSMUSG00000021069"
176.300963200847,-2.35059080950062,0.285658326098241,1.99473780883409e-17,1.46196947556062e-16,"ENSMUSG00000025932"
304.721183111324,1.44638965116406,0.173850951297609,2.02431084725182e-17,1.48297623634406e-16,"ENSMUSG00000001123"
401.247844120939,1.04275196796284,0.124508523821204,2.09091933737471e-17,1.53108344461473e-16,"ENSMUSG00000061882"
9442.37922258655,-0.489691830580054,0.0578957567490047,2.09988215362087e-17,1.53695511225902e-16,"ENSMUSG00000021816"
226.820017733946,1.22925043705911,0.14742728368072,2.13365104154037e-17,1.56096951254805e-16,"ENSMUSG00000024818"
21489.6379915518,0.678307342667148,0.08070444641922,2.30872975308567e-17,1.6882975256392e-16,"ENSMUSG00000028833"
196.59767422032,1.40227470307717,0.168910914274162,2.36066801810047e-17,1.72550309827748e-16,"ENSMUSG00000073968"
24215.2580432681,0.556944484639249,0.0659856725103461,2.38694383812725e-17,1.74392602320626e-16,"ENSMUSG00000020483"
1825.86375484892,0.890882779069416,0.106252466215239,2.44129507891048e-17,1.78283541025145e-16,"ENSMUSG00000031974"
1306.70275463074,1.10726849769917,0.13271583492472,2.66241615845856e-17,1.94344440481563e-16,"ENSMUSG00000075033"
440.714763482553,1.52682225439597,0.184382513824133,2.72937215739729e-17,1.99142626526728e-16,"ENSMUSG00000032297"
333.760365489074,1.67326168935198,0.202457270436387,2.75859288629225e-17,2.01184475820185e-16,"ENSMUSG00000113536"
5679.92250728439,1.37607188269498,0.165920906701395,2.80014271055615e-17,2.04123255899834e-16,"ENSMUSG00000006930"
273.171751395029,1.07865542833195,0.129467633264233,2.80366572509587e-17,2.04288588509895e-16,"ENSMUSG00000040877"
870.183310525024,-0.959197292324802,0.114891493091634,2.87641778154671e-17,2.09495877619765e-16,"ENSMUSG00000029229"
450.262694901714,1.47722432560572,0.178461620665589,2.89231330109305e-17,2.10559373502651e-16,"ENSMUSG00000039452"
1489.81001128561,-0.639952149277458,0.0761923342705951,2.99055258682547e-17,2.1761383553127e-16,"ENSMUSG00000042396"
193.199357265205,-1.84071169836726,0.224047142770863,3.01250819192032e-17,2.19113531492756e-16,"ENSMUSG00000004872"
6562.5561392767,-1.08355352513029,0.130589077392762,3.11299053527516e-17,2.26219910416112e-16,"ENSMUSG00000027827"
1271.91146828624,1.34638232614205,0.162528966530067,3.11238074112321e-17,2.26219910416112e-16,"ENSMUSG00000076435"
1318.41283353209,-1.13881726411707,0.137187948452611,3.15092144744735e-17,2.28874160292494e-16,"ENSMUSG00000071369"
295.680962674565,1.21636507485058,0.146565736559351,3.26343321719514e-17,2.36940971942473e-16,"ENSMUSG00000061186"
454.206435920105,1.51181974742525,0.183083967574563,3.31061725205069e-17,2.40259597097107e-16,"ENSMUSG00000078235"
2164.92446452813,-0.713388252144761,0.0851822264547194,3.3640635529267e-17,2.44029529922196e-16,"ENSMUSG00000038535"
441.24265893271,1.17163295965849,0.141150580468012,3.37311422772459e-17,2.44577075273501e-16,"ENSMUSG00000030498"
271.997260854406,-0.98008438333107,0.117626748836236,3.37674334393777e-17,2.44731202816647e-16,"ENSMUSG00000027242"
30.1582377787553,-4.35676571999168,0.535878263113401,3.42460094339216e-17,2.48089248582721e-16,"ENSMUSG00000029248"
1930.81835911746,-0.978432192902915,0.117499931299946,3.43399214646148e-17,2.48658915302936e-16,"ENSMUSG00000029761"
78.6428283565886,3.07361195272669,0.376604943841062,3.47626526959967e-17,2.51608030495969e-16,"ENSMUSG00000047259"
428.267306366364,-1.1150118985263,0.134315180723895,3.54753329526899e-17,2.56652208801727e-16,"ENSMUSG00000024925"
1731.94890208488,-1.09412690279307,0.131852961039274,3.70027845965823e-17,2.67583886123131e-16,"ENSMUSG00000020334"
101.311984568466,1.85453436257756,0.226044554980171,3.78569261505258e-17,2.73639007050736e-16,"ENSMUSG00000028885"
1768.28612267425,-0.940249782881686,0.11298311424969,3.81406737175217e-17,2.75567637272001e-16,"ENSMUSG00000009030"
4562.69295538369,0.646367485213746,0.0772171766186096,3.86313041854686e-17,2.78988628895766e-16,"ENSMUSG00000040548"
6115.92808680029,-1.00511254133693,0.121097729606153,3.87588490397463e-17,2.79785607392014e-16,"ENSMUSG00000020926"
10094.0311101837,0.859462086782793,0.103092820233324,3.88390787339488e-17,2.80240480332987e-16,"ENSMUSG00000033577"
1721.4324624777,-0.761951307630886,0.0912574230190755,3.9091263644213e-17,2.8193513052747e-16,"ENSMUSG00000038024"
381.640887537082,1.00241886613076,0.12057288489351,3.91647936957803e-17,2.82340350655408e-16,"ENSMUSG00000024663"
3227.04572757838,-0.539460266672792,0.0643860825270633,3.97886102639334e-17,2.86710490427759e-16,"ENSMUSG00000003778"
1793.34862578719,1.57727538380844,0.191807766741795,4.03818200091294e-17,2.90856312437437e-16,"ENSMUSG00000015396"
507.553208385974,-1.73224852590688,0.211223856130253,4.12754940207136e-17,2.97161650450763e-16,"ENSMUSG00000047344"
495.710012310641,0.965422147970748,0.116159498477064,4.27236227777356e-17,3.07451428636596e-16,"ENSMUSG00000055737"
3335.91270358363,-0.512926137641016,0.0612682049872311,4.38032848717403e-17,3.15048798593624e-16,"ENSMUSG00000059409"
1852.71998995179,-0.791719449031328,0.0950231217864896,4.38180661024675e-17,3.15048798593624e-16,"ENSMUSG00000062822"
2449.72920650439,-0.534705478025101,0.0639365760835497,4.59775923110657e-17,3.30429689907076e-16,"ENSMUSG00000029640"
121.092740694692,-1.6137061209745,0.19718386859116,4.64565757847419e-17,3.33724686947938e-16,"ENSMUSG00000024235"
2396.13444529542,2.69011694572124,0.330583256946023,4.78805076153806e-17,3.43801898086972e-16,"ENSMUSG00000032936"
231.636310763264,-1.30774266743225,0.158876957208838,4.87424693149947e-17,3.4983682341688e-16,"ENSMUSG00000003812"
2990.80735799561,-0.683284821163866,0.0819713491865653,4.89348648842215e-17,3.51062904621136e-16,"ENSMUSG00000032468"
100.794950656292,2.20294828072675,0.270827872693354,4.91070243541695e-17,3.52142794025185e-16,"ENSMUSG00000047810"
416.049788860865,1.9740691821796,0.241879722721613,4.9245938273642e-17,3.52983436027453e-16,"ENSMUSG00000078591"
61.2510636090518,-2.19535880579654,0.269713219006882,4.94092762647701e-17,3.53998327041342e-16,"ENSMUSG00000091680"
3947.58531633372,0.646742651361603,0.0775304672755626,4.94694718098706e-17,3.54273674492333e-16,"ENSMUSG00000028032"
865.234780402295,-1.00103740979435,0.120901514472671,5.12087083625313e-17,3.66567878067408e-16,"ENSMUSG00000027395"
2148.54240506003,-0.991073421205134,0.119746978689636,5.30815000588661e-17,3.79806882618999e-16,"ENSMUSG00000033083"
1788.38903566869,-0.7470037919763,0.0898319355061925,5.32768963915029e-17,3.81037486582111e-16,"ENSMUSG00000053166"
257.951804971112,1.76041320578162,0.215867234279168,5.34567551812039e-17,3.82155933614246e-16,"ENSMUSG00000049571"
1185.46652364391,-1.44473937911989,0.176198682395665,5.40941023781539e-17,3.86542492761892e-16,"ENSMUSG00000043587"
745.28753281207,0.907271446361766,0.10944100449817,5.44013104363293e-17,3.8856714843465e-16,"ENSMUSG00000041544"
213.319836156326,1.05525701686291,0.127771348176646,5.67735059599528e-17,4.05332951761452e-16,"ENSMUSG00000028007"
1959.16087644797,0.810765483939414,0.0977775609962469,5.6887226720502e-17,4.059668025236e-16,"ENSMUSG00000046982"
4917.39794364549,1.10943173792167,0.134508985748682,5.80533823645268e-17,4.14107343615148e-16,"ENSMUSG00000063065"
5371.64667614463,-0.697969018898627,0.0839720013562839,5.82898399590276e-17,4.15611920653987e-16,"ENSMUSG00000032745"
28506.7062403155,1.12668976082122,0.136750737734347,6.12137514193476e-17,4.36268583889728e-16,"ENSMUSG00000033208"
1408.22253924599,0.930124861433598,0.112470119430923,6.21379963545706e-17,4.42661840113654e-16,"ENSMUSG00000034201"
752.358855459644,1.12035842533621,0.136036867507219,6.31844608415704e-17,4.49919795966353e-16,"ENSMUSG00000055692"
574.848732893217,-0.881814183059207,0.106595840895578,6.36541140709935e-17,4.53065880563023e-16,"ENSMUSG00000025195"
589.851196145783,-1.31681806116824,0.160542739936017,6.39520719033115e-17,4.54987686382039e-16,"ENSMUSG00000010080"
518.367273401687,-1.08869041558511,0.132225027431271,6.57924377646813e-17,4.67876497131272e-16,"ENSMUSG00000032477"
3151.69999150799,-0.651410585899446,0.0784494494714261,6.68361529433177e-17,4.75091221664335e-16,"ENSMUSG00000026811"
1723.78733850787,-0.614128612665156,0.073909485118463,6.71161482282059e-17,4.76873269689539e-16,"ENSMUSG00000036572"
149.4680203027,1.66223632904464,0.203802322818473,6.90456686488786e-17,4.90368845665989e-16,"ENSMUSG00000044749"
8145.20461863284,-0.822593344331865,0.0995307740071007,7.01598552704027e-17,4.97847482167226e-16,"ENSMUSG00000037608"
2090.53272682745,0.792866673989787,0.0957813043519258,7.01509008554249e-17,4.97847482167226e-16,"ENSMUSG00000039917"
44.8443798489012,3.05640889856807,0.379609784057572,7.15751631070057e-17,5.07669065383808e-16,"ENSMUSG00000019848"
526.246803527422,1.42934166037295,0.174838145221241,7.23397082038935e-17,5.12868366787012e-16,"ENSMUSG00000018143"
3525.74070796062,1.0443204404197,0.12683434355245,7.48806423523218e-17,5.30651761519849e-16,"ENSMUSG00000060675"
1716.31604471824,-0.698624258692455,0.0843497055888931,7.54899984901074e-17,5.34737247790238e-16,"ENSMUSG00000049878"
1071.32075478518,1.39300706477812,0.170456496286449,7.66727303848753e-17,5.42878949632449e-16,"ENSMUSG00000019577"
236.222868512828,-1.11144742083596,0.13535998281986,7.67695989284658e-17,5.43328491894594e-16,"ENSMUSG00000053600"
41.10496437042,3.48038140147933,0.431007739797959,7.74863154278782e-17,5.48162643431117e-16,"ENSMUSG00000031844"
7459.16402872153,0.82640029672033,0.100035351786926,7.84036644224825e-17,5.54411316016147e-16,"ENSMUSG00000021476"
502.75012238616,-0.941045291608717,0.114428521215982,8.60206512994702e-17,6.08008754603897e-16,"ENSMUSG00000044043"
1592.55229096894,1.34221281677766,0.164435633667355,8.71546605205806e-17,6.15756755188373e-16,"ENSMUSG00000028655"
295.710834564797,-2.00943340027178,0.248588717219499,8.72187182225318e-17,6.15941993590617e-16,"ENSMUSG00000011171"
1538.4342157666,-0.754027247624398,0.0913503032347717,8.74457999149337e-17,6.17277853866128e-16,"ENSMUSG00000027936"
87.6942022838,3.58061342473547,0.445538428648297,8.98774038565271e-17,6.34167481567641e-16,"ENSMUSG00000027568"
5043.41309159774,0.785882290168858,0.0952823904402642,9.08096838851018e-17,6.40467952461736e-16,"ENSMUSG00000032086"
4629.52504090698,-0.969353059140466,0.118030252235194,9.17646246725952e-17,6.46922719974233e-16,"ENSMUSG00000068036"
128.198256939728,1.85207213009259,0.229200178573288,9.70724788739015e-17,6.84045805675052e-16,"ENSMUSG00000030798"
233.553105843062,1.6180398712812,0.199547023205554,9.72556953125516e-17,6.85040332452495e-16,"ENSMUSG00000028028"
226.153089109072,1.96226395883102,0.242786126723227,9.76889364932097e-17,6.8779433747252e-16,"ENSMUSG00000020424"
641.395848682146,1.28176196385368,0.157196011760638,9.93735238741454e-17,6.993524520637e-16,"ENSMUSG00000045932"
3311.84376765338,1.06130215266379,0.12949373387856,9.96920197062073e-17,7.01290707336924e-16,"ENSMUSG00000052928"
1294.61924496211,-0.591049936800559,0.0715384228832066,1.00684190250801e-16,7.07964254385546e-16,"ENSMUSG00000036822"
134.935376293025,1.49272459440172,0.183829814819362,1.01137255908042e-16,7.10842941136058e-16,"ENSMUSG00000022148"
186.129186527822,1.3863053907401,0.170475442848914,1.02537441764882e-16,7.20373101876887e-16,"ENSMUSG00000052085"
6986.8811003886,-0.868482191503923,0.105983422391229,1.0372860112345e-16,7.28427165266401e-16,"ENSMUSG00000022208"
1584.86796728773,-0.598856165432319,0.0725113153505256,1.04852074670319e-16,7.35999168384413e-16,"ENSMUSG00000068205"
2510.85066046966,0.834317505482334,0.101490018489658,1.05374078590738e-16,7.39344504870707e-16,"ENSMUSG00000026748"
3119.16506701236,-0.673321869108354,0.0817030681797575,1.09674562565556e-16,7.69186785627802e-16,"ENSMUSG00000049606"
159.490708459801,2.88558536770751,0.359732210126511,1.09789238843599e-16,7.69659444399697e-16,"ENSMUSG00000030406"
45.8663454501365,-10.4175664310718,2.9944402149587,1.10326893032105e-16,7.73095637011025e-16,"ENSMUSG00000038805"
69.9802038394307,2.33968396061985,0.290609291446266,1.14951089992228e-16,8.05152255978267e-16,"ENSMUSG00000049134"
564.554437374104,1.02666364833552,0.125591268959319,1.15293674759307e-16,8.07204489347096e-16,"ENSMUSG00000028680"
1360.85721207242,-0.598742566476138,0.0726507655585743,1.19024523737673e-16,8.32966980826245e-16,"ENSMUSG00000007338"
3004.14876161228,0.660673554378759,0.0802201793405205,1.19237647997608e-16,8.34099885734881e-16,"ENSMUSG00000033436"
322.662156023914,1.19777264600071,0.147053348483666,1.19565429388976e-16,8.36033530753327e-16,"ENSMUSG00000031767"
229.912928912759,1.61074427320524,0.199025907412826,1.19906995743672e-16,8.38061862050447e-16,"ENSMUSG00000051652"
185.896499182039,-1.42026149506964,0.175024440335631,1.21740747115986e-16,8.50513253885846e-16,"ENSMUSG00000062794"
997.144166198134,1.26355989247261,0.155485801755574,1.2515492844652e-16,8.73990529923835e-16,"ENSMUSG00000028064"
1925.30914513405,1.2421156162588,0.152854651561132,1.3450548208231e-16,9.38885178960484e-16,"ENSMUSG00000052364"
25631.2050296406,0.98223900111175,0.120207650050041,1.35403846132868e-16,9.44750881847761e-16,"ENSMUSG00000006740"
33.9475885602681,-3.93104688690013,0.494004363986306,1.40392584981413e-16,9.79139030988621e-16,"ENSMUSG00000034917"
93.6041566732159,2.372687419905,0.297111700898535,1.43827999837587e-16,1.00266902841809e-15,"ENSMUSG00000025013"
123.768694885246,2.45729407211173,0.307021207925431,1.46394618126897e-16,1.02012482614282e-15,"ENSMUSG00000050164"
5672.49648133398,-0.609669092031997,0.0742277078265429,1.48700824136938e-16,1.03575182511813e-15,"ENSMUSG00000036550"
1978.13321817233,1.05736417787242,0.129942779962959,1.51863561183788e-16,1.05732893453794e-15,"ENSMUSG00000035376"
211.18164666428,2.45353376787695,0.307088200790113,1.58284649756177e-16,1.10156371472041e-15,"ENSMUSG00000056972"
957.100750018489,1.09387625238702,0.134582894616967,1.60417873464433e-16,1.1159325402795e-15,"ENSMUSG00000046546"
79.1309204863233,1.79517570149419,0.223081407885945,1.62496584712965e-16,1.12947549902554e-15,"ENSMUSG00000014813"
4945.71961610556,0.722534666770924,0.0884757452658151,1.62503478235522e-16,1.12947549902554e-15,"ENSMUSG00000022257"
1419.1141782841,-0.864839673269333,0.105890937057722,1.62925791461744e-16,1.13192745770989e-15,"ENSMUSG00000031969"
3376.6144012256,-0.649075375373054,0.0792003153716194,1.64502860697135e-16,1.14239657270818e-15,"ENSMUSG00000033732"
7530.63706111997,1.23531616956344,0.15251366618264,1.65895596507288e-16,1.15157719400667e-15,"ENSMUSG00000030168"
628.324636824732,1.31979915567135,0.163303905298539,1.66583781735645e-16,1.15586138068748e-15,"ENSMUSG00000026893"
1311.02110949578,-0.815085560383122,0.0998062618193265,1.69211426985988e-16,1.17359335682911e-15,"ENSMUSG00000014786"
7653.52827729194,0.565138841551369,0.0688521021672028,1.71007947304879e-16,1.18554828203953e-15,"ENSMUSG00000005469"
42.0590500987711,3.22376511043797,0.404321042928757,1.71771597460172e-16,1.19033548891302e-15,"ENSMUSG00000056423"
939.341876339156,-1.08182211467712,0.133385245745936,1.81223396496197e-16,1.25529976517664e-15,"ENSMUSG00000030469"
338.472096475357,5.88723857250838,0.748497460849701,1.81379138783941e-16,1.25584416041046e-15,"ENSMUSG00000041730"
18880.394068644,0.86083908950098,0.105601725238688,1.83582867247449e-16,1.27056203786308e-15,"ENSMUSG00000049775"
69.4736482013927,2.03080118450451,0.253711495321364,1.8425056808803e-16,1.27464120158816e-15,"ENSMUSG00000041782"
2652.60337651674,0.596445109927205,0.0729665379399065,1.87687657810801e-16,1.29786732958548e-15,"ENSMUSG00000004565"
3821.79171179002,-0.497861195825283,0.0607744139013353,2.03122140781193e-16,1.40400093742516e-15,"ENSMUSG00000003099"
1353.18913262915,1.04750878626664,0.129259729534327,2.03627252885552e-16,1.40689491615918e-15,"ENSMUSG00000045975"
341.951196920753,0.987198847194162,0.121608798990506,2.04468867688844e-16,1.41211040655027e-15,"ENSMUSG00000095407"
2092.2924075566,-1.49500069088835,0.186159940633559,2.04793874774208e-16,1.41375517115121e-15,"ENSMUSG00000039087"
347.649690079283,1.09976441075056,0.135891239142433,2.08264634745851e-16,1.43710543636836e-15,"ENSMUSG00000045215"
1412.58188200476,-0.814673846539792,0.100164887306844,2.19293289892099e-16,1.5125661749422e-15,"ENSMUSG00000030530"
621.814168473122,0.993860525876074,0.12260884656182,2.19412646724359e-16,1.51274843853414e-15,"ENSMUSG00000025911"
1065.81266769061,1.80603606671519,0.226034799752055,2.19659717717843e-16,1.51381070491577e-15,"ENSMUSG00000031558"
3303.30328214592,-0.653146008209851,0.0800750633673174,2.22663197449719e-16,1.53386014730704e-15,"ENSMUSG00000041408"
3419.25440443573,-0.786022375660917,0.0967139040688475,2.25059278565334e-16,1.54971021001967e-15,"ENSMUSG00000035992"
925.545402058935,1.12161717896099,0.138852984260313,2.26066801317835e-16,1.5559895948633e-15,"ENSMUSG00000027695"
2187.45536103085,1.0973318052179,0.13566139322233,2.28627472222078e-16,1.57294927845773e-15,"ENSMUSG00000017400"
1794.87680673874,-0.521826371694411,0.0638331758765492,2.28907624737334e-16,1.57421137113406e-15,"ENSMUSG00000079614"
353.103739439938,1.25291725881427,0.155427078712622,2.30121394628571e-16,1.58189022878542e-15,"ENSMUSG00000035834"
1143.45519237104,0.906305702379208,0.111679902575677,2.34040314335878e-16,1.60815037431803e-15,"ENSMUSG00000048304"
2468.73172131379,-0.734209592497906,0.0902074474693339,2.37277842848746e-16,1.62970832316113e-15,"ENSMUSG00000022416"
1054.06327655523,-0.885331114427417,0.109151944696442,2.38665653562452e-16,1.63854892816938e-15,"ENSMUSG00000029670"
779.527997531224,-0.701137857314525,0.0860852983715951,2.39877657849691e-16,1.64617559632263e-15,"ENSMUSG00000067825"
42.4702118680688,-10.2826737059526,2.97949381212989,2.45281281914003e-16,1.68254897049985e-15,"ENSMUSG00000079092"
2561.63114486629,-0.599354482300959,0.0734985006605939,2.45403828830574e-16,1.68268050787872e-15,"ENSMUSG00000004099"
1386.00816494097,1.57643861377342,0.197174927591904,2.64369660202584e-16,1.81196182264322e-15,"ENSMUSG00000050875"
1072.89830474675,1.34760219343496,0.167921654841944,2.65899386893159e-16,1.82167938545742e-15,"ENSMUSG00000057715"
1800.69698843308,1.1329420672867,0.140550687375814,2.68451332766996e-16,1.83838905964711e-15,"ENSMUSG00000022883"
6050.13483043743,-0.917862110691011,0.113326228363918,2.69683339807043e-16,1.84604937147984e-15,"ENSMUSG00000022353"
797.480866476113,-0.93304055265017,0.115422275625141,2.92077848549155e-16,1.99850492588615e-15,"ENSMUSG00000090338"
4035.78919119128,1.56774004359905,0.196559088553667,2.94752567324336e-16,2.01595894575863e-15,"ENSMUSG00000005045"
1209.93822371837,-0.878401361164741,0.108638147262565,2.98787305275738e-16,2.04269624329209e-15,"ENSMUSG00000033285"
4759.48491200287,0.623826822028837,0.0767983743398722,3.08629785094559e-16,2.10909976564619e-15,"ENSMUSG00000020802"
81.7746781394637,1.91136438044357,0.240540381122419,3.14613309025365e-16,2.14908747138686e-15,"ENSMUSG00000113416"
266.878978111674,1.8213634800989,0.229195571688938,3.19653042551012e-16,2.18259741050561e-15,"ENSMUSG00000041272"
355.756478990367,1.07489180026644,0.133660199955714,3.27562005149939e-16,2.23566218860826e-15,"ENSMUSG00000020105"
2223.03162084463,-0.664458739089794,0.0819201257101317,3.27912908246291e-16,2.23711916195856e-15,"ENSMUSG00000024491"
2600.59591413038,2.75355432094821,0.349798474198748,3.28169886454747e-16,2.23793439954351e-15,"ENSMUSG00000047507"
7882.92711822201,0.657902301237847,0.0810851113152721,3.28568943100655e-16,2.23971744379919e-15,"ENSMUSG00000033595"
642.917479027804,-0.867627281527245,0.107444222998917,3.33103223526338e-16,2.26967529198901e-15,"ENSMUSG00000052763"
4368.13041082401,-1.2932782273772,0.161738935689013,3.48176730041669e-16,2.37138946092815e-15,"ENSMUSG00000061718"
2532.91162289978,-0.821286002532625,0.101673138280757,3.49346656586524e-16,2.37836255789019e-15,"ENSMUSG00000034613"
4609.70330074525,0.816594605624869,0.101073353929532,3.54828891782343e-16,2.41467587810743e-15,"ENSMUSG00000045294"
241.246117882152,-1.99627807375455,0.25371106607681,3.57933233692878e-16,2.43478360971695e-15,"ENSMUSG00000029862"
153.556481658606,-2.54325532611154,0.322939583314914,3.59635584264215e-16,2.44534170453337e-15,"ENSMUSG00000048368"
802.951274714665,0.965087662117171,0.119844107041311,3.63983932782197e-16,2.47387493019984e-15,"ENSMUSG00000051339"
1111.12030458378,0.749271995925457,0.0926880328704145,3.6679630217262e-16,2.49194916809929e-15,"ENSMUSG00000045349"
1757.49120249533,1.07683734099088,0.134113157134633,3.70315764223519e-16,2.51481018357548e-15,"ENSMUSG00000050640"
1604.23562336165,1.17714720302943,0.146941136772996,3.70574807449156e-16,2.51551989810566e-15,"ENSMUSG00000029084"
10595.5870823613,-0.594677397612728,0.0733682927208928,3.71318830981372e-16,2.51951977103576e-15,"ENSMUSG00000040549"
12147.7390990965,-1.36282261514439,0.170967757714458,3.71713722210824e-16,2.52114832089492e-15,"ENSMUSG00000021719"
7457.35535389869,-0.684403061482211,0.084604275599194,3.7537404128232e-16,2.54491405414144e-15,"ENSMUSG00000010608"
386.307423090235,-1.13681469783018,0.141927924247143,3.81494296348719e-16,2.58533062279952e-15,"ENSMUSG00000090641"
20451.8479742597,-0.697123095126053,0.0862725842866815,3.88088790547837e-16,2.62892606431032e-15,"ENSMUSG00000032336"
3526.94988159491,0.717908190446802,0.0888578582514267,3.91304955762636e-16,2.64960984605e-15,"ENSMUSG00000039157"
1262.04699414016,-0.886717785779704,0.110116208504226,3.95273919799277e-16,2.67537167005931e-15,"ENSMUSG00000038252"
2322.48776423727,-1.01690167208512,0.126670309623091,3.96463494538999e-16,2.68230788200575e-15,"ENSMUSG00000061578"
266.327029135639,1.19652900175874,0.149630600701953,4.03394705433039e-16,2.7280677254005e-15,"ENSMUSG00000054400"
678.967045269432,1.13728096092144,0.142121096508416,4.26819324185437e-16,2.88528445144956e-15,"ENSMUSG00000021759"
607.488553836072,-1.7885591193984,0.226200810520504,4.28079261727222e-16,2.89260034138469e-15,"ENSMUSG00000026837"
4457.50037473492,0.956060451898912,0.119041675604046,4.29568855328933e-16,2.90146133902256e-15,"ENSMUSG00000021703"
709.855837483318,6.35036283015305,0.819136646943463,4.29976655704857e-16,2.9030111993213e-15,"ENSMUSG00000038253"
470.897397247778,0.806752358853527,0.100175606424141,4.30534732878702e-16,2.90557395596995e-15,"ENSMUSG00000043153"
31.2334063919099,-3.70836784159621,0.470254809568836,4.31294145269198e-16,2.90949278768836e-15,"ENSMUSG00000046814"
215.699346494078,1.66355054075639,0.209990317091531,4.41869097889317e-16,2.97959617872506e-15,"ENSMUSG00000025789"
7705.38152373866,0.593069027083928,0.0733431798990096,4.43691980942004e-16,2.99064930259791e-15,"ENSMUSG00000021248"
917.874175836341,-0.947482620802711,0.118046871210901,4.43943946175191e-16,2.99110908768202e-15,"ENSMUSG00000039987"
2553.99953745576,-1.18304554737997,0.148268616665137,4.60207860671006e-16,3.09940569135401e-15,"ENSMUSG00000037369"
32.6201334287011,-5.07313554256675,0.637209723505051,4.72070809017221e-16,3.17798537187027e-15,"ENSMUSG00000049382"
2419.33361205216,-0.795540812745152,0.0989095791606629,4.75394750401263e-16,3.19903916785108e-15,"ENSMUSG00000026443"
4972.0286362091,1.16680668312339,0.146169958112448,4.75702887785914e-16,3.19978992040459e-15,"ENSMUSG00000033039"
2327.17088802159,-0.71077872458946,0.088208924012093,4.78602450527882e-16,3.21796393626306e-15,"ENSMUSG00000044807"
163.158943358947,1.67303328499877,0.212124786057966,4.88433683402163e-16,3.28270994980199e-15,"ENSMUSG00000009356"
8722.48948190821,-1.11405489761433,0.139554723323891,4.93163316941791e-16,3.31312937399029e-15,"ENSMUSG00000030077"
55.491431593982,-3.57351173018718,0.458562238873518,5.04313073792449e-16,3.38663705247256e-15,"ENSMUSG00000000392"
491.501091392129,-1.48092438921884,0.186878173765159,5.0731165642994e-16,3.40536871891405e-15,"ENSMUSG00000043635"
390.711493680945,1.89694582211701,0.240807598751747,5.13458910158647e-16,3.44521192892104e-15,"ENSMUSG00000036422"
36.419108299826,-10.0382538248518,2.94369462664029,5.21802929646711e-16,3.4997561140458e-15,"ENSMUSG00000042596"
2133.26356454372,0.82738156748001,0.103051687700981,5.22808664236255e-16,3.50361442422304e-15,"ENSMUSG00000021782"
695.514658717632,-0.751158539227955,0.0934356283500369,5.227557322255e-16,3.50361442422304e-15,"ENSMUSG00000029464"
6893.55257602881,0.98645609501317,0.123239900694529,5.24842654237509e-16,3.51579782949719e-15,"ENSMUSG00000032349"
2534.30584238942,-0.587237747839571,0.0728137036113103,5.26003248921239e-16,3.52212294773342e-15,"ENSMUSG00000002032"
52.4139377058681,-2.79777855920009,0.358603258123727,5.31251260719916e-16,3.55434427221301e-15,"ENSMUSG00000020218"
2334.86459983119,-0.67363446297755,0.0837005093420772,5.31251972864864e-16,3.55434427221301e-15,"ENSMUSG00000026634"
972.77984841841,3.13818738926535,0.402990476398704,5.32175152136611e-16,3.55759635584384e-15,"ENSMUSG00000025020"
61.2723385283311,2.32495601480078,0.296825220859539,5.31965068992813e-16,3.55759635584384e-15,"ENSMUSG00000094083"
2699.27024824593,0.786501872426951,0.0978742822445936,5.55818227135415e-16,3.7141252468433e-15,"ENSMUSG00000020593"
239.834372863886,-1.39782185700041,0.17646469658102,5.67795708167453e-16,3.79260506259737e-15,"ENSMUSG00000040740"
3384.88182117904,0.570669441525845,0.0707689563975064,5.84235534906688e-16,3.90081461739584e-15,"ENSMUSG00000020646"
5927.96927377627,-0.670223598405289,0.0833816718576997,5.86721667518815e-16,3.91580783266555e-15,"ENSMUSG00000078429"
3173.89315200254,1.16090491314244,0.145989424400545,6.17559672903709e-16,4.11993293259286e-15,"ENSMUSG00000031785"
580.645971316153,1.46773949176117,0.185735213818603,6.20255452819882e-16,4.13622214707171e-15,"ENSMUSG00000038872"
336.240039960115,0.8629722646701,0.107882624799162,6.32080617254578e-16,4.21335310715398e-15,"ENSMUSG00000024172"
150.754498688347,-1.91951786399931,0.2443222883492,6.38995524512317e-16,4.25770329431498e-15,"ENSMUSG00000058665"
855.637187465979,0.67140335283794,0.0836437844246246,6.46842168871278e-16,4.30822292343971e-15,"ENSMUSG00000070871"
1065.15000494093,-0.812930315302738,0.101661205044347,6.7231542280183e-16,4.47605335475182e-15,"ENSMUSG00000062075"
526.551626615289,-0.877789735039793,0.109962896603718,6.73116534901168e-16,4.47955476497188e-15,"ENSMUSG00000020364"
112.335957948744,1.56103629962539,0.198304495565324,6.7715484973758e-16,4.50458792154815e-15,"ENSMUSG00000031112"
11113.9429338038,-1.20570585060421,0.152172597721346,6.83248873060138e-16,4.54327007993175e-15,"ENSMUSG00000039126"
713.837632235841,0.834703739132257,0.104442816794501,6.92327353371466e-16,4.60175772077612e-15,"ENSMUSG00000023990"
612.481640601422,0.930920202596851,0.116689845773387,6.97229742187774e-16,4.63245132380922e-15,"ENSMUSG00000040133"
1656.58782347792,-0.851635937033977,0.106642174216004,7.02565170170959e-16,4.66599585477065e-15,"ENSMUSG00000026347"
2499.47992428458,0.701784749375191,0.0876207408485224,7.0437034460846e-16,4.67607686359564e-15,"ENSMUSG00000020576"
39.5925604719534,6.08178139191732,0.750782356947958,7.12160961925932e-16,4.72586878851623e-15,"ENSMUSG00000028963"
492.180422433025,1.41430481380828,0.179288878004474,7.17210932953043e-16,4.75744073618975e-15,"ENSMUSG00000026042"
39.3816779723076,5.09615828485455,0.642903523750198,7.19549779395757e-16,4.77101071649863e-15,"ENSMUSG00000034185"
615.093903252722,1.04913010903141,0.131879380383875,7.202175272609e-16,4.77349385535543e-15,"ENSMUSG00000051041"
529.793681374298,1.66751166275863,0.212157470604567,7.21130815519721e-16,4.77760171551894e-15,"ENSMUSG00000048644"
2154.34510918509,-0.625780939978508,0.0780463972971722,7.33553887833842e-16,4.85792928647652e-15,"ENSMUSG00000040563"
41.1864700656336,-6.24108471463217,0.77027326921412,7.38583311383482e-16,4.88924731301355e-15,"ENSMUSG00000053675"
731.803031518985,-0.924246119717464,0.116033533847924,7.4310666922278e-16,4.91719120390586e-15,"ENSMUSG00000016984"
3793.9100003489,-0.619225288334467,0.0772549304537775,7.54253426445383e-16,4.98892209495244e-15,"ENSMUSG00000002718"
1607.9922110857,-0.603040559250558,0.0752209943825112,7.56568674028749e-16,5.00220344266449e-15,"ENSMUSG00000019984"
696.558663583851,1.02323391300727,0.128755532687306,7.83188466067845e-16,5.17610306563231e-15,"ENSMUSG00000030737"
310653.559214694,2.65083322345853,0.336612951850786,7.99885165636843e-16,5.28430630123236e-15,"ENSMUSG00000031425"
8380.58024619827,-1.18531996122024,0.14979120596317,8.1061842359219e-16,5.35304125729561e-15,"ENSMUSG00000020580"
1147.05224146253,-1.06292154929972,0.13417108818518,8.29589489891143e-16,5.4760980196464e-15,"ENSMUSG00000003929"
5967.5314077649,-1.37289756743982,0.174408750542892,8.59523595865008e-16,5.67139241730466e-15,"ENSMUSG00000031376"
589.602572455051,-0.791297400776092,0.0992410346650752,8.65239223799456e-16,5.7067925790144e-15,"ENSMUSG00000022360"
140.586299830509,1.92677436037555,0.246330243662369,8.65848700365366e-16,5.70849945101151e-15,"ENSMUSG00000073207"
5063.34652991692,-0.47509680416068,0.0589588051844006,8.89801034129576e-16,5.86404098524747e-15,"ENSMUSG00000038264"
2574.35568861283,0.780073038283967,0.0978811250164459,9.0652400124659e-16,5.97183233196762e-15,"ENSMUSG00000017286"
3349.25164971533,-0.554923837940083,0.0693560060045937,9.0773563630656e-16,5.97739510024198e-15,"ENSMUSG00000033014"
795.540677081478,1.10930641478639,0.140253767932923,9.39638188893415e-16,6.18496984990174e-15,"ENSMUSG00000062937"
4152.51762447853,-0.911015687289517,0.114810888473942,9.72751980659005e-16,6.40034629796576e-15,"ENSMUSG00000026824"
6875.68603169061,-0.800503655532398,0.100788752069965,1.02711404127417e-15,6.75529792479233e-15,"ENSMUSG00000027397"
8024.20002046125,1.11681949862477,0.141365441806347,1.0327146347035e-15,6.78938967031648e-15,"ENSMUSG00000063317"
964.021867334845,-1.01884596536204,0.128836909064039,1.04476552165849e-15,6.86584302041052e-15,"ENSMUSG00000056938"
1331.02529763055,-1.00066020493022,0.126783723227468,1.04777591312637e-15,6.8828475842902e-15,"ENSMUSG00000024580"
1343.25535233381,1.26110227016604,0.160280020574625,1.05429950468207e-15,6.92290735668205e-15,"ENSMUSG00000078161"
26015.7878905599,-0.71488875035713,0.0899680179531247,1.06768563713863e-15,7.00797854892848e-15,"ENSMUSG00000039630"
15238.5545781557,-0.523427359683557,0.0655787617316985,1.10504960687724e-15,7.25030129010389e-15,"ENSMUSG00000030774"
3936.09734830516,0.646800418659389,0.0811929316489806,1.10626812198761e-15,7.25537167192358e-15,"ENSMUSG00000015994"
12349.5386437642,-1.11841907183515,0.142027629265919,1.13034133847685e-15,7.41026834785588e-15,"ENSMUSG00000052572"
1357.82152455522,-0.768060691087858,0.0967433208963092,1.13512723902353e-15,7.4386478248088e-15,"ENSMUSG00000040167"
8338.88266686561,-0.495338161495663,0.062073804450592,1.15351740580751e-15,7.55611924818294e-15,"ENSMUSG00000031950"
139.090424326219,1.36039904094373,0.173440006775837,1.1569656073611e-15,7.57565814827996e-15,"ENSMUSG00000020573"
765.206864877689,0.731223091409349,0.0920431744705211,1.16749758254581e-15,7.64154630023351e-15,"ENSMUSG00000026307"
1065.51062963132,1.36129703107739,0.173726885424838,1.20221707558306e-15,7.86563085061942e-15,"ENSMUSG00000036905"
3514.31942442638,-1.07041372985761,0.135868830971285,1.21814385196887e-15,7.96663142721949e-15,"ENSMUSG00000026790"
144.920040059377,1.61815023179596,0.207428648405555,1.22078631396224e-15,7.98070667416759e-15,"ENSMUSG00000015484"
1038.82691692327,1.33087081978107,0.169787221626435,1.23259022274227e-15,8.05463815567989e-15,"ENSMUSG00000036896"
370.519088500577,-1.047462036868,0.132962038787975,1.23801293888343e-15,8.0868276962859e-15,"ENSMUSG00000025407"
2393.08979383227,1.34592851751756,0.171809484654984,1.2531188082778e-15,8.18221739315924e-15,"ENSMUSG00000048834"
1531.3030944801,1.58370033598346,0.203176014986451,1.30144833746531e-15,8.49437691951095e-15,"ENSMUSG00000027584"
2285.55338850733,1.11906509034849,0.142311566850101,1.3043157788979e-15,8.5096802600802e-15,"ENSMUSG00000026478"
1251.80266690928,0.779776777142965,0.0984715983414908,1.34210994614446e-15,8.75275068242771e-15,"ENSMUSG00000032702"
22176.4418752694,-0.819947850767734,0.102950664119758,1.35844535516298e-15,8.85573628007326e-15,"ENSMUSG00000020894"
6463.54790924825,1.06273238120668,0.135065513590518,1.37830635521615e-15,8.98161363098818e-15,"ENSMUSG00000032018"
73.4172010953016,-2.89448250512442,0.377529441835272,1.38136029792398e-15,8.99791233677736e-15,"ENSMUSG00000036492"
100.235803003505,2.12932753565705,0.275196754820382,1.40948959499159e-15,9.17746865090924e-15,"ENSMUSG00000113691"
102.796958197553,-2.64614221360323,0.344015970668942,1.41629162255031e-15,9.21807078443578e-15,"ENSMUSG00000029700"
395.068508963393,1.33037861266797,0.17022194233594,1.4270557374852e-15,9.28441778368667e-15,"ENSMUSG00000019789"
1766.32871153644,0.848049288561392,0.107396174541312,1.48183346550136e-15,9.63694972090734e-15,"ENSMUSG00000004508"
5572.96556796818,-0.530120267407795,0.0667229095212871,1.48405323410313e-15,9.64753136770395e-15,"ENSMUSG00000055943"
1210.94519687757,-0.669315075723487,0.0844690072270102,1.48642033262415e-15,9.65906194589056e-15,"ENSMUSG00000032264"
236.539679509265,-1.13500342749999,0.144824101627703,1.51382135086153e-15,9.83319391433516e-15,"ENSMUSG00000031079"
316.775176832646,1.0713649213373,0.136367891430194,1.51740373056711e-15,9.85253208064277e-15,"ENSMUSG00000028766"
239.863427379532,-1.46357717867071,0.18764613053238,1.51994982504516e-15,9.86512888839121e-15,"ENSMUSG00000041653"
642.57113785552,1.68186405134377,0.216724265309202,1.53734064386513e-15,9.97402590706921e-15,"ENSMUSG00000034755"
483.037318597083,0.917106447163584,0.116383692288675,1.54849222596999e-15,1.00423730893783e-14,"ENSMUSG00000033722"
17410.4023277204,1.0946922643666,0.139287393875497,1.55042444745669e-15,1.00508997035842e-14,"ENSMUSG00000040035"
746.021381755165,-0.834870684735067,0.105840434302986,1.57621538262596e-15,1.02140262732426e-14,"ENSMUSG00000020086"
1683.77010195078,-1.23960963752102,0.158642941429697,1.60835945034068e-15,1.04181755402489e-14,"ENSMUSG00000041488"
132.045074926356,1.61609040016893,0.208129317345252,1.63986341311522e-15,1.0618017756042e-14,"ENSMUSG00000029771"
861.927522681175,1.21492746666717,0.155358054866037,1.64595552165361e-15,1.06532262351799e-14,"ENSMUSG00000021998"
261.684264142043,1.25615064757999,0.160700281989045,1.66351372652112e-15,1.07625900001235e-14,"ENSMUSG00000006567"
2875.03001447896,-0.787714038550046,0.0998671064834093,1.70213236728431e-15,1.10080693979555e-14,"ENSMUSG00000024772"
3120.87084062453,-0.902066719574114,0.114697645449717,1.74985291753291e-15,1.13121945161242e-14,"ENSMUSG00000031292"
7004.71176026205,-1.03437706870524,0.131949501598733,1.7546101971256e-15,1.13384457279915e-14,"ENSMUSG00000003226"
1865.33926761717,-0.621914906542775,0.0787188021401047,1.91438306089291e-15,1.23660029623868e-14,"ENSMUSG00000023020"
42.4361761439696,-3.0876787800465,0.404350601705386,1.93414932298121e-15,1.24887277586228e-14,"ENSMUSG00000032595"
1941.00245430908,0.759431958835881,0.0963854913293212,1.94216751096725e-15,1.25355284470757e-14,"ENSMUSG00000026603"
981.942688888652,-0.762667961561769,0.0968395302077206,1.94580938160592e-15,1.25540567236548e-14,"ENSMUSG00000036073"
3279.73583622114,1.34281953179909,0.172677437980245,1.95550994880968e-15,1.26116445906197e-14,"ENSMUSG00000040759"
296.13341814914,1.59093765474087,0.205541761208421,1.96838256831391e-15,1.26846126076856e-14,"ENSMUSG00000004609"
224.624360041655,1.17584679500523,0.15062419922358,1.96833585342021e-15,1.26846126076856e-14,"ENSMUSG00000060429"
3860.04678475785,0.48502445573982,0.0612627266313729,1.9718394906034e-15,1.27018611903609e-14,"ENSMUSG00000027007"
127384.331990119,0.511993938736316,0.0647677426843469,2.06524916787293e-15,1.32983093174982e-14,"ENSMUSG00000029309"
1070.90401718675,-0.722457339199747,0.0917980089021909,2.11874716701686e-15,1.363739279743e-14,"ENSMUSG00000035164"
1112.73737155636,1.04544315045558,0.133812993366786,2.18641903160514e-15,1.40674027654025e-14,"ENSMUSG00000032523"
29456.9029668534,0.860074967422341,0.110259730114758,2.2259197717628e-15,1.4315891760077e-14,"ENSMUSG00000013698"
92.2205943928678,1.80879063987038,0.23550237061418,2.25771103056441e-15,1.45146209145053e-14,"ENSMUSG00000041605"
1058.87445653225,-0.765604267038505,0.097472133079243,2.27500841004452e-15,1.46200500981858e-14,"ENSMUSG00000020700"
182.098551763824,1.91413572411479,0.249352647138755,2.31966022190241e-15,1.4901116453089e-14,"ENSMUSG00000035095"
4850.0242151502,1.13585885617514,0.145588796065941,2.32264134860357e-15,1.49084999497512e-14,"ENSMUSG00000027339"
1642.59373307575,-0.541639159874343,0.0686549794238023,2.32243392883402e-15,1.49084999497512e-14,"ENSMUSG00000035900"
44.5958794612579,-5.79691954258872,0.741436780494677,2.32701009935423e-15,1.4930654472719e-14,"ENSMUSG00000051985"
1125.87648543044,-0.857139149891964,0.109396303486255,2.35384080562337e-15,1.50968560417404e-14,"ENSMUSG00000030707"
39.8982359233491,3.19313049901066,0.417529083499388,2.40971927465187e-15,1.54491572874294e-14,"ENSMUSG00000042353"
3896.83024072692,-0.571420606824159,0.0724773786711882,2.41695307469343e-15,1.54894339172676e-14,"ENSMUSG00000044791"
758.26884978313,1.01405127950896,0.129898594274099,2.4346392240999e-15,1.5596638051908e-14,"ENSMUSG00000022525"
230.185045576477,-1.60505738079463,0.208318957468664,2.45561234532065e-15,1.57248063560698e-14,"ENSMUSG00000014782"
46.9634973528938,2.6248312438568,0.345335979048224,2.47379598965757e-15,1.58350181359205e-14,"ENSMUSG00000034773"
46.9172677519562,3.03393659057999,0.397159826305379,2.56113949126463e-15,1.63876684900966e-14,"ENSMUSG00000051136"
1075.47668091692,1.01130318386661,0.129739419680074,2.56480460407924e-15,1.64046716484094e-14,"ENSMUSG00000066406"
1691.26326330109,-0.732932271841538,0.0934429211742416,2.57666633573539e-15,1.64740670122155e-14,"ENSMUSG00000011958"
257.496803109445,1.70701759020102,0.222187594291081,2.59551095206258e-15,1.65880358373281e-14,"ENSMUSG00000059866"
1344.35497806968,0.984692496617245,0.126229544401583,2.61703929934008e-15,1.67190603275737e-14,"ENSMUSG00000025880"
241.090894523854,-1.33468412603849,0.172413960693197,2.62044146246797e-15,1.6734227589664e-14,"ENSMUSG00000034161"
7042.09292052097,-0.92486070450283,0.118441667503323,2.62592352516185e-15,1.67626600559155e-14,"ENSMUSG00000039809"
850.865618946245,-0.735823512947904,0.093860278737511,2.67012739962549e-15,1.70381551591939e-14,"ENSMUSG00000031922"
2899.16337108607,-0.626746370110057,0.0797731895818221,2.67720491180988e-15,1.70766228661603e-14,"ENSMUSG00000035764"
6087.72762929896,0.595488319964576,0.0757505151235619,2.7948704984081e-15,1.78201731191097e-14,"ENSMUSG00000029478"
987.7416225092,-0.878424905080932,0.112517583493493,2.79844857675622e-15,1.78360007566318e-14,"ENSMUSG00000067928"
1128.13545983778,0.924774315919105,0.118544123103062,2.80817633355694e-15,1.78909958346927e-14,"ENSMUSG00000018167"
1400.06843597764,-0.795918210928343,0.101770548987738,2.82382818054683e-15,1.79836757132008e-14,"ENSMUSG00000032727"
6831.59720928284,0.510487041408964,0.0649071875146398,2.97305905896167e-15,1.89266544238475e-14,"ENSMUSG00000017843"
2411.44176390396,1.01490611482787,0.130483633524446,2.97872354144213e-15,1.89553017230629e-14,"ENSMUSG00000030259"
157.425733812417,2.86072051874381,0.374920435001157,2.99885881598191e-15,1.90759764777466e-14,"ENSMUSG00000048349"
1962.61769079093,-0.638585565930234,0.0814974293038448,3.09362607386836e-15,1.96711114181364e-14,"ENSMUSG00000017615"
2402.36844704628,0.882508658710574,0.113256001527525,3.14933440394796e-15,2.00175187143557e-14,"ENSMUSG00000074457"
4694.39176856106,0.834224645151879,0.106871607495672,3.16422950370543e-15,2.01043434275242e-14,"ENSMUSG00000035640"
352.680236504885,1.50135153238311,0.195253441905606,3.23261386870219e-15,2.05308187884254e-14,"ENSMUSG00000050830"
1075.40340078355,0.950543896232313,0.122235448768973,3.24202404171463e-15,2.05825535690447e-14,"ENSMUSG00000025537"
7149.63821793041,-0.619471631706006,0.0791116818240473,3.24797213944575e-15,2.06122769925528e-14,"ENSMUSG00000006575"
12394.263095096,1.22648161915513,0.158653932167695,3.27900145545148e-15,2.08010856164611e-14,"ENSMUSG00000039601"
2944.01498491024,-0.620538191261044,0.0792395842385091,3.28718446669781e-15,2.08448729056903e-14,"ENSMUSG00000041846"
305.09884075435,-0.989668890935346,0.127366744934244,3.30288913288745e-15,2.09363042465506e-14,"ENSMUSG00000019880"
1185.67923885856,-0.946251760928908,0.121725970906541,3.3502619015361e-15,2.12283235629446e-14,"ENSMUSG00000033021"
1211.19654837887,-0.840142795189767,0.107818836116331,3.3604125191166e-15,2.1284356025751e-14,"ENSMUSG00000028126"
3367.10839841392,-0.704716664207357,0.0901778550752654,3.38483334251279e-15,2.14306951184065e-14,"ENSMUSG00000025314"
9991.8071357061,0.709186328874477,0.0907432764402835,3.45399220597188e-15,2.18600642024923e-14,"ENSMUSG00000022265"
53.6553377521512,-10.6367500997318,3.0650729694122,3.4682720645757e-15,2.19419093148711e-14,"ENSMUSG00000060794"
3603.55872205464,1.42220374153857,0.184942493217364,3.51141424177144e-15,2.22062164054217e-14,"ENSMUSG00000053580"
5232.29613093013,0.895572265533889,0.115115435061694,3.52499208896917e-15,2.22834257181515e-14,"ENSMUSG00000056515"
575.357107766905,1.15362930233003,0.149224550529188,3.56757074569675e-15,2.25438340832499e-14,"ENSMUSG00000023262"
2520.24766037314,1.53536205631266,0.200336347410103,3.67670344552529e-15,2.32244387606755e-14,"ENSMUSG00000034993"
1695.05575400152,-0.75849259343688,0.0973648093880276,3.76406394868434e-15,2.37670414882404e-14,"ENSMUSG00000058587"
3029.11147824867,-0.765323936640326,0.098290920456941,3.8321694415455e-15,2.41876906434578e-14,"ENSMUSG00000029616"
51.598465504631,8.27698717332452,1.31131246609091,3.85013006690232e-15,2.42916345848977e-14,"ENSMUSG00000074003"
641.909315004518,-0.822538105853829,0.105770419668198,3.8528462933473e-15,2.42993537245669e-14,"ENSMUSG00000006763"
3340.05472332161,-0.869621095443696,0.111963850784223,3.97544500828314e-15,2.50628558655434e-14,"ENSMUSG00000040543"
288.784914432873,-1.38075817713673,0.179934435640371,4.07725210786241e-15,2.56946117303971e-14,"ENSMUSG00000029695"
59.8788750767337,3.31951363203206,0.444786766273223,4.07881046267024e-15,2.56946117303971e-14,"ENSMUSG00000068105"
1281.6218313785,0.882109720918628,0.11370276465597,4.23290781996061e-15,2.66550381018642e-14,"ENSMUSG00000037295"
465.007738892171,3.24362705918012,0.431252083934049,4.24503724708933e-15,2.67210813256459e-14,"ENSMUSG00000052301"
48.0539231181526,6.7367718223912,0.847640330779079,4.25065042430247e-15,2.67460717459589e-14,"ENSMUSG00000049928"
1396.40154753495,0.802680078181629,0.10326696932886,4.27935449311245e-15,2.69162799222892e-14,"ENSMUSG00000070044"
6953.10377066273,-0.977196423031127,0.12622531346274,4.30586374552633e-15,2.70675527967964e-14,"ENSMUSG00000002107"
21091.4811513708,0.836405848000372,0.107705618682866,4.30673066369964e-15,2.70675527967964e-14,"ENSMUSG00000018707"
4876.97421892936,-0.461990336203585,0.0590530565642435,4.46060205287957e-15,2.80129939107923e-14,"ENSMUSG00000028134"
6482.29384001386,-0.531827316253037,0.068145273342467,4.45995619848874e-15,2.80129939107923e-14,"ENSMUSG00000043962"
526.766868799943,-0.718405405523637,0.0923594633826854,4.47363657879452e-15,2.80840170573148e-14,"ENSMUSG00000043999"
203.24726332757,1.23511766774357,0.160474057990899,4.50641980222009e-15,2.82789134697527e-14,"ENSMUSG00000021747"
532.171569805823,-1.49513595965368,0.195771829782408,4.59085851843583e-15,2.87976859202691e-14,"ENSMUSG00000071226"
476.44517255932,-2.1684487893416,0.286992447983333,4.67271645135586e-15,2.9299876115243e-14,"ENSMUSG00000052861"
359.820712663486,-1.10475989764698,0.143502838715493,4.70151657754633e-15,2.94691131495184e-14,"ENSMUSG00000040195"
284.865392976278,-1.75531301046811,0.230710195740835,4.80277811187138e-15,3.0092233296783e-14,"ENSMUSG00000019851"
301.159931827452,1.41764062886449,0.185164182604773,4.92425883218694e-15,3.08415103002459e-14,"ENSMUSG00000118608"
204.7371975465,-1.64858370982243,0.216690820765217,4.93732780177726e-15,3.09114699835885e-14,"ENSMUSG00000022176"
3257.78911223274,0.717464214558048,0.0923673171408299,4.95481416693682e-15,3.10090215337937e-14,"ENSMUSG00000037348"
1296.6340930026,-0.824695688505225,0.106544641226643,5.2503732922369e-15,3.28461093201507e-14,"ENSMUSG00000037896"
1705.74986508678,-0.686106117858476,0.088400581781589,5.28644546750485e-15,3.30590700422758e-14,"ENSMUSG00000006599"
344.041637222155,0.924271700317543,0.119714082080395,5.29916148386447e-15,3.31222410530444e-14,"ENSMUSG00000022235"
10162.4245282803,0.940006052924498,0.121743921839027,5.30061665703285e-15,3.31222410530444e-14,"ENSMUSG00000025579"
1034.31217235867,0.949402113158593,0.12303412370454,5.34640650178325e-15,3.33955506661657e-14,"ENSMUSG00000029810"
3211.48264531609,0.703073823636595,0.0906644731999229,5.37759225726385e-15,3.35774632772309e-14,"ENSMUSG00000027605"
1622.40182958219,0.918620073335428,0.118966779767984,5.39515308782271e-15,3.36741955381818e-14,"ENSMUSG00000034353"
449.023488880253,1.45680800136753,0.191010238944808,5.44884363480961e-15,3.39962731649792e-14,"ENSMUSG00000029381"
476.373863553748,1.1680295107885,0.152166008898775,5.50320538802023e-15,3.43222901556296e-14,"ENSMUSG00000037936"
291.7381079681,0.989808042606803,0.128540456089817,5.63580060717847e-15,3.51357955892957e-14,"ENSMUSG00000041219"
472.247386029749,-1.06377339050145,0.13841374188493,5.65109423907156e-15,3.52176539140915e-14,"ENSMUSG00000015879"
383.917949444665,0.929569260920448,0.12059050332661,5.69089393714146e-15,3.54521130917676e-14,"ENSMUSG00000000934"
7161.99881877327,-0.791482814957275,0.102307344542533,5.76644718346421e-15,3.59090387346712e-14,"ENSMUSG00000045038"
2056.23510610701,-0.88567547105499,0.114855388278582,6.03745610980468e-15,3.7582298491549e-14,"ENSMUSG00000036295"
2104.10081049178,0.741193240601245,0.0958110987296369,6.12865390407906e-15,3.81354083526755e-14,"ENSMUSG00000026687"
2469.84671681965,0.874192783193631,0.113341913374723,6.14646382688029e-15,3.82316156568427e-14,"ENSMUSG00000051527"
84.696012809307,-2.75391363437492,0.366929101605304,6.30522801017104e-15,3.92041640754638e-14,"ENSMUSG00000058396"
3004.54555173425,-0.531085910163625,0.0684668773105782,6.35932033168664e-15,3.95253976171039e-14,"ENSMUSG00000023932"
10052.6352109075,-0.565970612785019,0.0729720749816463,6.3784388078535e-15,3.9629094242076e-14,"ENSMUSG00000027620"
1576.12418566135,0.708413768500634,0.0915593282362023,6.39812538985682e-15,3.97362400214e-14,"ENSMUSG00000060147"
2260.65745870543,-0.835585569451566,0.108378781652184,6.46607524773946e-15,4.01429339750965e-14,"ENSMUSG00000057367"
343.503807398623,1.87498892846241,0.248139196658413,6.65769811393736e-15,4.13168165835579e-14,"ENSMUSG00000074622"
31.4658116186283,3.59982276905913,0.478527879818325,6.68870793425549e-15,4.14934404549584e-14,"ENSMUSG00000053368"
3518.05066516521,-0.98601751127687,0.128447995281653,6.78428290392345e-15,4.20703074705013e-14,"ENSMUSG00000035236"
12623.9924647269,-1.05027918552422,0.13703787399544,6.78784856179864e-15,4.20763895235941e-14,"ENSMUSG00000063297"
555.606396731078,-1.82749150942067,0.242145603556339,6.80603533288578e-15,4.2160686710862e-14,"ENSMUSG00000041552"
798.167253723891,0.641910943337355,0.0829737444222006,6.80662763706507e-15,4.2160686710862e-14,"ENSMUSG00000057572"
1766.6771850856,1.09655872113843,0.143155015838,6.86414752609538e-15,4.25007962836746e-14,"ENSMUSG00000042116"
4438.74853944209,1.10717001721294,0.144732942160297,7.13681279204604e-15,4.4172258033812e-14,"ENSMUSG00000036402"
392.367321681201,-1.36280543415209,0.179596669076685,7.22106396958961e-15,4.46767310136753e-14,"ENSMUSG00000022519"
5007.65022311557,-0.892689307128065,0.116159659862486,7.24878225532967e-15,4.48311844803406e-14,"ENSMUSG00000021500"
4279.42121389125,-0.508220011211719,0.0656040795234115,7.28552960471709e-15,4.50413410199714e-14,"ENSMUSG00000049659"
835.221843453509,-1.26051814188301,0.16556163554942,7.5340006480101e-15,4.65597807700488e-14,"ENSMUSG00000050390"
701.071820687037,0.743109153652029,0.0964010909920332,7.55896675669048e-15,4.66963418844052e-14,"ENSMUSG00000030315"
908.692632785544,-0.555750756457217,0.0718306957854661,7.57466276251654e-15,4.67755540395464e-14,"ENSMUSG00000021028"
5043.62907295715,0.57549877151697,0.0744207153857411,7.71953446688568e-15,4.76520978581589e-14,"ENSMUSG00000024978"
516.867139350497,2.05635037733434,0.273780731358214,7.89863415963089e-15,4.87391837947201e-14,"ENSMUSG00000067578"
699.990998688891,-1.43548374976648,0.18945009400083,7.92094392130735e-15,4.8858327075044e-14,"ENSMUSG00000048482"
146.808243613283,1.76893468220675,0.235085777799508,7.97855288238879e-15,4.919503174982e-14,"ENSMUSG00000079110"
4717.53816896333,0.484167527936408,0.0625447019721879,7.98555923822002e-15,4.92195885194038e-14,"ENSMUSG00000029016"
45.8142620344808,2.66170527749251,0.354834729719036,8.01814143040343e-15,4.94017056033713e-14,"ENSMUSG00000097638"
468.465202396865,-1.10679110597143,0.145087395202859,8.16782178585769e-15,5.03048819637501e-14,"ENSMUSG00000050732"
2739.89171512831,1.04921140565471,0.137271844267521,8.2382513099608e-15,5.07194609771339e-14,"ENSMUSG00000054263"
863.437248030473,-1.58822969206476,0.210433062644927,8.45560878076115e-15,5.20274442160116e-14,"ENSMUSG00000019929"
7411.0553199892,0.837181128128619,0.108846955485957,8.4602239394384e-15,5.20274442160116e-14,"ENSMUSG00000025132"
147.872714724531,1.54761069073314,0.204609221377767,8.46029271653659e-15,5.20274442160116e-14,"ENSMUSG00000046410"
522.535463854785,-0.803783068446905,0.104653739790474,8.49480763532642e-15,5.22199692929922e-14,"ENSMUSG00000061079"
50.6772998067926,-2.63719065547814,0.353741308373108,8.60438456272079e-15,5.28736020807735e-14,"ENSMUSG00000031849"
1447.46842763224,-1.8116262554246,0.24095830388658,8.66707559016365e-15,5.32387382855411e-14,"ENSMUSG00000024190"
32646.640486503,-0.562473967408847,0.0728859319276539,8.68626847363052e-15,5.33365063046992e-14,"ENSMUSG00000031996"
4768.77094163566,-0.69140516303523,0.0899258429663063,8.89293095851238e-15,5.45848907023622e-14,"ENSMUSG00000037894"
39.9598598597665,2.56830932891011,0.343113864360066,8.95312318908346e-15,5.49336371171883e-14,"ENSMUSG00000074939"
9974.11597596376,0.803111318803887,0.104549572652819,9.0348212343226e-15,5.53931525620728e-14,"ENSMUSG00000020917"
854.007955889362,1.4384334471577,0.190051024403653,9.03477141377879e-15,5.53931525620728e-14,"ENSMUSG00000039313"
1314.5387411006,0.68293530088797,0.0887312120439952,9.08173257840098e-15,5.5659805312956e-14,"ENSMUSG00000027952"
537.760299976102,5.91697618823261,0.802807714591655,9.10906725444855e-15,5.58063217041451e-14,"ENSMUSG00000048763"
4962.58641025861,0.991191691776787,0.129644791079609,9.27390792732181e-15,5.67948356813184e-14,"ENSMUSG00000045573"
101.26266453522,2.10275158782165,0.28051762293781,9.31475545448954e-15,5.70235386567058e-14,"ENSMUSG00000034758"
423.5318845139,1.23795760094329,0.16309182255321,9.38146434209128e-15,5.74103295340458e-14,"ENSMUSG00000072676"
177.72670088879,-1.61051520790363,0.213682546121657,9.5159891186774e-15,5.82116763900153e-14,"ENSMUSG00000067203"
946.486558911783,0.632750975401966,0.0822334700305606,9.78534590831127e-15,5.98369123574346e-14,"ENSMUSG00000069255"
437.52805559837,1.58902991635885,0.210937917044443,1.00113703016498e-14,6.11960517349816e-14,"ENSMUSG00000039257"
290.576380769277,-1.85139089413121,0.247378949955438,1.0223856256074e-14,6.24714459971366e-14,"ENSMUSG00000056174"
1622.79971965387,0.634095990174359,0.0824815434541551,1.02743611193007e-14,6.27564916697852e-14,"ENSMUSG00000036916"
55.5489852292193,2.2477594742566,0.30156062379621,1.04121858030481e-14,6.35744788079585e-14,"ENSMUSG00000074217"
110.830351922065,-1.4640362694092,0.194380851138396,1.05627370502177e-14,6.44695289476727e-14,"ENSMUSG00000054763"
10213.4577454192,-0.927578514977444,0.121614956582601,1.06998693554683e-14,6.52820364948699e-14,"ENSMUSG00000021775"
8046.76316887549,0.813311745450464,0.10627735244815,1.0727884944694e-14,6.54284417870847e-14,"ENSMUSG00000022995"
4523.99910947741,-0.554446511683447,0.0721027446859659,1.09058717795239e-14,6.6489056489547e-14,"ENSMUSG00000029705"
118.320007955345,-1.98180660536503,0.265679056806144,1.09278796466582e-14,6.65982871165491e-14,"ENSMUSG00000103081"
1372.85113880704,-0.771339467095301,0.100751660813754,1.12194800394934e-14,6.83498114082608e-14,"ENSMUSG00000022142"
610.713403134118,4.15930592709469,0.564925148834524,1.12960290732018e-14,6.87904082504969e-14,"ENSMUSG00000023484"
16719.8676174758,1.00896257593673,0.132465426276521,1.13169947224415e-14,6.88923111787218e-14,"ENSMUSG00000026442"
136.009562277214,2.31952741180507,0.312205628565097,1.15828165799427e-14,7.04841451545073e-14,"ENSMUSG00000058498"
3314.86157999238,0.65462738851689,0.0853525260589784,1.16963897729641e-14,7.11486669373353e-14,"ENSMUSG00000030282"
897.166822021559,0.680605845838469,0.0887992247151058,1.17405953577797e-14,7.13908895158527e-14,"ENSMUSG00000061758"
32.2777749243534,3.51384398787705,0.471022792170065,1.1784310937003e-14,7.16299527380637e-14,"ENSMUSG00000113356"
2653.76023830517,-1.04215757009043,0.137271046938014,1.20381506973316e-14,7.31455830724763e-14,"ENSMUSG00000043252"
887.030125245836,0.864607154152048,0.113384274646565,1.22499036223639e-14,7.44044519271787e-14,"ENSMUSG00000073155"
812.74424777597,-0.97821309126423,0.128743332645799,1.2453692923653e-14,7.56140296200014e-14,"ENSMUSG00000102748"
833.094079522457,1.07196783111828,0.141377903261861,1.29356421903675e-14,7.85109558444452e-14,"ENSMUSG00000089809"
8120.63466145856,0.940573008467154,0.123754969476631,1.30705002125249e-14,7.9299889101558e-14,"ENSMUSG00000117310"
931.625582080414,1.26059402205663,0.167033403191855,1.31438055705751e-14,7.97149281213939e-14,"ENSMUSG00000035637"
2018.90217259581,-0.697789673182309,0.0913774283456958,1.35436386828525e-14,8.21092552996174e-14,"ENSMUSG00000036052"
295.43861454685,-1.00104106359451,0.132025799467323,1.37149983962198e-14,8.31171794094065e-14,"ENSMUSG00000051341"
7160.17166445999,0.74667571885195,0.0978540723232775,1.38667994619035e-14,8.40058658879288e-14,"ENSMUSG00000054162"
623.81029625293,0.930338831011453,0.122569476274133,1.40780697615929e-14,8.5254025141075e-14,"ENSMUSG00000062110"
8167.35727842869,0.915574768081289,0.120496983836493,1.42388916727833e-14,8.61958641314861e-14,"ENSMUSG00000026249"
567.220881207575,1.16507732663237,0.154257541577482,1.42970148652259e-14,8.6515541998568e-14,"ENSMUSG00000039713"
943.897066848692,-1.33513148676724,0.177622026823805,1.44434123288167e-14,8.73689579667328e-14,"ENSMUSG00000041617"
153.921290520453,12.0819714596458,3.21672067516975,1.52522001525967e-14,9.22270854695279e-14,"ENSMUSG00000050368"
134.381957161,1.99464700116979,0.269418914927046,1.53020521489429e-14,9.24941718828417e-14,"ENSMUSG00000024013"
484.331548565575,-0.907716855323145,0.1196447481458,1.53668821362948e-14,9.28515617723114e-14,"ENSMUSG00000054115"
5908.31876898534,-1.11933336609307,0.148377090376236,1.55661726980649e-14,9.40208382853803e-14,"ENSMUSG00000002274"
2272.37936459754,-0.600109442941864,0.0785647300195004,1.56174977626205e-14,9.42958562981959e-14,"ENSMUSG00000040123"
4636.53637766821,-0.588365735432904,0.0770591867335372,1.60560241201641e-14,9.69076605962296e-14,"ENSMUSG00000029422"
296.439789769374,1.38578603481394,0.184769378554644,1.60994500065516e-14,9.71337461848208e-14,"ENSMUSG00000023992"
283.619223227566,1.00714723404341,0.133135879238743,1.64935077309835e-14,9.94743678565948e-14,"ENSMUSG00000053552"
530.062246748754,1.04160216179658,0.13786616739979,1.66246150086776e-14,1.00227956707872e-13,"ENSMUSG00000034813"
112.330878079054,1.71780248675391,0.230527096910745,1.68679074567001e-14,1.01657089070775e-13,"ENSMUSG00000057967"
4306.15455302705,-0.900042501955934,0.118857543745614,1.69750936107748e-14,1.02265201256918e-13,"ENSMUSG00000027777"
155.391645328867,1.59768155565186,0.214097678114153,1.69894076117215e-14,1.02313569035739e-13,"ENSMUSG00000035431"
1874.77855330242,-0.701348078224393,0.0921901451946832,1.72199149732916e-14,1.03663378674275e-13,"ENSMUSG00000054648"
2164.35528751243,-0.829463795559754,0.109387823443984,1.76126691412557e-14,1.05988550196437e-13,"ENSMUSG00000059810"
4788.85019629664,-0.624316717118561,0.0820281956132001,1.79868400843047e-14,1.08200215407358e-13,"ENSMUSG00000042406"
1333.71817464343,0.852683016174973,0.112543063140326,1.82412154015715e-14,1.0968987968481e-13,"ENSMUSG00000022419"
1971.70043567586,1.40102562539928,0.187353664721061,1.84743317970616e-14,1.11050654723991e-13,"ENSMUSG00000038530"
6567.63970853315,1.44783755372119,0.194262533631798,1.92382753927758e-14,1.15600091119824e-13,"ENSMUSG00000040811"
865.077450999202,-0.73969662888081,0.0975132599950414,1.94499654505881e-14,1.16828980665931e-13,"ENSMUSG00000067430"
435.211133846109,-0.967144429849533,0.128193703970019,1.97891238272376e-14,1.18822337757202e-13,"ENSMUSG00000033805"
1269.05623232804,0.644470229385902,0.0848086382103625,2.01523321167442e-14,1.20958577506033e-13,"ENSMUSG00000026192"
201.067648094328,2.24223649489473,0.304030052566208,2.04080616077127e-14,1.22448369646276e-13,"ENSMUSG00000075316"
9469.41722703658,-0.465351775280183,0.0611023224937256,2.08550570446252e-14,1.25084236762126e-13,"ENSMUSG00000032594"
848.53845360563,-0.719013937142036,0.0948851381916231,2.09209251785914e-14,1.25433082893963e-13,"ENSMUSG00000029111"
659.81268408743,0.835266677505897,0.110432820964556,2.10508281683181e-14,1.26165456893918e-13,"ENSMUSG00000057594"
327.655645462713,1.13805954566753,0.151769287707585,2.11876063603474e-14,1.26938482272262e-13,"ENSMUSG00000040219"
723.324888610957,-1.01144784999892,0.134459877332983,2.12131829312799e-14,1.27044956495723e-13,"ENSMUSG00000032501"
1891.33878383682,-0.513054555330478,0.0674812595173602,2.22656297241068e-14,1.33298977803976e-13,"ENSMUSG00000020454"
28.5646971915915,3.10071023558705,0.419897472917141,2.32792217259014e-14,1.39315871784641e-13,"ENSMUSG00000074164"
865.973591937983,-0.649841283808392,0.085765224514016,2.33076604155013e-14,1.39434802000563e-13,"ENSMUSG00000005949"
139.79922588664,1.43763800411154,0.193145973574644,2.33180924064656e-14,1.394459618635e-13,"ENSMUSG00000022831"
1293.15469004524,-3.07823309709768,0.422222908252289,2.34370657906701e-14,1.40105970231556e-13,"ENSMUSG00000010825"
435.786666354172,0.779263496889131,0.103147263309613,2.38822032586388e-14,1.42662203539127e-13,"ENSMUSG00000034487"
1157.29300636697,3.02233141873772,0.41390338595299,2.3880075571713e-14,1.42662203539127e-13,"ENSMUSG00000055078"
10413.7937929989,0.823427171437545,0.109171090557852,2.4606868699884e-14,1.46937127181479e-13,"ENSMUSG00000018474"
1139.42252540083,-0.717169943731092,0.094869224336593,2.4785965352727e-14,1.4795230803509e-13,"ENSMUSG00000015363"
237.317121846018,1.84846725818102,0.250661665413119,2.48837130684985e-14,1.48481334798027e-13,"ENSMUSG00000024064"
144.339225328319,-1.93048802624421,0.262997721765724,2.50221807869036e-14,1.49252861432472e-13,"ENSMUSG00000014791"
18109.0693072134,-0.982119857172342,0.130755537286858,2.50937355978909e-14,1.49624845444128e-13,"ENSMUSG00000033981"
1134.67488340504,0.85425528011594,0.113399583185108,2.53935422348499e-14,1.51357041559461e-13,"ENSMUSG00000057329"
6541.11959153383,1.07310042994241,0.142778060110215,2.5510587052954e-14,1.51999024907754e-13,"ENSMUSG00000057716"
1173.67653236137,-0.936676717549324,0.124710594036277,2.5782921840128e-14,1.53565459829347e-13,"ENSMUSG00000015474"
2023.46486686219,-0.598250011101393,0.0790191045707168,2.58015930888942e-14,1.53620458047191e-13,"ENSMUSG00000020747"
400.72555059552,0.97183103321494,0.129501838882455,2.62973754978021e-14,1.56515056070648e-13,"ENSMUSG00000034957"
1197.83143822183,1.0586186086516,0.141401246737543,2.66884970995518e-14,1.58784852261149e-13,"ENSMUSG00000044576"
1180.26439254285,-0.735214337909303,0.0974241611632553,2.69910081358404e-14,1.60525988467377e-13,"ENSMUSG00000009647"
803.450774190787,-0.772111908237487,0.102451705921187,2.71723799098138e-14,1.61545653824671e-13,"ENSMUSG00000059897"
194.390837557207,-2.50838376945941,0.344213955296586,2.75629091300047e-14,1.63807606724431e-13,"ENSMUSG00000028125"
1126.06689036449,1.2577547161859,0.168803199378819,2.76704980836585e-14,1.64386995549559e-13,"ENSMUSG00000037492"
6601.36426952105,-0.621245296359216,0.0822013969665942,2.78984957536917e-14,1.65679972630667e-13,"ENSMUSG00000017421"
784.186785002508,-1.82192408800398,0.247820431429581,2.7908495205387e-14,1.65679972630667e-13,"ENSMUSG00000030123"
1586.3498548398,1.14772688096232,0.1537378436005,2.83110054542058e-14,1.68008219753395e-13,"ENSMUSG00000039911"
2851.76299237401,-0.5680725620886,0.0751189154168347,2.87557985428088e-14,1.70585600830846e-13,"ENSMUSG00000023572"
1120.12999662729,-0.746523263067794,0.0990985446292265,2.87882347666699e-14,1.70715805293935e-13,"ENSMUSG00000047045"
2936.31798348291,-0.524287035059989,0.0693648399964714,3.08993889363618e-14,1.83168336892242e-13,"ENSMUSG00000026080"
273.239152401451,2.0090699668997,0.273915592691746,3.10684897412425e-14,1.84103704407698e-13,"ENSMUSG00000029334"
3329.05253794559,1.29774359434939,0.17479353973536,3.13203438206917e-14,1.85528586867984e-13,"ENSMUSG00000031284"
3778.88343926854,0.801512170005696,0.106639839895751,3.15563246882646e-14,1.86858440624071e-13,"ENSMUSG00000031066"
2168.66102591617,0.684332340486895,0.0908305146165845,3.18613869180509e-14,1.88596238637103e-13,"ENSMUSG00000017715"
1525.37587672535,0.696907075216283,0.0925472152789783,3.22771448026722e-14,1.90987772845473e-13,"ENSMUSG00000031563"
2233.26414339965,0.618250965724406,0.0819958215679097,3.24551647653099e-14,1.91971356122716e-13,"ENSMUSG00000027739"
1676.25882690331,-0.827941179901702,0.110344221195324,3.25147841746634e-14,1.92254143405438e-13,"ENSMUSG00000055435"
998.921320778888,1.24552061541764,0.167698616955368,3.32319580124743e-14,1.96423316095518e-13,"ENSMUSG00000024511"
494.917539999417,-0.688480536907285,0.0915406775706412,3.42091433499891e-14,2.02125747895144e-13,"ENSMUSG00000075327"
1086.00439899227,1.42387793695857,0.192633287970066,3.43186246293958e-14,2.02699046341548e-13,"ENSMUSG00000047996"
133.363428578303,1.6969149448759,0.230762633695593,3.45962881976317e-14,2.04264918128781e-13,"ENSMUSG00000027995"
860.993440533731,0.637309034664761,0.084639761646087,3.47361922935399e-14,2.05016583812271e-13,"ENSMUSG00000046449"
75.793244928727,-2.51290149952496,0.344326957267201,3.56996635401655e-14,2.10626720952089e-13,"ENSMUSG00000024659"
2162.06610548284,-0.551035586752659,0.0731145301895471,3.59183744482263e-14,2.11840325821822e-13,"ENSMUSG00000025158"
5515.22044779775,-0.683432746387857,0.0909287683959413,3.67185271075299e-14,2.16481051885683e-13,"ENSMUSG00000022124"
47046.9172444821,-0.653165648921078,0.0869442427656841,3.80927459082546e-14,2.24501708144304e-13,"ENSMUSG00000022108"
2277.82292915553,1.51238414604391,0.205593466029368,3.81440138200092e-14,2.2464119282276e-13,"ENSMUSG00000020473"
711.899951430266,-0.76937698393742,0.102703882068796,3.81427572939963e-14,2.2464119282276e-13,"ENSMUSG00000050567"
349.709319606061,1.09324018484318,0.147120441724688,3.82522378439503e-14,2.25197080514945e-13,"ENSMUSG00000069755"
1015.7381204174,-0.748966418517742,0.0999305562404355,3.84071737135229e-14,2.26027466995201e-13,"ENSMUSG00000015748"
311.081281062551,-1.10567627176318,0.148840449365813,3.8691596452977e-14,2.27619012309924e-13,"ENSMUSG00000019737"
981.159681065928,0.848846978103117,0.113470609494012,3.88608542522506e-14,2.28532147947303e-13,"ENSMUSG00000001773"
2834.21113001019,-0.459789265968357,0.0609966464066716,3.90246068760396e-14,2.2938886427503e-13,"ENSMUSG00000025373"
272.610210673201,1.69710881699946,0.231258651318794,3.90347188869537e-14,2.2938886427503e-13,"ENSMUSG00000059187"
610.639711484733,0.764605725273881,0.102058927129563,3.90960156970676e-14,2.29666165108938e-13,"ENSMUSG00000002279"
197.578680200563,1.13625962290097,0.153176847900602,4.13351521416472e-14,2.42732181299327e-13,"ENSMUSG00000018774"
282.234545420889,1.17486194053523,0.158515909530459,4.20237144042673e-14,2.46686629308569e-13,"ENSMUSG00000027947"
4891.67893317572,0.644984574836025,0.0859941611802048,4.28871164357111e-14,2.51664196589944e-13,"ENSMUSG00000028917"
3160.94614481557,-0.743196418760826,0.0993383259694743,4.29971285388287e-14,2.52218831839659e-13,"ENSMUSG00000036097"
3148.73033393068,-0.523877426076344,0.0696966840657302,4.36194199459582e-14,2.55776987709044e-13,"ENSMUSG00000026516"
5926.38559154803,-0.904260517736191,0.121434222436894,4.43340321974833e-14,2.59873740047041e-13,"ENSMUSG00000020866"
257.110443598872,1.11117502201584,0.149865630785432,4.49747941873541e-14,2.63534809136699e-13,"ENSMUSG00000117819"
4556.92674168839,-0.785635210241439,0.105261371900704,4.63740386673038e-14,2.71636056648568e-13,"ENSMUSG00000003575"
607.034941939119,-1.17043904067905,0.15844310711097,4.73532848786551e-14,2.77272219875809e-13,"ENSMUSG00000039934"
113.546031605548,2.44862105471363,0.338103990333596,4.79346844806326e-14,2.80575618114253e-13,"ENSMUSG00000021680"
1630.64215769035,1.06067704230667,0.14319584501382,4.939199098743e-14,2.8900173590704e-13,"ENSMUSG00000048240"
863.086440857258,0.961947473413764,0.129545163542984,4.98292121937239e-14,2.91455233952367e-13,"ENSMUSG00000054720"
4201.11392248074,-1.04503926762132,0.141176654643211,5.10885505364392e-14,2.98713874149482e-13,"ENSMUSG00000021730"
893.243859390803,1.2930421646472,0.175635241078265,5.11804427620673e-14,2.99143715361196e-13,"ENSMUSG00000034227"
4887.69183948251,-0.852871972521391,0.114685232480322,5.18432414598087e-14,3.02908931975149e-13,"ENSMUSG00000034297"
3861.26259259862,-0.539814533324243,0.0715118646395687,5.43172721581839e-14,3.1725028926836e-13,"ENSMUSG00000066900"
925.589008293141,-4.12944941251098,0.578615898994263,5.44948207606842e-14,3.1817313211708e-13,"ENSMUSG00000026826"
3905.9281220604,-0.840403774921721,0.113137373503446,5.5205806788217e-14,3.22208721010612e-13,"ENSMUSG00000019951"
557.446638626601,1.08132956337311,0.146304170329453,5.57149152972707e-14,3.25063581078485e-13,"ENSMUSG00000002266"
2057.06866271793,0.93045355992545,0.125467340605312,5.57668637421115e-14,3.25250092437868e-13,"ENSMUSG00000041642"
1504.61771487404,-0.603677936681952,0.0808321010229512,5.68677483657528e-14,3.31552008559357e-13,"ENSMUSG00000014767"
3245.47711860396,0.613332333688731,0.0821328323350493,5.86095557668115e-14,3.41584800849323e-13,"ENSMUSG00000024759"
19624.5561498741,0.799261825362161,0.107867647474833,6.0118807915995e-14,3.50255531587891e-13,"ENSMUSG00000030683"
391.908728605251,1.56228722635407,0.21415394951677,6.05486073648329e-14,3.52633356237835e-13,"ENSMUSG00000047021"
594.833326408521,-1.25443483557921,0.170899811287454,6.07316837754451e-14,3.53573086014555e-13,"ENSMUSG00000094622"
69.3243153746663,2.66854206991968,0.370146575491498,6.08205499232814e-14,3.53963858295022e-13,"ENSMUSG00000110086"
231.306328947356,1.62248855976728,0.222843887746345,6.24955967551406e-14,3.63582317362466e-13,"ENSMUSG00000027015"
4110.24380815969,0.585992277909363,0.0785092768194998,6.25701248958689e-14,3.63885849608772e-13,"ENSMUSG00000058441"
640.370993024232,-0.97775737156372,0.132384893937768,6.3071539044128e-14,3.66539990203612e-13,"ENSMUSG00000029822"
6328.13407938007,0.41631442453906,0.0556409045957541,6.30643971337157e-14,3.66539990203612e-13,"ENSMUSG00000031924"
693.516561672201,0.74492040462029,0.100252421051246,6.32791264892803e-14,3.67615139540509e-13,"ENSMUSG00000042312"
1093.07791462801,-0.847052022254168,0.114335347136777,6.43036870799117e-14,3.73433970134428e-13,"ENSMUSG00000032425"
4183.91992191899,0.749781591305839,0.100910212901438,6.45174678127859e-14,3.74541847737706e-13,"ENSMUSG00000058070"
374.935715970042,-0.834613641807824,0.112538314375563,6.45750954053894e-14,3.74742746170741e-13,"ENSMUSG00000091931"
140.915487026281,1.38833871777501,0.19017196378541,6.85223620123801e-14,3.97507843491633e-13,"ENSMUSG00000050382"
415.74841772344,-1.15506949002094,0.157369055050543,7.0096388870819e-14,4.06494128264764e-13,"ENSMUSG00000047910"
487.453531687787,-1.18972225237176,0.162279650242056,7.077070050095e-14,4.10258355681789e-13,"ENSMUSG00000025202"
1453.80471969117,-0.706486152212097,0.0951874914135551,7.11219751582573e-14,4.1214792154721e-13,"ENSMUSG00000045624"
1736.01303509032,-1.08222754089527,0.147231251644089,7.20612532004462e-14,4.17442377080734e-13,"ENSMUSG00000017344"
14742.16467606,-0.784401196683097,0.105645571945354,7.33771020556272e-14,4.24913720121487e-13,"ENSMUSG00000007850"
1455.68478547393,-0.591883950073045,0.0796147686321452,7.53803473104097e-14,4.36358923726475e-13,"ENSMUSG00000066150"
4226.01807641429,0.801958492162153,0.10840260759789,7.62539702133878e-14,4.41259199123187e-13,"ENSMUSG00000045095"
357.038960387268,1.36168954280094,0.186710933800833,7.66059613774514e-14,4.43138535643978e-13,"ENSMUSG00000090053"
5235.21092869474,-1.01292663354739,0.137841755074642,7.87414433919424e-14,4.55329739088468e-13,"ENSMUSG00000072501"
3092.2453036445,0.861812669653874,0.116729538679228,7.93944435890826e-14,4.58942738900244e-13,"ENSMUSG00000029598"
1120.23588387861,0.787651292889412,0.106529053658816,8.04432733942149e-14,4.64840470113961e-13,"ENSMUSG00000021684"
8362.69750062736,-0.704033123294422,0.0951185269276144,8.07389714918722e-14,4.66383597567316e-13,"ENSMUSG00000015002"
388.243595115855,-1.04551600621344,0.142367920455054,8.13087280393963e-14,4.69508150062183e-13,"ENSMUSG00000024168"
6743.13519897772,-0.630636582555357,0.0850523203808979,8.20337779412731e-14,4.73526892669519e-13,"ENSMUSG00000069806"
1595.95386197041,2.92985987441689,0.41103987277981,8.33394481871413e-14,4.8089313633119e-13,"ENSMUSG00000026676"
834.851869139488,0.697934895281101,0.0942745063872217,8.35233669120771e-14,4.81783616794752e-13,"ENSMUSG00000032507"
3869.39436174457,0.550611633400291,0.0740931593416153,8.46556821877232e-14,4.88142116419327e-13,"ENSMUSG00000000594"
10252.4962689249,-1.03442222213105,0.14048077547392,8.48211366930268e-14,4.88922968515967e-13,"ENSMUSG00000052387"
1029.11907836507,1.48965656215282,0.205182551488627,8.60539101541182e-14,4.9585329185442e-13,"ENSMUSG00000027849"
738.508996412213,-0.639549891300342,0.0863600107681055,8.66786858409955e-14,4.99276591691339e-13,"ENSMUSG00000101892"
3134.68409921683,-0.650362966507401,0.0878950213768177,8.841125503721e-14,5.09076197203999e-13,"ENSMUSG00000020929"
1049.45044536103,0.713648522120613,0.0965468631582256,8.88223825131162e-14,5.11262638807817e-13,"ENSMUSG00000036006"
769.656085412009,1.25722759382871,0.172579350357291,8.89691572727905e-14,5.11926455315123e-13,"ENSMUSG00000008090"
407.332240745141,1.15723932557815,0.158451267191125,9.15258529581934e-14,5.26451531609001e-13,"ENSMUSG00000029122"
422.769398009817,1.13331898315962,0.155117165104944,9.15898647042721e-14,5.2663363393011e-13,"ENSMUSG00000089832"
153.324523609349,1.94779492556982,0.270922292368942,9.17257339212009e-14,5.27228635864869e-13,"ENSMUSG00000039891"
2109.879453865,1.07116001391288,0.146330487785093,9.28603354877496e-14,5.33482208765031e-13,"ENSMUSG00000028974"
14801.3033465486,-0.536259333050787,0.0723471070691734,9.28792591006326e-14,5.33482208765031e-13,"ENSMUSG00000032181"
52.8654605076074,3.2377052021887,0.453045476561209,9.32937079268234e-14,5.35673713450734e-13,"ENSMUSG00000001225"
167.135837029539,1.53406484618604,0.211956531243431,9.34623341291386e-14,5.36452706260267e-13,"ENSMUSG00000058715"
557.536328429118,1.43255924247711,0.197684719977242,9.39767702608574e-14,5.39215321221796e-13,"ENSMUSG00000027883"
4255.31943014454,-0.57577471770435,0.0778027682699836,9.61510600729256e-14,5.51496460841114e-13,"ENSMUSG00000024908"
1323.29309496177,0.522464505083678,0.0704915985395307,9.7362266253981e-14,5.58246907390737e-13,"ENSMUSG00000038718"
1612.9421363937,0.873474935696348,0.118816960319922,9.8805965787842e-14,5.6632517996285e-13,"ENSMUSG00000052539"
223.3624556919,1.38743606507185,0.191393272305873,1.00687736915304e-13,5.7690777244186e-13,"ENSMUSG00000026395"
1397.37167595996,-0.694482882856527,0.0941626084443417,1.02068949742605e-13,5.84615891593993e-13,"ENSMUSG00000019878"
403.46215121765,-0.895653612792197,0.122016098377033,1.02729431739916e-13,5.8819194156256e-13,"ENSMUSG00000022856"
396.261779321544,-1.01975491553875,0.139474953457177,1.03414481643397e-13,5.9169804294946e-13,"ENSMUSG00000029595"
214.693317147756,1.99335278595388,0.278691344610637,1.0338904452465e-13,5.9169804294946e-13,"ENSMUSG00000068263"
40.4539147913506,-6.55372458613698,0.881355860659606,1.06576910210682e-13,6.09577984683584e-13,"ENSMUSG00000000216"
337.479079285323,-1.00665676857119,0.137639995389322,1.06647603603681e-13,6.09768068654979e-13,"ENSMUSG00000112640"
38.606399133914,3.09195064157439,0.43362705947456,1.07135391324136e-13,6.12341959260636e-13,"ENSMUSG00000001333"
9174.02543476859,-1.34572205224985,0.185718563469078,1.07970833254051e-13,6.16900394422406e-13,"ENSMUSG00000055373"
217.455814708675,-1.12843817443911,0.154899428669987,1.09175115008871e-13,6.23562288461192e-13,"ENSMUSG00000005968"
1694.46974896668,-0.620203527128144,0.0840439158740509,1.10252473710036e-13,6.29494832357759e-13,"ENSMUSG00000058503"
2311.97743421283,-0.598457966072488,0.0811004916448145,1.1033354027454e-13,6.29736805255595e-13,"ENSMUSG00000019715"
579.424328942624,2.02217073385351,0.282633491887888,1.11506181974147e-13,6.36206670233144e-13,"ENSMUSG00000024008"
971.725131012478,4.2504308027258,0.603342329165001,1.12775194087245e-13,6.43221657096065e-13,"ENSMUSG00000000263"
233.010118853773,1.31769122474386,0.181868373771806,1.16771259619434e-13,6.65780232604255e-13,"ENSMUSG00000035357"
115.657805254164,-2.70028525421394,0.380842167318916,1.18578166406669e-13,6.7584572575902e-13,"ENSMUSG00000044177"
4221.90792690299,-0.405001837177623,0.0547497936700674,1.18864013868009e-13,6.77237808100615e-13,"ENSMUSG00000030850"
1673.94441676239,-0.842818511107625,0.115014684012703,1.19496966062619e-13,6.80605882983663e-13,"ENSMUSG00000005682"
759.784891028914,-0.838866240974746,0.114536816188508,1.24267907606307e-13,7.07531654430033e-13,"ENSMUSG00000007589"
207.334312811534,1.50154199317705,0.208376168545501,1.28750624095047e-13,7.32798132524184e-13,"ENSMUSG00000090125"
51.6787688208715,2.42149412086051,0.339158102986922,1.28912302260605e-13,7.33461886123079e-13,"ENSMUSG00000114139"
11632.8802218945,0.54242168574128,0.0735766889591013,1.30482711884827e-13,7.42137520636344e-13,"ENSMUSG00000038615"
728.741551190216,-1.11292641490459,0.153215177271474,1.3056156256099e-13,7.42326620806076e-13,"ENSMUSG00000073684"
1776.10976007331,1.05692905552547,0.145177007452866,1.3112300775586e-13,7.45258491707364e-13,"ENSMUSG00000029311"
1465.12642157503,-0.732650410734635,0.0999646580820335,1.38072966517734e-13,7.84485776256778e-13,"ENSMUSG00000073889"
309.776817691837,-1.13618075364886,0.156822363479826,1.39764315317597e-13,7.93818396629395e-13,"ENSMUSG00000032495"
3759.78858043912,-1.2939262702236,0.179228708430193,1.41417458798779e-13,8.02927587836247e-13,"ENSMUSG00000045246"
1304.28102556466,-0.89743058823796,0.12303849762872,1.42216485819263e-13,8.07182690434435e-13,"ENSMUSG00000026489"
103.137392204056,1.78799403502844,0.250167662677251,1.42294273566736e-13,8.07342692617403e-13,"ENSMUSG00000024397"
68.5565855695091,-2.69674097604173,0.381815242745892,1.45196105655218e-13,8.23519933050747e-13,"ENSMUSG00000028794"
2774.23965792868,0.835850052043495,0.114327073611738,1.4598490063013e-13,8.27705403154739e-13,"ENSMUSG00000028955"
2585.64624704877,0.600524321408776,0.0817676529552486,1.48485627958312e-13,8.41590895510237e-13,"ENSMUSG00000022661"
482.124703717194,1.40282272581473,0.194887802570328,1.48861723321742e-13,8.43428866074247e-13,"ENSMUSG00000049985"
130.030586163763,1.3965397823546,0.193843865047349,1.49035887632207e-13,8.44121843728973e-13,"ENSMUSG00000026321"
31.659694609619,4.92582918233027,0.690099689221239,1.4968659870688e-13,8.47512505652381e-13,"ENSMUSG00000063683"
14765.9993814064,-0.697604385346989,0.0952824469054675,1.51502512700929e-13,8.57495793374731e-13,"ENSMUSG00000023175"
716.954507548507,1.70924648755138,0.239018157932674,1.52654446577395e-13,8.63715356755941e-13,"ENSMUSG00000015981"
105.916429721393,7.34550120472712,1.01879855573964,1.52865770060134e-13,8.64610495149013e-13,"ENSMUSG00000034416"
8043.41161191717,0.921105477705291,0.126499650619152,1.54246509559852e-13,8.72116944291513e-13,"ENSMUSG00000032562"
406.417630382871,1.54357996591185,0.215805162545272,1.66708171043267e-13,9.42248475084135e-13,"ENSMUSG00000045083"
3064.49522254005,-0.587346096740228,0.0801675680620058,1.68164732523086e-13,9.50151168348069e-13,"ENSMUSG00000035168"
135.234291033145,1.40775967135398,0.196060947520237,1.71014460325851e-13,9.65917205129842e-13,"ENSMUSG00000022510"
2883.23953827961,2.73430725759825,0.388776758602506,1.77344351456619e-13,1.00132200936901e-12,"ENSMUSG00000038173"
2952.26913950554,-0.517320419559044,0.0705897559920714,1.78405652997842e-13,1.00668142493817e-12,"ENSMUSG00000041124"
94.0103761077542,1.72562989613853,0.24175077552519,1.78417244805665e-13,1.00668142493817e-12,"ENSMUSG00000085042"
1521.95774601044,0.787625444409381,0.108102801823079,1.80739399736086e-13,1.01943033572557e-12,"ENSMUSG00000024601"
86.2121648700788,1.90374947432859,0.269411865930392,1.81443435768248e-13,1.02304684705076e-12,"ENSMUSG00000018381"
357.605099952981,2.06576823753229,0.292270396830517,1.88742077492465e-13,1.06383086475843e-12,"ENSMUSG00000047361"
1277.45351167427,0.965995082339783,0.133313929313925,1.89732601870715e-13,1.06904371521339e-12,"ENSMUSG00000031938"
202.644511460255,1.23486195938033,0.171767451882104,1.900715210842e-13,1.07058277515869e-12,"ENSMUSG00000038233"
699.561325613932,-0.763671338029509,0.104906868838642,1.9097832522986e-13,1.07531829058861e-12,"ENSMUSG00000030471"
5058.6688749757,0.946346154568184,0.130517100529804,1.92174304524928e-13,1.08167819123678e-12,"ENSMUSG00000030788"
92.7120464656084,1.86613399097201,0.262613482680736,1.93888913682073e-13,1.09095186205212e-12,"ENSMUSG00000046999"
8825.25587693342,-0.826208521030281,0.113220705879824,2.00324943850308e-13,1.12662620858194e-12,"ENSMUSG00000001911"
87.6191779250577,1.57397774188523,0.220632285430988,2.0036754354618e-13,1.12662620858194e-12,"ENSMUSG00000030170"
2616.53517544253,-0.937694091938232,0.12962786310879,2.01546019541653e-13,1.13286122448171e-12,"ENSMUSG00000029638"
500.235509265228,1.25484211406207,0.174735735862869,2.03910357239573e-13,1.14575519335373e-12,"ENSMUSG00000004951"
529.918142791557,1.20440146489547,0.167569867924207,2.05146703703948e-13,1.15230436262694e-12,"ENSMUSG00000022203"
1254.29870390765,0.909962642634785,0.125732626583421,2.1112245614916e-13,1.18546096626286e-12,"ENSMUSG00000030104"
85.5741652118529,2.14035379465083,0.304412538534534,2.11265443962003e-13,1.18585479200465e-12,"ENSMUSG00000001517"
3816.70566088369,-0.477797804911991,0.065350854641108,2.12928475404796e-13,1.19477756726621e-12,"ENSMUSG00000020705"
1327.98415824113,0.641817385048015,0.0880746416914401,2.14108983079631e-13,1.20098760391807e-12,"ENSMUSG00000032434"
133.471946467163,1.69297312734584,0.238286619981154,2.1700426287853e-13,1.21680860872777e-12,"ENSMUSG00000034116"
6870.8903266528,0.853236336537121,0.117735094042271,2.18651840467904e-13,1.22562488262277e-12,"ENSMUSG00000030268"
1987.03922173458,0.672774774424035,0.09241099878378,2.20890434371454e-13,1.23774681263288e-12,"ENSMUSG00000030401"
1628.51666093138,-0.684893314978539,0.0942117608953662,2.27121655410835e-13,1.2722251571843e-12,"ENSMUSG00000024560"
3652.10860202512,0.707870987794462,0.0972546552769134,2.33167595061714e-13,1.30564228153236e-12,"ENSMUSG00000022744"
81.5431477242304,-1.65637520265983,0.233806777924616,2.33771193853482e-13,1.30857204042193e-12,"ENSMUSG00000022026"
26.3367406095601,4.47094497400847,0.626578908777124,2.38288057308656e-13,1.33339738634249e-12,"ENSMUSG00000045591"
888.05813100301,-1.07322670263502,0.149325633240331,2.40319962651764e-13,1.34430527561698e-12,"ENSMUSG00000033088"
1370.43874702582,-0.748761450878817,0.10326769222696,2.43331488241348e-13,1.36068360205863e-12,"ENSMUSG00000037376"
1487.05039543904,-0.816558451816621,0.112863732858652,2.43978976009052e-13,1.36383577317148e-12,"ENSMUSG00000029427"
7105.8423612059,-0.728793837733456,0.100443615416287,2.44203908835458e-13,1.36462452043377e-12,"ENSMUSG00000025860"
350.200593836354,-1.05394230967585,0.146459179958627,2.44729453505703e-13,1.36709198495739e-12,"ENSMUSG00000044933"
68.2689734975517,-1.79070710968307,0.253200791203861,2.45431858916075e-13,1.37054538574129e-12,"ENSMUSG00000026315"
859.016655645935,-0.701538842354324,0.0966582572221277,2.47454699312512e-13,1.38136748813754e-12,"ENSMUSG00000026856"
2326.66682784455,-0.531769755915854,0.0730338232923691,2.511713119423e-13,1.401634081521e-12,"ENSMUSG00000038187"
2738.70072961125,1.09782192183317,0.152954931175169,2.61040672053881e-13,1.45620975315047e-12,"ENSMUSG00000041556"
1395.90057681791,-0.590864113276037,0.0813220459969555,2.61813944377427e-13,1.46002308550043e-12,"ENSMUSG00000034247"
1380.64946120136,-0.668288674609048,0.092145289536552,2.62560234104253e-13,1.46368338724282e-12,"ENSMUSG00000029469"
410.672610309584,0.907651379679653,0.125952173801155,2.69185125213975e-13,1.50010115310958e-12,"ENSMUSG00000036022"
409.769821241546,-1.5666406607864,0.221105970829962,2.71252917146394e-13,1.51110711338432e-12,"ENSMUSG00000033871"
249.24604868913,-1.37948027394047,0.19376474866403,2.73405462195465e-13,1.52257752775155e-12,"ENSMUSG00000008307"
35.1185001675886,2.4222442023,0.34448015341631,2.74642854175254e-13,1.52894541048727e-12,"ENSMUSG00000073530"
10468.7052179757,1.04163491841639,0.145089276954871,2.77612030736325e-13,1.54494654233364e-12,"ENSMUSG00000026701"
2887.06633678378,1.46418879356361,0.206269103482082,2.87256298851975e-13,1.59807178151485e-12,"ENSMUSG00000041380"
1257.71550071691,0.932448844364567,0.129566308791697,2.88838725035409e-13,1.60632619273194e-12,"ENSMUSG00000045658"
709.238292276218,0.896185338566391,0.124483579952695,2.92182519508739e-13,1.62436716276067e-12,"ENSMUSG00000021234"
7387.73931381171,-0.712577919829634,0.0985554500039975,2.92806813911784e-13,1.62728211569e-12,"ENSMUSG00000053819"
159.862980525139,1.47764973938411,0.208367568212582,2.94205135676762e-13,1.63449528960626e-12,"ENSMUSG00000041515"
3557.16793922616,0.730148425678839,0.101093288804636,3.07025195102174e-13,1.70513685631975e-12,"ENSMUSG00000041298"
394.337367934505,-1.90138694127503,0.270841180469912,3.12963570524209e-13,1.73752421589123e-12,"ENSMUSG00000020467"
791.335500164086,-0.770226146140484,0.106791396710367,3.13408996046809e-13,1.73940389964199e-12,"ENSMUSG00000028121"
3112.56935431981,-0.526498653052849,0.0726088637195281,3.13942910821052e-13,1.74177324551639e-12,"ENSMUSG00000020076"
1335.72328480646,-0.70273493368896,0.0973093753019151,3.17614185679904e-13,1.76154129965842e-12,"ENSMUSG00000031939"
1716.00642750715,-0.522389956550946,0.0720441718493479,3.1775193681691e-13,1.76170505024035e-12,"ENSMUSG00000035024"
365.958369138972,1.26059073443812,0.177118104235136,3.209981177784e-13,1.77909682029172e-12,"ENSMUSG00000019853"
13565.2403746314,0.433596495987874,0.0597060258482083,3.21895025136451e-13,1.78346059195751e-12,"ENSMUSG00000005873"
3162.64889022261,0.665858389983147,0.0921539671642494,3.24136391887521e-13,1.79526784183228e-12,"ENSMUSG00000038871"
1408.50889157478,0.817186332488664,0.113503411095052,3.24747347563324e-13,1.79803990599857e-12,"ENSMUSG00000027984"
6368.64394060727,0.735570253353465,0.101930399028021,3.27806123762262e-13,1.81435840958929e-12,"ENSMUSG00000011877"
242.557310046198,1.0380266180633,0.145098388848866,3.35186039781279e-13,1.85457456001348e-12,"ENSMUSG00000028019"
1987.23030503574,-0.830702282849918,0.115538388832945,3.35781755271046e-13,1.8572393517846e-12,"ENSMUSG00000040331"
1033.96986024015,-0.567795072476363,0.0784760246599512,3.41025968178469e-13,1.88560486073679e-12,"ENSMUSG00000054499"
877.099347118923,-0.659679936652797,0.0913880996623003,3.42254079167574e-13,1.89175276763659e-12,"ENSMUSG00000038000"
227.498078142304,1.37570848672733,0.194150528079744,3.45819982904935e-13,1.9108138770287e-12,"ENSMUSG00000034310"
223.615876727427,-1.25515840060114,0.176938445677469,3.47523535752874e-13,1.9195752001986e-12,"ENSMUSG00000020941"
11784.5601591054,0.834352839182812,0.116080290771441,3.47873563458427e-13,1.92085680664053e-12,"ENSMUSG00000037259"
48.6880195117166,2.24916883648819,0.321549430499919,3.54360690904031e-13,1.95601333554961e-12,"ENSMUSG00000037613"
321.546891109105,-0.979155039161527,0.136891730953567,3.55625775255007e-13,1.96233097274611e-12,"ENSMUSG00000068959"
6102.32556789293,-0.492899518252159,0.068106448123536,3.56596073335478e-13,1.96701825881224e-12,"ENSMUSG00000030016"
1062.93310467097,1.12493076321327,0.157803452324558,3.58100002009615e-13,1.97464492978066e-12,"ENSMUSG00000026430"
771.517276689888,1.05327340658301,0.147471554747657,3.60290912717008e-13,1.98605332787249e-12,"ENSMUSG00000029449"
1685.22896008775,-0.659953997951647,0.0915694611097969,3.68161079802485e-13,2.02874951151823e-12,"ENSMUSG00000024515"
5050.20440583313,0.828038516289597,0.115306970895772,3.68444836118512e-13,2.0296260718569e-12,"ENSMUSG00000053646"
308.076332175234,5.72056663883633,0.835129752844386,3.6888635743643e-13,2.03137081405623e-12,"ENSMUSG00000075394"
904.505955475641,-1.01241373208239,0.141862590916863,3.77243494372038e-13,2.0766890772364e-12,"ENSMUSG00000035840"
1192.29476509787,-0.943025162364537,0.131911535045902,3.82616852628497e-13,2.10555683809556e-12,"ENSMUSG00000028483"
2463.00912429432,0.567174831401692,0.078552527823905,3.83151984880652e-13,2.10778912128667e-12,"ENSMUSG00000039682"
1750.31596451577,-1.08579784315807,0.152472946330051,3.84669260628301e-13,2.11531823647765e-12,"ENSMUSG00000021209"
754.660558154406,-1.19899092364744,0.168974354195418,3.84780519609923e-13,2.11531823647765e-12,"ENSMUSG00000024018"
1304.52029337488,0.695437874415348,0.0966195572849164,3.85176644209347e-13,2.11678103120856e-12,"ENSMUSG00000031885"
310.069793380053,-0.925728495381999,0.129351230790697,3.85590229358937e-13,2.11833876257333e-12,"ENSMUSG00000019564"
7421.50306700007,-0.524487512658095,0.0726121555099815,3.87155854084519e-13,2.1262223322496e-12,"ENSMUSG00000024347"
1463.64118238333,-0.776063318725876,0.108093482322308,3.87508766122978e-13,2.12744273016858e-12,"ENSMUSG00000020246"
30.0263954230975,-5.74700758492952,0.795525599974641,3.92325424707061e-13,2.15316023714819e-12,"ENSMUSG00000034435"
716.961949085668,-0.75161622879761,0.104640910488837,3.98675011910857e-13,2.18727059113075e-12,"ENSMUSG00000058558"
1492.18655503582,-0.600780735900179,0.0833745619148806,4.03409603910993e-13,2.21175531575047e-12,"ENSMUSG00000038910"
6838.22269145068,0.529547953680544,0.0735218000491021,4.03305156971655e-13,2.21175531575047e-12,"ENSMUSG00000054455"
1692.40628515906,0.725961685979118,0.101180543308699,4.09179783784831e-13,2.2426358654712e-12,"ENSMUSG00000040848"
1417.2979820182,1.5153149053755,0.215261431779567,4.12439345242961e-13,2.25974004101815e-12,"ENSMUSG00000027210"
172.585664375255,-1.8964013174838,0.271179747743847,4.14847832510896e-13,2.27217127106742e-12,"ENSMUSG00000027875"
507.258755855178,0.744330727067507,0.103710179748428,4.24356139747988e-13,2.32346762287849e-12,"ENSMUSG00000034744"
470.715334545552,-0.772486295861506,0.10781370178962,4.32354852126073e-13,2.36646680662684e-12,"ENSMUSG00000034601"
44.4876088075628,2.00775285758522,0.287511102189196,4.34004032509802e-13,2.37469500544355e-12,"ENSMUSG00000030745"
199.152498985035,-1.17997066383522,0.166441434057229,4.34613527275783e-13,2.37723084576451e-12,"ENSMUSG00000044641"
174.562525067534,1.68017147728938,0.239731170475076,4.41701280113539e-13,2.41518758404037e-12,"ENSMUSG00000068122"
4051.6041454959,0.773123457843752,0.107891296813187,4.43080101298264e-13,2.42191332737849e-12,"ENSMUSG00000032382"
5851.9572214368,-0.416595304870133,0.0577354345272995,4.53055304495165e-13,2.47560733352544e-12,"ENSMUSG00000029836"
92.4450036938786,1.61529623715347,0.230197700750319,4.57740521523938e-13,2.50036919777405e-12,"ENSMUSG00000027996"
526.76079418469,-0.888923047799363,0.124600865277046,4.59328616826347e-13,2.50820235649087e-12,"ENSMUSG00000039168"
2866.39818191917,-0.866134312033161,0.121306250145624,4.60796137842952e-13,2.51537207639422e-12,"ENSMUSG00000053199"
4180.59523009791,-0.516164904178106,0.0717002181514185,4.60958545957403e-13,2.51541508920369e-12,"ENSMUSG00000034681"
46.5392500369878,2.40205354650408,0.345995375807155,4.61182651877576e-13,2.51579464050375e-12,"ENSMUSG00000113506"
509.257113374822,2.86069058351561,0.414777715550455,4.64835935258883e-13,2.53487415549216e-12,"ENSMUSG00000062393"
1493.76947089623,0.772022972513666,0.107875423120398,4.76124833808593e-13,2.5955659895299e-12,"ENSMUSG00000038990"
913.274652734061,-1.32810288790738,0.18846975656584,4.78414917883722e-13,2.60717711192207e-12,"ENSMUSG00000030055"
21211.4274615145,0.474005062216056,0.0657972468090356,4.87912221448153e-13,2.65804388913421e-12,"ENSMUSG00000057880"
5587.53144108354,-0.537010703438289,0.0747383633710812,4.99006478494632e-13,2.71757358880415e-12,"ENSMUSG00000030678"
1445.86241234776,-0.887429045871869,0.12456187932762,5.0322519300938e-13,2.73963200394872e-12,"ENSMUSG00000023991"
70.4685084793874,2.45811923356195,0.354212375582297,5.17273138418928e-13,2.81516955773430e-12,"ENSMUSG00000026414"
255.471804980783,1.67572738756145,0.239888259891854,5.1906238129906e-13,2.82396304905952e-12,"ENSMUSG00000021852"
150.069882816625,2.18532428228861,0.315275754750136,5.27499337863184e-13,2.86890552012593e-12,"ENSMUSG00000031374"
754.428780268281,0.906216265842317,0.127388269052407,5.37122614307543e-13,2.92026784091456e-12,"ENSMUSG00000031661"
1162.7826358318,-0.652642551180891,0.0912118874741757,5.45258631206828e-13,2.96351252046235e-12,"ENSMUSG00000029145"
3186.58559927509,0.785206951762741,0.110083702877282,5.51831583671486e-13,2.9982358207625e-12,"ENSMUSG00000021112"
1272.63565878845,-0.620098305217293,0.0866232284618458,5.58629248065376e-13,3.03415645645919e-12,"ENSMUSG00000021481"
2914.77539705511,0.635000325204432,0.0887939566286634,5.71326285582448e-13,3.10208448189163e-12,"ENSMUSG00000021236"
258.384581734925,1.52835576514038,0.219089093160125,6.10288389232822e-13,3.31252897630273e-12,"ENSMUSG00000059323"
141.998168603966,-1.25912349279417,0.179264822332679,6.12267159401087e-13,3.3221616069103e-12,"ENSMUSG00000027230"
1011.17018512314,-1.1296462700783,0.160321037009689,6.13216163313835e-13,3.32620216808484e-12,"ENSMUSG00000059839"
1229.32640427262,-0.616463698002081,0.0862926985459221,6.22755929332448e-13,3.37682245758614e-12,"ENSMUSG00000064181"
23.9414226858438,-3.34913919824442,0.483173564725091,6.31305964117305e-13,3.42204411718331e-12,"ENSMUSG00000074628"
3049.83240102896,-0.537864443783804,0.0751897962014709,6.3261143128672e-13,3.42797898751172e-12,"ENSMUSG00000061136"
722.947720379646,-0.695963911066032,0.0976720390077474,6.38741926095586e-13,3.46004694608451e-12,"ENSMUSG00000074088"
2496.29602167153,0.721554644161558,0.101240199227716,6.41560941094968e-13,3.47416134369391e-12,"ENSMUSG00000055817"
4383.27069236144,-0.668089087259957,0.0936253177705504,6.45483707179924e-13,3.49424136530589e-12,"ENSMUSG00000075376"
1968.07894884762,-0.599339381857317,0.0839417916961455,6.51569425868752e-13,3.52601300342139e-12,"ENSMUSG00000048661"
3088.24534495259,-0.992014606715679,0.140427413043061,6.59188170059443e-13,3.56605684022187e-12,"ENSMUSG00000074305"
3048.20129439577,0.801767455749251,0.112857449087252,6.67838804673529e-13,3.61165450580588e-12,"ENSMUSG00000023912"
1118.97555342789,-0.593914410488679,0.0832202437203851,6.70231120056826e-13,3.62338830032714e-12,"ENSMUSG00000029312"
89.9580794818666,-1.58132740607748,0.227074647930345,6.82681711267145e-13,3.68947307304335e-12,"ENSMUSG00000033967"
1412.03036395322,-0.767746161532221,0.108072113710688,6.83677053792869e-13,3.6936259812945e-12,"ENSMUSG00000040794"
3582.67374644483,0.954245144020671,0.134921985577138,6.92219332591075e-13,3.73853559917635e-12,"ENSMUSG00000051674"
7099.98083569489,0.658725559989068,0.0924645119329324,6.99066559902892e-13,3.7742638348588e-12,"ENSMUSG00000037747"
1562.67950024479,0.899064803679833,0.127053366324825,7.01860485610252e-13,3.7880918384495e-12,"ENSMUSG00000001065"
104.476452823839,2.30646535008919,0.334844432043933,7.21721759791835e-13,3.89399628965578e-12,"ENSMUSG00000028778"
285.085488237908,1.74346033491174,0.251441291715872,7.31576502644156e-13,3.9458589496493e-12,"ENSMUSG00000015950"
1492.81847268918,0.710081933555749,0.0999477996075976,7.50789870619684e-13,4.04814757003883e-12,"ENSMUSG00000015839"
2121.26167516128,-1.29213854999891,0.184937861240188,7.54546683702026e-13,4.06705659513297e-12,"ENSMUSG00000079481"
681.591500113637,0.702882406413782,0.0989452687426942,7.56373582427103e-13,4.07555417899648e-12,"ENSMUSG00000002797"
30.5551748052717,-3.21369997071684,0.469470495172944,7.6154229067758e-13,4.10204679273648e-12,"ENSMUSG00000079679"
168.297610117752,1.69689718933172,0.24539665686376,7.67999863724659e-13,4.13546205150844e-12,"ENSMUSG00000006344"
660.720332061015,-0.728759908694887,0.102730183091212,7.74190768211595e-13,4.16741975031361e-12,"ENSMUSG00000029730"
22.8023150048409,9.05680310262189,2.76662723253793,7.84077665819586e-13,4.21924503940867e-12,"ENSMUSG00000001566"
2087.58323167228,1.01901494558682,0.144800630633114,7.86910796653294e-13,4.23309119230744e-12,"ENSMUSG00000030495"
72.7754336593015,1.90367999024631,0.275520392672327,7.95207856481878e-13,4.27631103000066e-12,"ENSMUSG00000039774"
174.333881727268,-1.04607911043811,0.148981886344752,8.14582035253382e-13,4.37905098079741e-12,"ENSMUSG00000111374"
1476.71787239501,0.727663714095205,0.102613570677537,8.15135797832215e-13,4.38058122057207e-12,"ENSMUSG00000036002"
9711.3127188654,-0.989849069211567,0.140793026288708,8.22807377384104e-13,4.42034933632292e-12,"ENSMUSG00000019943"
88.3117946320235,1.60804476430649,0.231775936114171,8.25643801137876e-13,4.4341239838081e-12,"ENSMUSG00000064267"
655.646277938851,0.937595090476148,0.133035563982012,8.2687851668971e-13,4.43929040061843e-12,"ENSMUSG00000029622"
4797.47746862448,-0.860215759668558,0.121690522399249,8.39722874164049e-13,4.50676193394078e-12,"ENSMUSG00000031540"
77.9149013668208,-1.5287899344134,0.220385749951078,8.69088539440856e-13,4.66282901945229e-12,"ENSMUSG00000062200"
2325.1512244531,0.487615922613159,0.0684947850929313,8.70752594260595e-13,4.67021770325336e-12,"ENSMUSG00000035027"
664.655972624638,1.17808946593367,0.168692806346044,9.12286383058271e-13,4.89136948070571e-12,"ENSMUSG00000021594"
437.452171009648,0.905292949630425,0.128662986559834,9.1845674334597e-13,4.9228313691754e-12,"ENSMUSG00000019917"
63.3851408444758,-1.59973100777793,0.231154474115516,9.28872723941344e-13,4.97702113242831e-12,"ENSMUSG00000051228"
3347.67439608671,-0.55308837147372,0.0779122511590324,9.30236145641094e-13,4.98268640300945e-12,"ENSMUSG00000038371"
4089.12480282043,-0.772483661524457,0.109332216773598,9.68804603031457e-13,5.18756622636384e-12,"ENSMUSG00000026933"
1513.40761867778,0.554725208615447,0.0782338142929779,1.00838825066837e-12,5.3977454601709e-12,"ENSMUSG00000049556"
313.174162540381,0.792717728317859,0.11249339093438,1.02435810900438e-12,5.48142711978086e-12,"ENSMUSG00000021360"
7147.97628392214,-0.493864984022787,0.0696266414904909,1.02670842632538e-12,5.49219841068834e-12,"ENSMUSG00000041986"
5076.61622822048,-0.687959650398981,0.0974056835570055,1.02859838820857e-12,5.50050084206932e-12,"ENSMUSG00000001334"
1339.89098182648,-0.792813866229563,0.11247831310358,1.03426501729765e-12,5.52898717621387e-12,"ENSMUSG00000031290"
129.993912970703,1.38450486640716,0.199741047078213,1.04748637406339e-12,5.59782770748649e-12,"ENSMUSG00000049929"
1209.08110961972,0.791242296928637,0.112382979209585,1.07867548032101e-12,5.76261223126532e-12,"ENSMUSG00000021591"
1497.9534170604,-0.586507565841755,0.0829400271208931,1.09825932178898e-12,5.86531011813684e-12,"ENSMUSG00000020190"
779.17508653351,0.760913884537646,0.108003976579909,1.09863615298503e-12,5.86539826116443e-12,"ENSMUSG00000038146"
704.848643256298,-0.61510121881222,0.0870844543247113,1.11524267451694e-12,5.95210500189728e-12,"ENSMUSG00000005897"
25.5463799751129,-4.12732415092181,0.605203871435944,1.11595565638988e-12,5.95395810380679e-12,"ENSMUSG00000091402"
350.218385222981,-0.898035035697109,0.128112209520589,1.12157868354109e-12,5.98199797204519e-12,"ENSMUSG00000025049"
433.380294531824,0.999648373298615,0.143064701538195,1.15809225947284e-12,6.17472184726461e-12,"ENSMUSG00000041695"
878.070805547417,0.737566374678864,0.104830761017104,1.20469375291654e-12,6.42108870660625e-12,"ENSMUSG00000028838"
89.8858764368114,1.33417919450246,0.192637864432859,1.20909746811124e-12,6.44245125561856e-12,"ENSMUSG00000044551"
612.240665208648,0.692330531232206,0.0983428009528099,1.22400710953152e-12,6.51976038251116e-12,"ENSMUSG00000044229"
1995.65317113921,0.603342433794279,0.0855366743556406,1.22561489474011e-12,6.52618883106952e-12,"ENSMUSG00000033697"
1286.68703172001,0.539138322709474,0.0762805108683509,1.23166896209207e-12,6.5562810218884e-12,"ENSMUSG00000060739"
16726.04667608,-0.730189742955938,0.103102280066535,1.23405437076387e-12,6.5668313328847e-12,"ENSMUSG00000027500"
4957.98346588886,-0.551661712882328,0.078189006122214,1.24714092530928e-12,6.63430064777272e-12,"ENSMUSG00000022228"
6221.0406435904,-0.375749766808485,0.0531305124754356,1.25729533057385e-12,6.68613309084651e-12,"ENSMUSG00000004897"
1924.44251962674,-1.07788970969065,0.154977911330282,1.27175463798214e-12,6.76081711204222e-12,"ENSMUSG00000007617"
2451.56556117115,0.689894447258389,0.0980873359799539,1.27737670414499e-12,6.78848775385968e-12,"ENSMUSG00000034109"
1457.88012777276,-0.499482983907842,0.0707085312960762,1.2791344593283e-12,6.7956105512226e-12,"ENSMUSG00000033543"
23.2425099025873,-4.98613715643253,0.714164405888252,1.29362696007962e-12,6.87036204116673e-12,"ENSMUSG00000024034"
1710.36356566728,0.848530999532063,0.121181037750975,1.29562070311162e-12,6.87870639440668e-12,"ENSMUSG00000028868"
67.2850729490491,2.34036630013133,0.345253885380364,1.30051778589522e-12,6.90245468496983e-12,"ENSMUSG00000071317"
3572.20765567815,-0.528396108942967,0.0748922130840053,1.31109854327162e-12,6.95634357476384e-12,"ENSMUSG00000027365"
420.002266687963,0.840615400305428,0.120038738888527,1.32185441062884e-12,7.01112613105775e-12,"ENSMUSG00000002688"
6327.54179043936,0.787079955860459,0.112264770047638,1.33864680299006e-12,7.09788034497465e-12,"ENSMUSG00000026204"
2292.73673459522,-0.663672391503418,0.09430028748262,1.35004379013535e-12,7.1559794255367e-12,"ENSMUSG00000058291"
107.965137756028,1.91709381603125,0.281880180049253,1.36599598842525e-12,7.23817796210489e-12,"ENSMUSG00000038060"
951.102417321531,0.69007988356363,0.0982135914414153,1.37284159222406e-12,7.26971875023526e-12,"ENSMUSG00000022442"
2319.60005071974,-0.498459358618722,0.0706733166074999,1.37242820953524e-12,7.26971875023526e-12,"ENSMUSG00000026527"
1177.94279951824,0.707934697190722,0.100874127069163,1.40118786141635e-12,7.41741008394645e-12,"ENSMUSG00000020412"
36.1041255960005,2.49354514713996,0.368836727620912,1.41155531533883e-12,7.46986262128915e-12,"ENSMUSG00000020007"
61.1002922497685,2.4196576885307,0.357243782730068,1.4176843664647e-12,7.49985899165171e-12,"ENSMUSG00000050122"
2798.57092519588,0.827753242022953,0.118380006799764,1.4370012899136e-12,7.59957992112204e-12,"ENSMUSG00000020176"
2318.47360628503,-0.675101835938506,0.0962045066238325,1.43964564067382e-12,7.61109182815475e-12,"ENSMUSG00000026918"
599.375983999641,-1.26832951355972,0.183754318057528,1.44486006330629e-12,7.63617925665579e-12,"ENSMUSG00000026834"
99.6634702352463,1.6071004264307,0.234425238389238,1.45234996062372e-12,7.67327252808598e-12,"ENSMUSG00000035745"
26.7265200539372,-3.23363578493447,0.482633034536261,1.48303700621854e-12,7.83220870777684e-12,"ENSMUSG00000000318"
5281.7538075864,-0.501529757541198,0.0712224718316592,1.48339473191277e-12,7.83220870777684e-12,"ENSMUSG00000040481"
10322.5600566324,-1.18567489503258,0.171707180052859,1.48545328053863e-12,7.84053453327104e-12,"ENSMUSG00000031229"
1305.84226240972,0.784995635872247,0.112242073065283,1.5131253838766e-12,7.98400486182929e-12,"ENSMUSG00000046178"
6313.41159463436,-0.531755226145868,0.075633436501755,1.54225641229117e-12,8.13507773145678e-12,"ENSMUSG00000031442"
2590.62048140823,0.696496111523716,0.0994385778252259,1.56825964695157e-12,8.26955961550947e-12,"ENSMUSG00000016664"
1450.18741844437,-0.884663314811388,0.127054890128195,1.57531579360093e-12,8.30407723064636e-12,"ENSMUSG00000044352"
1375.92409382912,-0.581546189988944,0.0828232422922493,1.58011801088463e-12,8.32669504084818e-12,"ENSMUSG00000058192"
925.715208679889,0.766619027561073,0.109700823613011,1.58181040242145e-12,8.33291577042603e-12,"ENSMUSG00000031156"
3206.52066129422,-0.709782892965073,0.101271082298914,1.60803655828355e-12,8.46833357998696e-12,"ENSMUSG00000031134"
395.788939941248,-1.17914126969012,0.170813487334741,1.61793852853641e-12,8.51772424563899e-12,"ENSMUSG00000042473"
233.471760264198,7.7360871002785,1.17292140730664,1.63181277689261e-12,8.58798848440282e-12,"ENSMUSG00000101174"
633.268326249036,-0.92755272497077,0.133499238944939,1.64699003511675e-12,8.66506263465754e-12,"ENSMUSG00000024856"
3376.9975999849,0.605369939283998,0.0863303758004889,1.66309821746879e-12,8.74698312890371e-12,"ENSMUSG00000049940"
2503.6875994945,-0.659448111737325,0.0941942724992293,1.67684128987815e-12,8.81641554154927e-12,"ENSMUSG00000042810"
37.6015943788134,-3.17401235745036,0.473453485288737,1.68123941917937e-12,8.83668558779524e-12,"ENSMUSG00000030450"
18649.8947226023,-0.397045318574001,0.0564865028290622,1.71677313013068e-12,9.02054002978283e-12,"ENSMUSG00000021546"
562.509815909759,0.961695315437242,0.13862040256964,1.7300888317491e-12,9.08464064619735e-12,"ENSMUSG00000027848"
375.420219482489,0.924749172459055,0.133156132579709,1.72954914752698e-12,9.08464064619735e-12,"ENSMUSG00000063765"
2262.82831047585,0.497669404786092,0.0708684747070957,1.73857808667218e-12,9.12333142967434e-12,"ENSMUSG00000020628"
8566.37601989753,-0.684150806165193,0.0978834507208831,1.7384807901358e-12,9.12333142967434e-12,"ENSMUSG00000071172"
193.654872256487,1.3217998025246,0.192445672433704,1.78437695932489e-12,9.36064716206593e-12,"ENSMUSG00000034330"
1191.09276738348,-0.964187133802874,0.139174332635504,1.81260672468941e-12,9.50567405428293e-12,"ENSMUSG00000039738"
232.616686046466,0.864845407323793,0.124457181391548,1.85365870610644e-12,9.71782815394547e-12,"ENSMUSG00000033486"
7292.98416451496,0.784421756314796,0.112624383079673,1.85502922803133e-12,9.72188209075789e-12,"ENSMUSG00000024782"
2768.99349459255,0.50111497812676,0.0714871372717872,1.87582805838483e-12,9.82772099594088e-12,"ENSMUSG00000109336"
1108.65517887864,1.26652299688019,0.184421987920872,1.88652994398434e-12,9.8806095328755e-12,"ENSMUSG00000036887"
524.498656984583,0.820968118419088,0.118003377423359,1.89815756490599e-12,9.93511538313172e-12,"ENSMUSG00000040836"
2596.12280282506,-0.732686124713346,0.1051515995849,1.897865129872e-12,9.93511538313172e-12,"ENSMUSG00000060510"
4031.3392962938,-0.451614234266074,0.0644091832931699,1.91090135631173e-12,9.99860246803034e-12,"ENSMUSG00000048799"
1235.85471555536,-0.752054962111293,0.108039240487182,1.95048490538959e-12,1.02024400031914e-11,"ENSMUSG00000031403"
11165.2715814547,1.45447910630131,0.212919887066123,1.95439111849914e-12,1.02195883799965e-11,"ENSMUSG00000019970"
1662.83237535293,-0.852684871522507,0.122884069088944,1.96399446815449e-12,1.02665067285224e-11,"ENSMUSG00000034659"
154.685320535744,1.25121581067381,0.182240051900659,1.97437018212568e-12,1.03174310833521e-11,"ENSMUSG00000048865"
4510.47843218108,-1.02744181390864,0.148841251718226,1.97520564034323e-12,1.03184844074156e-11,"ENSMUSG00000034647"
3136.04042618903,-0.745587949646955,0.107105633784381,1.97600467501686e-12,1.03193468398859e-11,"ENSMUSG00000019894"
9795.20208170617,0.548754647192825,0.0784750229892383,1.99856854528845e-12,1.04338354009639e-11,"ENSMUSG00000020029"
589.323592721742,0.805804814663956,0.116121634299868,2.10884733992275e-12,1.10060330231685e-11,"ENSMUSG00000027316"
7277.0918380575,-0.466858351039982,0.0667291570403292,2.1166073826357e-12,1.10429919790205e-11,"ENSMUSG00000032580"
1143.09864385552,-0.612529808726329,0.0878024603509624,2.11854232870545e-12,1.10495456669873e-11,"ENSMUSG00000031979"
609.479518176566,1.05717784432602,0.15349162236598,2.1229599438706e-12,1.10690397073433e-11,"ENSMUSG00000003559"
437.395709174106,1.10105650978968,0.160055032309889,2.12457945888379e-12,1.10739367376594e-11,"ENSMUSG00000027434"
773.922329401132,-0.58580269891636,0.0839578428668674,2.13604794498412e-12,1.1130149951489e-11,"ENSMUSG00000038069"
352.489467804212,-0.907133245366722,0.13126777618313,2.16244323513203e-12,1.12640803140733e-11,"ENSMUSG00000024118"
1427.24376324958,-0.659511310469124,0.0947383155266971,2.17194877704598e-12,1.13099751096463e-11,"ENSMUSG00000027427"
1531.2774456982,0.615464085074398,0.0882809322516174,2.19228158872634e-12,1.14122032943036e-11,"ENSMUSG00000003062"
112.748369570779,1.74385917828398,0.257879957013419,2.22290371817104e-12,1.15679113569016e-11,"ENSMUSG00000091243"
2635.6470297755,-0.956013582554921,0.137814680091564,2.25221664819848e-12,1.17167090442233e-11,"ENSMUSG00000048546"
6000.06179586983,-0.778695013303305,0.11201030001121,2.30351991460305e-12,1.19797754536448e-11,"ENSMUSG00000025862"
3781.37066865119,-0.860373060557458,0.124418224134799,2.30918434449121e-12,1.20053985179265e-11,"ENSMUSG00000046157"
9963.35307815033,-0.609571631679012,0.0875696179741271,2.34138009146768e-12,1.21688969121682e-11,"ENSMUSG00000030057"
732.52620258743,2.56344288474216,0.383938011357929,2.35669814734225e-12,1.2244600205055e-11,"ENSMUSG00000061762"
58.6369881529166,-2.33217023006942,0.347528198009389,2.36734161892732e-12,1.22959753902039e-11,"ENSMUSG00000084858"
2300.77792577058,-0.59432811971884,0.0853818407359113,2.38691271618021e-12,1.23936731081281e-11,"ENSMUSG00000031834"
4155.36545433957,0.666074689170622,0.0958170053865479,2.41955396819753e-12,1.25591516244641e-11,"ENSMUSG00000027030"
222.458995446433,1.09142311337951,0.159001954502904,2.43891778663512e-12,1.26556275839485e-11,"ENSMUSG00000034308"
1523.49462254858,0.574832131854248,0.082557575441189,2.44115150165147e-12,1.26631816902112e-11,"ENSMUSG00000038780"
654.600318087261,0.769303557565685,0.11111390657015,2.44672861407621e-12,1.26880689327596e-11,"ENSMUSG00000042632"
841.105773863758,-0.935343514489153,0.135763026577403,2.47481303464774e-12,1.28296199292981e-11,"ENSMUSG00000094936"
3739.87744616188,-0.569834557020784,0.0818924073581719,2.50078334698117e-12,1.29601245852147e-11,"ENSMUSG00000037126"
541.699207575475,1.5917980058673,0.23542167421663,2.56312878203883e-12,1.32789975537963e-11,"ENSMUSG00000019888"
7794.72924987984,0.682811212764019,0.0980943772098978,2.57819635968725e-12,1.33528095268817e-11,"ENSMUSG00000034648"
1813.01290051885,0.608170362640827,0.0875286711306023,2.59666034956196e-12,1.34441594052702e-11,"ENSMUSG00000024900"
679.217946534,1.40500127899488,0.206844388039967,2.61678678615689e-12,1.35440557408782e-11,"ENSMUSG00000020814"
49.1848330507585,-3.41050169405104,0.512668120893459,2.65204814913195e-12,1.37221995459536e-11,"ENSMUSG00000049241"
70.050705745335,2.24664742416792,0.336782667792856,2.6842143380952e-12,1.38842202082979e-11,"ENSMUSG00000026322"
29.398751745493,3.10522546117348,0.465813853815441,2.68933123036266e-12,1.39062686683111e-11,"ENSMUSG00000034762"
926.710329299617,1.53031137186181,0.226074684249481,2.69503879637812e-12,1.39313564710839e-11,"ENSMUSG00000062991"
2031.67206078571,-0.878628002773054,0.127531882997862,2.70288706327804e-12,1.39674906717587e-11,"ENSMUSG00000006262"
2956.22335923076,-0.796216244005083,0.115296050803122,2.7781862931409e-12,1.43520521992217e-11,"ENSMUSG00000030134"
234.060436219099,-1.47444183864132,0.217916369206654,2.78210754836675e-12,1.43677495787798e-11,"ENSMUSG00000002083"
690.295338589018,1.00907311318067,0.147066071658128,2.84570099006329e-12,1.4691506728909e-11,"ENSMUSG00000030075"
1476.61659650431,-0.540901006084997,0.0778905649691214,2.86322072220878e-12,1.47772691553946e-11,"ENSMUSG00000049792"
1166.75976742192,-0.78346765036311,0.113540729009575,2.8649232209396e-12,1.47813693155166e-11,"ENSMUSG00000049504"
4329.22213944838,0.596182014964372,0.0859514261453895,2.8872980320118e-12,1.48920904198631e-11,"ENSMUSG00000057134"
3609.01725824475,-0.464676021815805,0.0670571014577623,2.90556003166239e-12,1.49815350634781e-11,"ENSMUSG00000044788"
547.024594239056,-1.05137813459416,0.153756202785465,2.96277982518802e-12,1.52717321071598e-11,"ENSMUSG00000047844"
108.033572849546,1.974057766479,0.294827834683064,2.98743257339915e-12,1.5393930810317e-11,"ENSMUSG00000047428"
4156.65834289578,-0.771828132086962,0.111929551769913,2.99084685456045e-12,1.54066471830807e-11,"ENSMUSG00000036606"
2090.19838709425,0.577399987855369,0.0832775647973352,3.00567354685281e-12,1.54781252754413e-11,"ENSMUSG00000019647"
80.8248772053143,2.12624764442227,0.319734473457628,3.06471131091186e-12,1.57771570901402e-11,"ENSMUSG00000040061"
1182.63838312338,1.07672919462143,0.15755860396449,3.07163840748299e-12,1.58078185257693e-11,"ENSMUSG00000020284"
1451.38503494066,-0.67808005771146,0.0981653410435051,3.12924785701012e-12,1.60992087915331e-11,"ENSMUSG00000029587"
1296.82703482595,0.768468305278249,0.111511922488666,3.19120149119404e-12,1.64127576220084e-11,"ENSMUSG00000022311"
29.1712998960174,2.7936068797268,0.41878358108653,3.21229054941006e-12,1.65160030206244e-11,"ENSMUSG00000032807"
1115.69864386461,1.05355862255533,0.154292644256366,3.26010553170191e-12,1.675655126146e-11,"ENSMUSG00000032766"
410.52595498062,0.908031125410149,0.132465665358356,3.2649851516221e-12,1.67763346900582e-11,"ENSMUSG00000087651"
518.603434269186,1.42391059238033,0.210630018509067,3.28839802285418e-12,1.68913042019629e-11,"ENSMUSG00000057315"
7784.97373837074,1.04103120724192,0.152450885452301,3.3013837193145e-12,1.69526574709783e-11,"ENSMUSG00000020297"
152.735633730644,1.43057727313086,0.21134108738592,3.31172015143455e-12,1.70003723194738e-11,"ENSMUSG00000085642"
67.8982696129648,-1.89478040392212,0.284046633499937,3.32803787754454e-12,1.70787517562012e-11,"ENSMUSG00000070780"
168.518353256086,-1.59869876367839,0.238022229962006,3.34084322810316e-12,1.71390627378075e-11,"ENSMUSG00000028943"
784.023412562899,-0.645585422409031,0.0935207213574619,3.34299193593509e-12,1.71446826506463e-11,"ENSMUSG00000058440"
1009.37100652935,-0.761627992199269,0.110684186736369,3.37827248211396e-12,1.73201636106618e-11,"ENSMUSG00000021482"
777.704899225432,-0.742010779604266,0.107737252292109,3.39101982871916e-12,1.73800443236431e-11,"ENSMUSG00000044636"
33.5900651053321,2.59495856806264,0.390708734442024,3.41233709451987e-12,1.74837970489753e-11,"ENSMUSG00000057058"
6293.92411924286,0.72056251485152,0.104625710678353,3.52352355948e-12,1.80478025491553e-11,"ENSMUSG00000028439"
358.363242973173,1.74840428801241,0.261149646575472,3.52902205307498e-12,1.8070280270511e-11,"ENSMUSG00000061702"
239.093995720535,-1.8254862884128,0.27292681647026,3.53154365845907e-12,1.80775055573575e-11,"ENSMUSG00000029718"
389.665078390203,1.17007820927312,0.172226342863598,3.58400088359442e-12,1.8340259787221e-11,"ENSMUSG00000038059"
2708.55068508152,0.526067053479873,0.0760838493572991,3.64832505940414e-12,1.86635560392774e-11,"ENSMUSG00000087679"
27.2256163330057,3.78139508444632,0.568760161799338,3.64974516317597e-12,1.86649550003702e-11,"ENSMUSG00000038541"
193.370717184757,1.35967095757928,0.201607729429703,3.78485876412348e-12,1.93498526891966e-11,"ENSMUSG00000028111"
2702.03769018204,0.607091490180258,0.0880566695016628,3.81716331936635e-12,1.95088805377223e-11,"ENSMUSG00000030342"
2507.95226893773,0.683787961740215,0.099368982132708,3.86847061190039e-12,1.97648978721013e-11,"ENSMUSG00000039230"
49.0876454186959,1.99970815034966,0.300220468405806,3.87779150358255e-12,1.9806303763827e-11,"ENSMUSG00000026196"
4941.07863306286,0.834011493217992,0.121740157923809,3.90500624109476e-12,1.99390500603954e-11,"ENSMUSG00000039533"
22.7984883569726,-4.47926970197838,0.671645720852139,3.93522502335349e-12,2.00870470147846e-11,"ENSMUSG00000078137"
67.8961542029429,-1.87327944459689,0.281609936328681,3.94341549575492e-12,2.01225446520058e-11,"ENSMUSG00000003824"
445.852513070532,1.10398658775087,0.162490813500028,4.00307823471915e-12,2.04205915088556e-11,"ENSMUSG00000060780"
12403.2404132336,-0.727652128870409,0.105448302296982,4.04304908997977e-12,2.06180304156299e-11,"ENSMUSG00000026623"
2049.57252050684,-0.502318183187149,0.0727865694726065,4.05793230626047e-12,2.06874481933316e-11,"ENSMUSG00000042726"
1370.22325647651,-0.876252830355982,0.128314524855599,4.11667323904107e-12,2.09803403209488e-11,"ENSMUSG00000032413"
293.939821744689,1.16709994321655,0.172267347680554,4.12300979115382e-12,2.10060573960569e-11,"ENSMUSG00000049551"
665.017602870638,1.31943848786753,0.195649070541743,4.19284678445138e-12,2.13551814634855e-11,"ENSMUSG00000032417"
2252.49182146424,-0.7271241041745,0.10603041997089,4.1964352623984e-12,2.1366772975077e-11,"ENSMUSG00000029267"
510.67109151814,-1.03445506967877,0.152320089528736,4.22726532510248e-12,2.15170184371539e-11,"ENSMUSG00000089857"
7710.71645589753,-0.431087668590129,0.0624572363947375,4.23328779601569e-12,2.15409374002949e-11,"ENSMUSG00000038619"
599.30644430869,1.44405023397184,0.215051630069868,4.25838811433287e-12,2.1661888039097e-11,"ENSMUSG00000020150"
2200.24810922726,-0.601171731879236,0.08747207166126,4.368930325435e-12,2.22172595555861e-11,"ENSMUSG00000029474"
1377.64031806058,-1.08941186922853,0.160819629904612,4.39976753316952e-12,2.23670880402666e-11,"ENSMUSG00000016918"
76.7371064293673,-1.57989519934339,0.236088067519995,4.45029205946085e-12,2.26168760986274e-11,"ENSMUSG00000094595"
826.227420351205,0.579252310122687,0.084217757357866,4.4518596754921e-12,2.2617781459944e-11,"ENSMUSG00000029090"
82.4871510537887,1.86204831444465,0.280708937321826,4.45983036002747e-12,2.26512070516466e-11,"ENSMUSG00000017718"
1336.77002723402,-0.548814409099078,0.0797926369914131,4.4639453385497e-12,2.26650350034036e-11,"ENSMUSG00000046519"
74.6752238284794,2.68057875194438,0.407407916881469,4.50501840106462e-12,2.28664451301933e-11,"ENSMUSG00000000766"
1178.82579968242,-0.507379967024358,0.0737473038736547,4.53529527812431e-12,2.30129477984126e-11,"ENSMUSG00000026174"
24252.7315529685,-0.665254855352614,0.0965154063058401,4.5438776055456e-12,2.30493112069402e-11,"ENSMUSG00000094483"
758.663390859457,0.866027911717137,0.126958792560955,4.55521190870495e-12,2.30996073052646e-11,"ENSMUSG00000023266"
1938.47273776607,0.625371269546035,0.091101597289978,4.60379724659497e-12,2.33387142884064e-11,"ENSMUSG00000038497"
66.6552430527475,-1.77723935722564,0.266679051700055,4.65503844240304e-12,2.35911319319542e-11,"ENSMUSG00000051000"
2097.53379065678,0.424677511431769,0.0616435401878748,4.77660941853761e-12,2.41997037394818e-11,"ENSMUSG00000014547"
58.0912987704154,1.87210109624589,0.282731111896542,4.78305705159837e-12,2.42248297093709e-11,"ENSMUSG00000043333"
3838.02792997122,-0.770132529928785,0.112806476281121,4.91146001740605e-12,2.48674171581138e-11,"ENSMUSG00000020362"
148.238620700652,1.41865291082415,0.211606517634728,4.92146283717335e-12,2.49103146963643e-11,"ENSMUSG00000028167"
3858.55405983647,-0.536971251598475,0.0782290335814193,4.94559206422586e-12,2.50246650983738e-11,"ENSMUSG00000019189"
365.175175533625,1.87318776219082,0.282591628433425,4.95939892477073e-12,2.50867295517147e-11,"ENSMUSG00000021098"
138.150729579708,1.28655692080197,0.191750934895344,4.97494911301771e-12,2.51575711903393e-11,"ENSMUSG00000038578"
1966.67553547509,-0.524171242847901,0.0763544897147358,5.0699910871305e-12,2.56302220236988e-11,"ENSMUSG00000020128"
1131.84569499039,0.785500789648885,0.115156839431244,5.09298550591941e-12,2.57384719234263e-11,"ENSMUSG00000000253"
518.023615195875,-0.673025622963595,0.0983759499896209,5.12158271016429e-12,2.58749606939958e-11,"ENSMUSG00000021694"
9079.42057107565,-0.534656315026696,0.0779699809255265,5.1364400696987e-12,2.59419706653911e-11,"ENSMUSG00000024302"
1483.23582371903,-0.518882420325067,0.075599817197317,5.21696198022127e-12,2.63404798740825e-11,"ENSMUSG00000031668"
83.4179121540806,1.85112605665681,0.279207417858405,5.29277885207126e-12,2.6714993536129e-11,"ENSMUSG00000102692"
25349.1166740603,0.755052348292601,0.110653673134912,5.31205899980017e-12,2.6803997643753e-11,"ENSMUSG00000033615"
707.948371283698,0.916261364021003,0.135039050657594,5.31970060540428e-12,2.68342381328698e-11,"ENSMUSG00000002845"
302.501823132609,0.909025332882408,0.133932493084946,5.36371471376332e-12,2.70478773576949e-11,"ENSMUSG00000002458"
9210.66157034114,-0.954147485315628,0.14090245376728,5.47010520815098e-12,2.75758354221993e-11,"ENSMUSG00000066392"
158.729500430612,1.11078824973577,0.164640969684503,5.4891278866054e-12,2.76631652440132e-11,"ENSMUSG00000037649"
191.672820542106,1.01103265310724,0.149447659391285,5.49759736514909e-12,2.76972732621161e-11,"ENSMUSG00000033222"
1932.36746512751,0.83765872027867,0.123219171475603,5.53159841911918e-12,2.78599502061949e-11,"ENSMUSG00000044080"
10768.2090776545,-0.797160397320818,0.117314768818306,5.87673629166132e-12,2.95890854796359e-11,"ENSMUSG00000026103"
613.603795818325,-0.71290466659323,0.104695733429749,5.96121340417691e-12,3.00051427931947e-11,"ENSMUSG00000010067"
8102.01879489891,0.774469438951907,0.113892680121306,6.01300369018471e-12,3.0256468027458e-11,"ENSMUSG00000024012"
401.910902048772,1.05287406259953,0.156163546537085,6.03745158164221e-12,3.03700979128467e-11,"ENSMUSG00000095595"
1416.34183716696,-0.509145175428593,0.0744600744107355,6.18249784794599e-12,3.10901142937488e-11,"ENSMUSG00000028882"
867.879544606082,0.907927211616517,0.134183209383717,6.27886118527974e-12,3.15649482316194e-11,"ENSMUSG00000059742"
1484.06714794962,-0.719201122564721,0.105832238689862,6.45480806451205e-12,3.24394460247382e-11,"ENSMUSG00000035161"
175.754950176597,1.2187292811577,0.182196741539712,6.61690340629017e-12,3.32335555839529e-11,"ENSMUSG00000029596"
1572.69685157573,-0.656174098822978,0.0964796718972835,6.61616039391484e-12,3.32335555839529e-11,"ENSMUSG00000047412"
2756.66104640514,-0.628755351673807,0.0923412821827682,6.66490280122585e-12,3.34539894537016e-11,"ENSMUSG00000028106"
449.911671798346,-1.02484249774548,0.152254601529008,6.66400338187845e-12,3.34539894537016e-11,"ENSMUSG00000056749"
523.597622555764,0.929984692958648,0.137878996194091,6.82190924213638e-12,3.42315162279581e-11,"ENSMUSG00000031613"
531.695760124085,-0.709414860225438,0.104452702728528,6.87524290638914e-12,3.44885066348852e-11,"ENSMUSG00000028688"
294.113362639842,-1.07743437246415,0.160553982917185,6.89706381060773e-12,3.45873089060606e-11,"ENSMUSG00000091519"
53.7690207337509,2.59704864313084,0.397171599042704,7.00746118456603e-12,3.51301056859766e-11,"ENSMUSG00000085925"
10240.2637086299,0.547854653265177,0.0804480232942943,7.19043923966952e-12,3.60363207953634e-11,"ENSMUSG00000001525"
27.8567374402669,9.33868596086931,2.84826565427262,7.23513834290693e-12,3.62491788075835e-11,"ENSMUSG00000038210"
407.876279293653,1.35840761607851,0.204220302546989,7.30761319628184e-12,3.66010238797156e-11,"ENSMUSG00000031210"
4598.93425646784,0.684854381248051,0.100857581649904,7.34776918182677e-12,3.67908295114661e-11,"ENSMUSG00000037933"
3439.55714599338,0.679765119848865,0.100131047803977,7.4523869924798e-12,3.73031843368961e-11,"ENSMUSG00000031246"
3308.68333807484,-1.06635769961333,0.159091900442401,7.48991157620115e-12,3.74794898977566e-11,"ENSMUSG00000020889"
251.264451039825,-1.00579014778432,0.149814658441819,7.54972751119168e-12,3.77671986561703e-11,"ENSMUSG00000090655"
397.047019908744,1.22502466358117,0.183550493953158,7.60003722758597e-12,3.80071907805359e-11,"ENSMUSG00000022436"
631.299272296512,-0.793895957657046,0.117504606996182,7.62619928848648e-12,3.81263120448350e-11,"ENSMUSG00000021009"
399.937429416962,1.04811822707315,0.156326861604175,7.65808733186194e-12,3.82682053671752e-11,"ENSMUSG00000025188"
26.2226297589171,7.14340596035736,1.30533383666416,7.65928327105644e-12,3.82682053671752e-11,"ENSMUSG00000044988"
359.368224172815,0.979257063783698,0.145675171177548,7.72783947432428e-12,3.85988864569041e-11,"ENSMUSG00000061013"
1012.97190156765,1.2599988925459,0.189227425571682,7.84139241282139e-12,3.91540446919959e-11,"ENSMUSG00000037370"
2693.25524756082,0.694442893067544,0.102472610820593,7.93812048385837e-12,3.96248774106858e-11,"ENSMUSG00000036138"
2658.31720643678,-0.818053192247011,0.121314159484619,8.20438693559288e-12,4.09414501954571e-11,"ENSMUSG00000042532"
302.443380780256,1.01335739947394,0.151039399630141,8.21949902027047e-12,4.1004292078444e-11,"ENSMUSG00000035493"
25.6362863188253,7.11765601602634,1.30193001671351,8.27583529011566e-12,4.12726859229481e-11,"ENSMUSG00000048138"
2274.60653645516,-0.608241138047805,0.0897147981512635,8.29057440451214e-12,4.13335283787591e-11,"ENSMUSG00000020919"
788.06535485928,0.524054344737281,0.0771426504471868,8.47197487968225e-12,4.22249868620538e-11,"ENSMUSG00000021044"
3382.40261762849,-0.935064329389968,0.139316834072014,8.55726221218971e-12,4.26370108019664e-11,"ENSMUSG00000024483"
28.7396972892689,2.77011546438279,0.427283377215958,8.56796294935477e-12,4.26772646540994e-11,"ENSMUSG00000063935"
171.943008282597,1.29181835177166,0.194758056579925,8.64525537869016e-12,4.30490875051448e-11,"ENSMUSG00000021280"
1769.31409125218,-1.14840959028781,0.171234490542826,8.67537196747521e-12,4.31858424729546e-11,"ENSMUSG00000058656"
1277.39722745697,0.560508584039845,0.0826376317682159,8.7262030866811e-12,4.34255988520315e-11,"ENSMUSG00000039982"
265.307734853253,-1.2215778649279,0.183763126520268,8.77913533433656e-12,4.36756616663602e-11,"ENSMUSG00000037490"
1270.30526943768,-0.473062685627089,0.0696429383724315,8.88159923801684e-12,4.41719133505769e-11,"ENSMUSG00000056952"
404.104494820432,1.09400168835782,0.163904104598385,9.18132510784024e-12,4.56486286210823e-11,"ENSMUSG00000072494"
419.815144858698,1.79218116015418,0.27377597812239,9.35846804180358e-12,4.65151581021309e-11,"ENSMUSG00000024186"
808.352398806987,-0.534250534750857,0.0788612472268618,9.38192718889056e-12,4.66175246583518e-11,"ENSMUSG00000034263"
2761.55144120767,-0.534443015049739,0.0788681483803444,9.39744942687052e-12,4.66804033477566e-11,"ENSMUSG00000026496"
318.182891888557,4.54703159210112,0.710732991020024,9.4446206559186e-12,4.69004072718252e-11,"ENSMUSG00000021919"
4154.63269406191,-0.458801172458327,0.0676203529115755,9.4516938887133e-12,4.69212177860552e-11,"ENSMUSG00000005566"
396.708922443855,1.0766599886646,0.161391342917119,9.49428596884032e-12,4.71182887197508e-11,"ENSMUSG00000015970"
680.656116901336,1.10911760761351,0.166478580330004,9.60157471941088e-12,4.76362186170589e-11,"ENSMUSG00000003123"
125.834131975594,-1.28232642160663,0.193492726919325,9.69850475955588e-12,4.81024559646711e-11,"ENSMUSG00000047897"
1086.13779076103,-0.634994957074754,0.0939981253890802,9.70284601526712e-12,4.81093291003711e-11,"ENSMUSG00000023191"
5305.81058074577,-0.522535852136878,0.0771929855186092,9.79461064429209e-12,4.85495347344052e-11,"ENSMUSG00000003660"
315.416752367503,1.48524826674961,0.225500664357859,9.98896840082389e-12,4.94978470711146e-11,"ENSMUSG00000027359"
274.342364423334,1.49531740245684,0.22737086954344,1.02067245685205e-11,5.05614919435107e-11,"ENSMUSG00000052160"
513.363736522722,-1.02926000572499,0.154533925943931,1.04192321802442e-11,5.15984975448786e-11,"ENSMUSG00000056019"
406.316683992969,1.34497507320231,0.203905778982591,1.04550572562196e-11,5.1760164846941e-11,"ENSMUSG00000048497"
47409.6828230044,0.58129226607048,0.0885479792831067,1.05723341460213e-11,5.23248571690287e-11,"ENSMUSG00000063077"
41.390818930592,2.20023053641396,0.337758322182713,1.059629472866e-11,5.24275032197955e-11,"ENSMUSG00000085601"
2752.95503464813,0.83823628434795,0.125025293831047,1.06113239480581e-11,5.24859104304133e-11,"ENSMUSG00000039661"
3707.68079420672,-0.73617452018263,0.109528252869573,1.06227975689072e-11,5.25267007371418e-11,"ENSMUSG00000041216"
13245.8799296725,-0.644688973385292,0.0957336967341187,1.06519281152093e-11,5.26547482111681e-11,"ENSMUSG00000022389"
186.338678274566,1.72519573646584,0.264219604595212,1.08724960197422e-11,5.37287462687807e-11,"ENSMUSG00000067780"
2587.2955151672,-0.573413332603378,0.0850432941448037,1.1081417710853e-11,5.47445576622959e-11,"ENSMUSG00000054408"
4184.12741634578,0.864280533714069,0.129166973730354,1.12493831116226e-11,5.55574812776068e-11,"ENSMUSG00000035596"
921.055996131417,-0.743078871372614,0.11073396067786,1.1291575535156e-11,5.57489434520079e-11,"ENSMUSG00000008435"
11134.8019885489,-0.647304707803587,0.0963380820660933,1.15445190742462e-11,5.69804977230382e-11,"ENSMUSG00000031824"
105.285555875738,-1.66643874132871,0.255596781343586,1.18078032800792e-11,5.82623285217126e-11,"ENSMUSG00000043091"
1166.29230759332,0.706301144233492,0.105227333075451,1.18534529830471e-11,5.84698508054667e-11,"ENSMUSG00000026727"
1131.58340231373,0.513912140830667,0.0761847694063957,1.19577113240557e-11,5.8966260203871e-11,"ENSMUSG00000020549"
1135.41596506192,-0.654650873665041,0.0974419875239476,1.19641838248507e-11,5.89803102062143e-11,"ENSMUSG00000025736"
1948.1512785106,-0.719052190490309,0.107211198652413,1.20651797636947e-11,5.94601865556836e-11,"ENSMUSG00000033316"
48.1599650621616,2.3929811929375,0.37030370211818,1.20707555463884e-11,5.94696606489438e-11,"ENSMUSG00000060044"
92.7829623896964,1.71761170545991,0.263643272804062,1.21296564988163e-11,5.97417695878159e-11,"ENSMUSG00000021624"
86.860717262147,1.57699568981752,0.24139472607601,1.23465677649021e-11,6.07917211364415e-11,"ENSMUSG00000002111"
5079.76243755719,-0.57380749521841,0.0852731523097361,1.24784662642133e-11,6.14225805409326e-11,"ENSMUSG00000059263"
23286.0029633658,0.894947600636815,0.133502430439176,1.28062773568084e-11,6.30171048410301e-11,"ENSMUSG00000026944"
41.5750666623083,-3.63262792002614,0.564778500754137,1.29739180787771e-11,6.38227375298684e-11,"ENSMUSG00000027868"
5131.50888754855,-1.15320216860825,0.174732572288578,1.33465641722425e-11,6.56360639262125e-11,"ENSMUSG00000048960"
2414.57546175576,-0.743394551057152,0.111225462431037,1.35726592046217e-11,6.67278002213324e-11,"ENSMUSG00000032410"
1747.92562599656,1.09428397725276,0.165647944081036,1.40523180084599e-11,6.90651064437533e-11,"ENSMUSG00000030209"
1426.69851801952,-0.834202942475927,0.125347763796334,1.44494110532626e-11,7.09953254225803e-11,"ENSMUSG00000029211"
948.116564504182,-0.602028726793476,0.0898493783920879,1.44901570476069e-11,7.11740423720413e-11,"ENSMUSG00000036840"
554.453415716051,-0.722416641233644,0.108228437132226,1.46090196295644e-11,7.17362357556708e-11,"ENSMUSG00000026784"
2324.15610699923,-0.632259277476403,0.0945287853446822,1.49382818461398e-11,7.33309263846391e-11,"ENSMUSG00000031095"
5989.48987184381,-0.707862555112347,0.106126712132949,1.4984108648974e-11,7.35337113620737e-11,"ENSMUSG00000059208"
2081.97625884495,-0.521186516863554,0.0776836421232871,1.50770662263352e-11,7.39675961519843e-11,"ENSMUSG00000030816"
337.016481094403,1.06727797124621,0.161684014521839,1.51253099613677e-11,7.4181920925322e-11,"ENSMUSG00000036863"
22.0351746154619,4.85697822292289,0.736695999610973,1.51327998858265e-11,7.41963001630975e-11,"ENSMUSG00000114041"
37.9674768434328,-2.45857566285307,0.383677796934331,1.53890474445692e-11,7.54299651619083e-11,"ENSMUSG00000054889"
558.345812539931,0.791135761134755,0.118844137587812,1.54101640596134e-11,7.55107316563478e-11,"ENSMUSG00000037523"
487.438351948235,-1.14989776730402,0.174793712416579,1.54441636270608e-11,7.56545577855241e-11,"ENSMUSG00000020623"
164.234176118117,-1.20743537832459,0.183926893582021,1.55065846264583e-11,7.59374803097138e-11,"ENSMUSG00000060512"
2681.00385874902,-0.513286606368308,0.076530994322863,1.55689468530946e-11,7.62199449247141e-11,"ENSMUSG00000031198"
1022.88228339488,1.1454891478793,0.174021053264076,1.57342309797601e-11,7.70059566712372e-11,"ENSMUSG00000007872"
893.320418403254,0.803172562910087,0.120671085411956,1.57732221978136e-11,7.71735830886713e-11,"ENSMUSG00000025236"
237.200436846438,1.16883875573443,0.177865466860267,1.58804064594053e-11,7.76746563540264e-11,"ENSMUSG00000040747"
301.239793322696,2.11182593862772,0.328496029790412,1.60356073321823e-11,7.84102181295474e-11,"ENSMUSG00000045648"
174.213761632998,-1.70238731360352,0.263551348742954,1.64352356474039e-11,8.03401699304628e-11,"ENSMUSG00000027360"
792.906752961888,-0.884192014274523,0.133460093319842,1.66820027274593e-11,8.15219574895175e-11,"ENSMUSG00000023051"
3092.53943489787,-0.709000390173822,0.106502673398202,1.68760135293418e-11,8.24453025902239e-11,"ENSMUSG00000036990"
108.004660842252,1.88208166578322,0.292224094279733,1.69054970097057e-11,8.25645605532522e-11,"ENSMUSG00000036040"
2821.69696368562,2.35966323910603,0.368256340896577,1.77302728558996e-11,8.65667011242754e-11,"ENSMUSG00000021708"
3414.93219452551,-0.643609575156394,0.0965938110135694,1.77876097289775e-11,8.68206030489643e-11,"ENSMUSG00000028005"
3526.58730813636,-0.75127545732916,0.113633155092098,1.78933100174386e-11,8.73103418656671e-11,"ENSMUSG00000056091"
350.349319519963,-1.26054505818783,0.192995299826012,1.80328654110824e-11,8.79649335216059e-11,"ENSMUSG00000029070"
74.7714290195377,-2.49448426561203,0.390379603673169,1.83057942703013e-11,8.92695383858489e-11,"ENSMUSG00000040562"
398.309618019993,1.34732107693549,0.20665762720456,1.83752754917211e-11,8.9581531732326e-11,"ENSMUSG00000059498"
2590.60199062114,-0.50258032839724,0.0752148688297732,1.84274248538092e-11,8.9808868793505e-11,"ENSMUSG00000024400"
1399.04840890961,0.747035430295216,0.112594270891817,1.87877664715358e-11,9.15164069200857e-11,"ENSMUSG00000033705"
33.6736806215389,2.63695830818531,0.41142949250273,1.8789030097489e-11,9.15164069200857e-11,"ENSMUSG00000071362"
205.57682201588,1.10025897826595,0.167739294743871,1.90636428975145e-11,9.28261977522407e-11,"ENSMUSG00000069170"
3358.72610515933,-0.480910804857254,0.0720211346802633,1.93908049191347e-11,9.43910055244241e-11,"ENSMUSG00000001016"
327.194642690424,0.883359387743211,0.133806644935367,1.94037191367412e-11,9.44256323192449e-11,"ENSMUSG00000034445"
978.174369829939,0.530565897648057,0.0795182675716283,1.94291815293653e-11,9.45212842005405e-11,"ENSMUSG00000026749"
1858.16225079658,-0.657288163020559,0.0988757944722957,1.94700053158768e-11,9.46915884469202e-11,"ENSMUSG00000094870"
39099.0345077457,1.02574387404678,0.155920935546264,1.95122037529244e-11,9.48684745191469e-11,"ENSMUSG00000052727"
3393.89253504292,-0.739949883422929,0.111602425869992,1.96737764660286e-11,9.56254802370896e-11,"ENSMUSG00000040054"
373.976018527202,0.884899427359302,0.133995006150577,1.99194519078696e-11,9.67906979571049e-11,"ENSMUSG00000046793"
336.212516164105,-0.865632483959558,0.13112319027568,2.02661060269243e-11,9.84457397512006e-11,"ENSMUSG00000029627"
2169.36183217466,0.633200361426978,0.0953045333601373,2.0919174464887e-11,1.01587804874532e-10,"ENSMUSG00000033653"
856.980722785452,2.52545587093119,0.398090270800188,2.10380338925367e-11,1.0213454091939e-10,"ENSMUSG00000024112"
2804.22910883384,-0.535857637844269,0.0805049282873169,2.11407609316985e-11,1.02602655469943e-10,"ENSMUSG00000038848"
57.8638083979802,-1.97987024137267,0.30844318016222,2.14438017127957e-11,1.04042385776718e-10,"ENSMUSG00000024529"
85.1035902614556,1.51504077815737,0.234520127644321,2.17786611726574e-11,1.05635591945327e-10,"ENSMUSG00000003283"
603.574516695884,-0.585298871902528,0.0881093987177885,2.18552962503563e-11,1.05975726054007e-10,"ENSMUSG00000002109"
9614.05516786327,-0.548143324203233,0.0824691397744471,2.20368075306255e-11,1.06824047940298e-10,"ENSMUSG00000028484"
3118.29143511175,-0.85124832369439,0.129174102937142,2.21721798214881e-11,1.07448271251618e-10,"ENSMUSG00000034731"
21.3671552620955,-4.23938112156678,0.65642557262816,2.22890073872469e-11,1.0798228043143e-10,"ENSMUSG00000037161"
4183.9361596586,-1.42444580728428,0.220270112797836,2.26698074737721e-11,1.09794443932777e-10,"ENSMUSG00000034275"
120.410037017432,-1.36163515189847,0.209998529815856,2.27020924155349e-11,1.09918102421201e-10,"ENSMUSG00000031520"
158.580035430398,1.28600285998955,0.197885850360061,2.28756497531864e-11,1.10725491133621e-10,"ENSMUSG00000036218"
6355.33162563886,0.506229391751244,0.0761266573121287,2.31715188508483e-11,1.12105849922862e-10,"ENSMUSG00000046844"
2807.70236691298,-0.868509136675094,0.132015660369242,2.31746028375986e-11,1.12105849922862e-10,"ENSMUSG00000068284"
38902.9864360677,-0.692212336832703,0.104034151034677,2.3232578921691e-11,1.12352917316484e-10,"ENSMUSG00000029467"
750.67339254562,1.22518106686439,0.188373302583138,2.3486595493651e-11,1.13547609576968e-10,"ENSMUSG00000045917"
21676.2413722529,-0.972299330371306,0.148392621434722,2.40982829988113e-11,1.16470264446155e-10,"ENSMUSG00000030302"
573.196119783484,0.919446718934792,0.140153028353245,2.43959995039126e-11,1.17874170354613e-10,"ENSMUSG00000029468"
39.6121432572441,2.73118359853018,0.42543233635076,2.45030825530291e-11,1.1835643258107e-10,"ENSMUSG00000091996"
2079.68852796288,0.734306083962201,0.111287901833417,2.49416725364421e-11,1.2043920069659e-10,"ENSMUSG00000060206"
178.663653299117,1.89016212309324,0.295757127817316,2.52582598838901e-11,1.21931777695719e-10,"ENSMUSG00000034686"
444.998787081385,-0.914541627939884,0.139411717889928,2.5284818070311e-11,1.22023797375785e-10,"ENSMUSG00000028980"
704.365177647702,0.803983848977242,0.122078434631163,2.53294562373907e-11,1.22202990110328e-10,"ENSMUSG00000022003"
45.0949074860546,-1.98146051279528,0.310070902517726,2.53498446772574e-11,1.22265117527821e-10,"ENSMUSG00000083744"
795.503541742629,0.722808363522057,0.109545112223859,2.55032283903363e-11,1.22968469116675e-10,"ENSMUSG00000010154"
1225.34893707711,0.802536593095023,0.121951239980059,2.57859155011945e-11,1.24294679457638e-10,"ENSMUSG00000028780"
380.57445602396,-1.12246482834006,0.172598256196974,2.58239942359355e-11,1.24441378973522e-10,"ENSMUSG00000096916"
754.154825909376,-0.673086405878018,0.101990802926338,2.63902639761981e-11,1.27132499853374e-10,"ENSMUSG00000008822"
1112.41752966615,0.897066467361993,0.136674974133007,2.67507540425597e-11,1.28830998315026e-10,"ENSMUSG00000039546"
175.648884281223,-1.31334259586138,0.203484995274527,2.7039854512661e-11,1.30184783128393e-10,"ENSMUSG00000078937"
3529.59920759057,-0.439392665372414,0.0662398314948384,2.71172195978354e-11,1.30518657780474e-10,"ENSMUSG00000020572"
2053.06778777595,0.510837608649393,0.0771378590889415,2.77086708209373e-11,1.33325966190723e-10,"ENSMUSG00000022867"
37.8555326485983,-2.60355571126321,0.412030035792364,2.79065555564075e-11,1.34238448979669e-10,"ENSMUSG00000045725"
1299.45311405502,0.768330586369679,0.1168483967919,2.81151403606254e-11,1.35201847796236e-10,"ENSMUSG00000054708"
1190.8981704288,0.637133081691312,0.0965422262254955,2.8179600394461e-11,1.35471806031021e-10,"ENSMUSG00000039195"
3629.88125246644,0.647769281057815,0.0981030401296832,2.85011384336355e-11,1.36977127671308e-10,"ENSMUSG00000025137"
5498.3552037713,-0.780849296887686,0.118903508262185,2.86080680319349e-11,1.37450452014119e-10,"ENSMUSG00000027963"
141.244320013948,1.83427481288168,0.287360701727423,2.86486565555824e-11,1.37604848454343e-10,"ENSMUSG00000020399"
4509.12780757934,-0.814803575753045,0.124230404840957,2.86807542592202e-11,1.37718382841176e-10,"ENSMUSG00000056158"
7729.25011723794,0.4888658069921,0.0741850101970177,2.87259323734145e-11,1.37894640865361e-10,"ENSMUSG00000025228"
764.218880468584,-0.566599845769487,0.0857968133004427,2.89212743824539e-11,1.38791422287024e-10,"ENSMUSG00000047603"
2306.38249151951,0.799481120530654,0.121827246180718,2.90665764504293e-11,1.39447607267931e-10,"ENSMUSG00000067279"
1609.63456084887,-0.770938356874999,0.117464750012379,2.91727529986666e-11,1.3987454294913e-10,"ENSMUSG00000034265"
90.6764954060779,1.7188115568013,0.268765553847334,2.91672268928093e-11,1.3987454294913e-10,"ENSMUSG00000081683"
1095.17064162465,0.763136812259538,0.116170534708993,2.96199182234339e-11,1.419767458307e-10,"ENSMUSG00000029119"
127.03440171822,1.32750468127221,0.205544856014071,2.96940017315865e-11,1.42289950010823e-10,"ENSMUSG00000037610"
904.597360660804,0.960024563935123,0.147125585079847,2.97051888517841e-11,1.42301666900925e-10,"ENSMUSG00000041660"
223.475936446091,0.953278929371646,0.146120877617217,3.01447607229698e-11,1.44364935289351e-10,"ENSMUSG00000066442"
528.787188137781,0.845662876157601,0.129217340588383,3.02662125013961e-11,1.44903943264037e-10,"ENSMUSG00000037278"
1667.69087964508,0.609250958033379,0.0924250211371321,3.06129689017944e-11,1.46520996113911e-10,"ENSMUSG00000028550"
1224.78592883651,-0.497357969437811,0.0752790453996643,3.06903648167972e-11,1.46848253523758e-10,"ENSMUSG00000003808"
659.96696931231,-0.877813402754001,0.13430611953588,3.11291425992558e-11,1.4890396216006e-10,"ENSMUSG00000035266"
2381.62006273713,-0.665949166679805,0.101327962230373,3.20979979241677e-11,1.53493304996945e-10,"ENSMUSG00000047466"
1611.0641570568,0.881539938500671,0.135085902554583,3.2990267747276e-11,1.57713826252616e-10,"ENSMUSG00000032087"
5804.03312171185,-0.647140867989941,0.0985148578038135,3.3466731824368e-11,1.5994464493161e-10,"ENSMUSG00000027177"
2492.45171179729,-0.450920935654196,0.0683157414278799,3.35141686414049e-11,1.60124343159609e-10,"ENSMUSG00000005687"
115.707502808177,1.53170013857109,0.240000505928354,3.37237249506714e-11,1.61078284843612e-10,"ENSMUSG00000023052"
3360.51859616157,0.722981965318262,0.110294077304092,3.3913023474817e-11,1.61934935794389e-10,"ENSMUSG00000031700"
10442.832254046,-0.629815911834218,0.0958686722166574,3.39887361032252e-11,1.62248869879267e-10,"ENSMUSG00000028180"
1553.76540345001,-4.90872660142369,0.787412890226503,3.42408740507423e-11,1.63404558134853e-10,"ENSMUSG00000078816"
16863.4798698716,-0.455707480483047,0.0691007501975201,3.44670631808107e-11,1.64435772115251e-10,"ENSMUSG00000033065"
1487.60630353871,-0.498314345151219,0.0756148041668018,3.45225503671428e-11,1.64652234068664e-10,"ENSMUSG00000044018"
1180.86793665503,-0.660303950088253,0.100658270958405,3.48497173940960e-11,1.66163942513502e-10,"ENSMUSG00000022114"
1575.31045205705,-0.51242032620584,0.0778488432365116,3.57428227050642e-11,1.7037237715755e-10,"ENSMUSG00000041229"
3944.90556707326,-0.375957617284361,0.0569699847434639,3.61089738609387e-11,1.72067294059824e-10,"ENSMUSG00000006134"
1996.65926535617,0.551592642983137,0.0838762483176801,3.62976740814757e-11,1.72915873192351e-10,"ENSMUSG00000026510"
7851.42828555408,-0.489505284338361,0.0743786910460562,3.64780613664125e-11,1.73724365980826e-10,"ENSMUSG00000032064"
1635.72626403196,-0.660684515596541,0.100748126585328,3.68419177149137e-11,1.75405889606132e-10,"ENSMUSG00000041923"
27.5086175417013,2.6788812363608,0.425221641693282,3.73836665654397e-11,1.77933135775505e-10,"ENSMUSG00000034209"
254.166630996008,1.21586947396667,0.189046878108776,3.80139661768102e-11,1.80880251805354e-10,"ENSMUSG00000019734"
14606.1201029826,0.557277342857621,0.0848857723985588,3.84638490526626e-11,1.82967426908019e-10,"ENSMUSG00000008734"
2274.35035774782,-0.912578329076641,0.140983669028165,3.91092342631379e-11,1.85983089493239e-10,"ENSMUSG00000034059"
1886.06607203813,0.426873753401144,0.0648573919123273,3.92613654136992e-11,1.86652016998889e-10,"ENSMUSG00000030805"
2319.76408994441,-0.905735606568956,0.139562090577047,3.95387671023915e-11,1.8791592726795e-10,"ENSMUSG00000039860"
796.543463847505,-0.839700820766806,0.129130784992869,3.98645002838772e-11,1.8940873777611e-10,"ENSMUSG00000004626"
3690.2345482679,-0.740386403480019,0.113602590112524,3.99173035699487e-11,1.89604279985884e-10,"ENSMUSG00000029250"
1174.69076511875,0.553765249441289,0.0844110230292739,3.99868554339448e-11,1.89879239426416e-10,"ENSMUSG00000053716"
849.328189205939,-0.724106158989598,0.111009968678146,4.10155288614063e-11,1.94707138759397e-10,"ENSMUSG00000023942"
62.4320236258371,1.68688596699329,0.266162218327661,4.21439857113998e-11,2.00005772422789e-10,"ENSMUSG00000061132"
363.530022354791,1.43214876641059,0.225100003879452,4.3115152250332e-11,2.04555070921278e-10,"ENSMUSG00000039116"
601.276880851891,0.759134842542307,0.116667585716173,4.44116977134561e-11,2.10644992826235e-10,"ENSMUSG00000057778"
54.7366535714797,1.77999662793448,0.282069133277692,4.44575133768887e-11,2.10800874672005e-10,"ENSMUSG00000042784"
6348.78695357051,-0.513555328909472,0.0784187495733204,4.47765315310752e-11,2.12251712365417e-10,"ENSMUSG00000005442"
529.003697995459,0.870805296244201,0.134253684731585,4.49265383465028e-11,2.12900783465611e-10,"ENSMUSG00000066189"
121.280211106848,2.08452793620125,0.332007743461367,4.57183498451131e-11,2.16590017106738e-10,"ENSMUSG00000007122"
1490.04961159939,-0.574613989235575,0.0879313804556668,4.60520223445172e-11,2.1810730861916e-10,"ENSMUSG00000034154"
830.947927228376,-0.636930919912013,0.0976815715759377,4.66015486293256e-11,2.20581566905543e-10,"ENSMUSG00000037526"
1744.18818907522,-0.611707214691457,0.0937678404504145,4.65905116728297e-11,2.20581566905543e-10,"ENSMUSG00000042557"
690.642617744436,1.42926756161401,0.224765128551416,4.66243825362979e-11,2.20625493873795e-10,"ENSMUSG00000050315"
1108.67031238976,0.829677712127331,0.12786719049131,4.66490019595733e-11,2.20677841876761e-10,"ENSMUSG00000021385"
103.016086611338,-1.47795030518635,0.233080801818897,4.76071535006179e-11,2.25145044939877e-10,"ENSMUSG00000020940"
1538.95041902302,-0.634455729263479,0.0973533394872554,4.79863644836896e-11,2.26872506844467e-10,"ENSMUSG00000028496"
1446.96136079993,-0.56521851916198,0.0865905492188186,4.82786116032156e-11,2.28187932542725e-10,"ENSMUSG00000041057"
1043.49106056141,0.696108933596941,0.106988626581789,4.86889591224432e-11,2.3006063181281e-10,"ENSMUSG00000019433"
20761.7888650809,-0.37013125892813,0.0564739365305596,4.89413388701905e-11,2.31186045887684e-10,"ENSMUSG00000058254"
2055.62669490305,0.604739986738533,0.0927249503087353,4.93490233693184e-11,2.33044213056503e-10,"ENSMUSG00000023452"
483.864757738834,0.857329772110834,0.13245743094431,4.95979092365774e-11,2.34151614429526e-10,"ENSMUSG00000000296"
340.59262447977,2.13837718366107,0.3420479513847,5.00457395726353e-11,2.36197317704656e-10,"ENSMUSG00000021721"
214.300096207554,1.5955841383583,0.252394716561492,5.07658560901201e-11,2.39526552299993e-10,"ENSMUSG00000051726"
4060.56465291884,0.645468194718825,0.0990333063036301,5.16176020990821e-11,2.43474739776545e-10,"ENSMUSG00000031918"
1060.88476613227,-0.659171653461403,0.101387660158099,5.17230788168552e-11,2.43901586610883e-10,"ENSMUSG00000056260"
940.57665673416,-0.489541045618549,0.0749769227430717,5.2116889088006e-11,2.45687437177689e-10,"ENSMUSG00000021635"
103.131680716793,1.61622133917697,0.255906316262312,5.32826874622794e-11,2.51110476696868e-10,"ENSMUSG00000075593"
768.842570680947,-0.506706831246219,0.0776797608782998,5.34471514950022e-11,2.51739795149203e-10,"ENSMUSG00000037325"
1537.61711113504,1.30748861706821,0.205457811867579,5.34404784063016e-11,2.51739795149203e-10,"ENSMUSG00000037843"
1573.57608770202,-0.87448240165879,0.13557426901568,5.41388249616617e-11,2.54923862518348e-10,"ENSMUSG00000030203"
4019.18972324625,-0.722584013563904,0.1114574432207,5.42692340389725e-11,2.5546402304407e-10,"ENSMUSG00000020189"
1087.31574296096,0.705360349148267,0.10871944552237,5.49271863623923e-11,2.58486481528483e-10,"ENSMUSG00000033862"
1375.22473467759,-0.547099563437992,0.0840210337480724,5.49991817279399e-11,2.58750485597516e-10,"ENSMUSG00000041126"
1963.1503851116,-0.717157670823857,0.110637203138813,5.53316311377521e-11,2.60239321485215e-10,"ENSMUSG00000063334"
1454.33725405592,0.538214199919647,0.0826239832419061,5.56969091841567e-11,2.6188165444821e-10,"ENSMUSG00000023973"
578.557503752326,-0.659808550843551,0.101688769154637,5.5753710204449e-11,2.62073027637315e-10,"ENSMUSG00000032251"
163.507311413766,-1.09814587474738,0.171924007786815,5.57852778793616e-11,2.62145714007e-10,"ENSMUSG00000055150"
1052.37266964465,-0.810010450009392,0.125399437711624,5.59061657449049e-11,2.62637969984289e-10,"ENSMUSG00000029287"
7228.90528898431,-0.770492523730968,0.119169191532916,5.66019024687524e-11,2.65753033858192e-10,"ENSMUSG00000022710"
292.857361882705,-0.811390272138304,0.125667016877322,5.65872051599167e-11,2.65753033858192e-10,"ENSMUSG00000030424"
2770.45270773676,-0.603872992781818,0.0929406222351263,5.72494299704524e-11,2.68707543569248e-10,"ENSMUSG00000047030"
10840.9459266284,-0.544884440043974,0.0839386804670066,5.72641890061262e-11,2.68707543569248e-10,"ENSMUSG00000063015"
28.0614081504807,3.38844848436336,0.548255864307731,5.81655163152302e-11,2.72858292385971e-10,"ENSMUSG00000042448"
82.4029999875039,2.04057868952542,0.329493225402186,5.83391241390296e-11,2.73593852703867e-10,"ENSMUSG00000019122"
22.8465032965279,2.98377300029971,0.47744409674706,5.86464973589815e-11,2.74956130187068e-10,"ENSMUSG00000040728"
645.710320316953,-0.540815365565561,0.0831665150097952,5.95822056516899e-11,2.79262638525254e-10,"ENSMUSG00000004934"
615.299533864212,-0.638803310775658,0.0985135539768072,5.98668984495744e-11,2.80516227104828e-10,"ENSMUSG00000045201"
916.841776935322,1.13214015582438,0.177488408865456,6.01103863223013e-11,2.81576077281848e-10,"ENSMUSG00000024981"
3715.80378798052,0.431236503296581,0.0661811774059982,6.08835131764281e-11,2.85115600542548e-10,"ENSMUSG00000034290"
189.00021043765,1.57842923330409,0.251102325116509,6.11881760838142e-11,2.8645991667884e-10,"ENSMUSG00000056752"
121.652192906433,1.82747648758553,0.291727921310098,6.22864807024768e-11,2.91517922045692e-10,"ENSMUSG00000047228"
1077.64931876547,-0.59960043444821,0.0925307522542115,6.30052569596664e-11,2.94797232765004e-10,"ENSMUSG00000020260"
4883.4134896127,-0.396779326358051,0.0609191282370773,6.31470423033957e-11,2.95375734084677e-10,"ENSMUSG00000030029"
57.9886366136893,2.02186759044458,0.323929552529378,6.32407030834408e-11,2.95728860899813e-10,"ENSMUSG00000022715"
3633.84299460297,-0.623859352554607,0.0963223810284471,6.37840422904908e-11,2.98183986331019e-10,"ENSMUSG00000051451"
4437.7668886853,0.597214603022692,0.0921380926760958,6.44371326038033e-11,3.01150630067387e-10,"ENSMUSG00000056413"
14432.9804647525,0.527054645780984,0.0812017876926526,6.45487926313253e-11,3.01585891633959e-10,"ENSMUSG00000032118"
802.343633048759,0.688276287097826,0.106490729655492,6.47121648315876e-11,3.02262444513223e-10,"ENSMUSG00000020701"
2040.54986999119,-0.517953118037188,0.0798198835293409,6.69005382278024e-11,3.12394423772853e-10,"ENSMUSG00000017943"
5145.96526431113,-0.366924587827488,0.0564651064024616,6.78030877662087e-11,3.16518113753469e-10,"ENSMUSG00000038065"
7541.19017087218,0.791670222114904,0.122981879973402,6.89126553972061e-11,3.216036920553e-10,"ENSMUSG00000046240"
82.4410678154207,1.58566049147165,0.25281261071397,6.89320114007214e-11,3.216036920553e-10,"ENSMUSG00000055069"
6887.23650629504,-0.646853304760524,0.100178384226304,6.97590817425092e-11,3.25369149743428e-10,"ENSMUSG00000042751"
47.8583517314263,2.63314644695318,0.426954226797571,7.05820314295784e-11,3.29113236210449e-10,"ENSMUSG00000059898"
1205.8491527028,1.02181675605297,0.160136580612387,7.07261326272356e-11,3.29690717899811e-10,"ENSMUSG00000031503"
991.727892323882,0.636298243121384,0.0985519926005942,7.23071059394633e-11,3.36963948033949e-10,"ENSMUSG00000004698"
375.60542607835,0.911008873205261,0.142329542274103,7.2787955583602e-11,3.39107710643925e-10,"ENSMUSG00000041343"
7057.76252469902,-0.841655781157861,0.131228791370753,7.3098701523412e-11,3.40457986666123e-10,"ENSMUSG00000055531"
3372.39705195256,-0.507045904317436,0.0783103427191657,7.31709121511888e-11,3.40696827230278e-10,"ENSMUSG00000030682"
1870.88851166764,-0.5000300512393,0.0772048582023662,7.35460279722667e-11,3.423455085309e-10,"ENSMUSG00000023110"
2017.86038681539,0.416699803915248,0.064224427669836,7.42738626120857e-11,3.45634629959843e-10,"ENSMUSG00000020476"
694.05070102664,0.65647668111121,0.101806666979972,7.49354764793462e-11,3.48613799980222e-10,"ENSMUSG00000035158"
148.215172996234,1.40863513506006,0.223629526999482,7.52074666593079e-11,3.49779183508633e-10,"ENSMUSG00000027490"
70.2595515955329,-3.41304464103924,0.557689462144837,7.54944100258665e-11,3.5101342656414e-10,"ENSMUSG00000055368"
27.0347513617603,2.928114175026,0.473779677766847,7.60132422567059e-11,3.53324830798018e-10,"ENSMUSG00000026398"
4747.20869079148,0.554617170761233,0.0857695820112794,7.6127270538189e-11,3.5375384236958e-10,"ENSMUSG00000043004"
3978.35015145045,-0.595285681856506,0.0923379118288231,7.63299013339262e-11,3.5450421180388e-10,"ENSMUSG00000000838"
3102.29902432865,-0.467901980443847,0.072268653981636,7.63323050972232e-11,3.5450421180388e-10,"ENSMUSG00000022214"
5110.71274953115,0.469387300200046,0.0725062888935148,7.77448520301398e-11,3.60755616119332e-10,"ENSMUSG00000023118"
3059.37340413825,0.631249688757863,0.097891034210242,7.77225318254011e-11,3.60755616119332e-10,"ENSMUSG00000045515"
1425.58256892726,-0.650349415051793,0.101041021676834,7.77419825107963e-11,3.60755616119332e-10,"ENSMUSG00000046562"
3421.68176906982,-0.620913180073123,0.0963221048510212,7.81518124773599e-11,3.62540667855932e-10,"ENSMUSG00000114797"
237.061632681603,-0.889523322177438,0.139120434922543,7.82293843319604e-11,3.62797127679673e-10,"ENSMUSG00000039754"
21.6180462203634,-4.35867669966126,0.700821165442664,7.84491070239582e-11,3.63712493345483e-10,"ENSMUSG00000063975"
1518.3556900463,1.09247673584201,0.172049169607066,7.85257799345545e-11,3.63964306883451e-10,"ENSMUSG00000025915"
465.813310481985,-1.61593024385069,0.258736275853469,7.87953369368984e-11,3.651097337486e-10,"ENSMUSG00000023224"
2459.75724133615,-0.593296673349158,0.0919673016226626,7.88236966032809e-11,3.65137203559535e-10,"ENSMUSG00000022075"
41.7211940274766,2.39897215517119,0.388896033878377,7.963941744357e-11,3.68810935176795e-10,"ENSMUSG00000024210"
2342.00959555588,0.629961589392844,0.0977579612328872,7.99639521170751e-11,3.70208535995946e-10,"ENSMUSG00000022568"
556.389739076322,-1.01841725652637,0.160248601341226,8.17162395510068e-11,3.78213519309437e-10,"ENSMUSG00000043415"
47159.8040256315,0.687268287542412,0.107237611252357,8.30253779812483e-11,3.84163474354395e-10,"ENSMUSG00000062591"
131.938786266016,1.72757274311265,0.277157505904381,8.38900906680492e-11,3.88054247199348e-10,"ENSMUSG00000028755"
5177.60935041247,0.70235167719504,0.10922188037159,8.47498042319839e-11,3.91919691275067e-10,"ENSMUSG00000038740"
77.894038169487,1.94438615201659,0.314107982413962,8.52829316505137e-11,3.94273093270963e-10,"ENSMUSG00000031340"
1739.6025256365,0.639003167569776,0.0993924723711973,8.74360914206183e-11,4.04112633771955e-10,"ENSMUSG00000039474"
25.1707793432184,3.26593759655883,0.531240661733515,8.76079429518969e-11,4.04791965759573e-10,"ENSMUSG00000113110"
1851.09309558681,0.516844285203415,0.0801339081537069,8.77632409652063e-11,4.05394448476625e-10,"ENSMUSG00000053291"
7056.20340110354,0.849879918759824,0.133075437908293,8.78589325339436e-11,4.05721334407811e-10,"ENSMUSG00000037972"
1553.04196386834,-0.586479924859199,0.0912037676682237,8.9072453663331e-11,4.11208565153631e-10,"ENSMUSG00000033909"
1806.37699020009,-0.459288628043302,0.0711334266342885,8.95596879644791e-11,4.13340686329966e-10,"ENSMUSG00000071646"
963.471128998265,0.779869621470781,0.121896168885398,8.99754697324171e-11,4.15141920721169e-10,"ENSMUSG00000015217"
1873.87177936055,-0.70196485467237,0.109586963654919,9.24699808131449e-11,4.2653056040702e-10,"ENSMUSG00000023830"
1801.4660099146,-0.548598247305198,0.0852673644387651,9.27756064476857e-11,4.27819071318818e-10,"ENSMUSG00000038248"
1013.90847486925,-0.757853867907304,0.118555363791978,9.28355888744035e-11,4.27853260390017e-10,"ENSMUSG00000028672"
1015.02418936577,0.938793183660937,0.147664408440191,9.28316785027209e-11,4.27853260390017e-10,"ENSMUSG00000042616"
3998.38669229858,-0.871902892207283,0.136925383552854,9.30433383612718e-11,4.2868934668689e-10,"ENSMUSG00000029361"
5498.50334020758,-0.411742022151136,0.0638446219423457,9.32892845623985e-11,4.29700898162627e-10,"ENSMUSG00000068882"
1060.23139608689,0.51638160468083,0.0801902346549869,9.3448552382107e-11,4.30312739936616e-10,"ENSMUSG00000073468"
1660.81511661297,-0.739017107712614,0.115569765115121,9.39251001593399e-11,4.32384836084201e-10,"ENSMUSG00000023852"
1619.93412264687,0.68228397846077,0.106456530484966,9.44460604513098e-11,4.34660156071931e-10,"ENSMUSG00000066643"
1860.08561416574,0.680670388303524,0.106267443274159,9.58450699582782e-11,4.40974010395945e-10,"ENSMUSG00000044768"
27.3113419257233,-2.73453640788394,0.449356833258196,9.67431124098566e-11,4.44980046286421e-10,"ENSMUSG00000034990"
2654.70223885172,0.800564792678459,0.125537963251285,9.89704009612403e-11,4.55096097979398e-10,"ENSMUSG00000036985"
3156.23862614638,-0.576042593780351,0.0897951511367529,1.0100832483112e-10,4.643359253321e-10,"ENSMUSG00000034111"
80.9242487420656,1.3534803592325,0.216192073534316,1.02915130628789e-10,4.72967954933772e-10,"ENSMUSG00000044566"
660.715731926056,-0.955653555402984,0.150905254997229,1.03157678553605e-10,4.7394882627592e-10,"ENSMUSG00000052446"
4007.19506043911,-0.441061866394912,0.0685638291099267,1.03608888689985e-10,4.75887553638704e-10,"ENSMUSG00000034820"
58.2450318292428,1.82867019582077,0.296129617620298,1.03648790411517e-10,4.75936533235167e-10,"ENSMUSG00000040495"
180.977218898131,1.23935596882154,0.197493757871753,1.04485156404659e-10,4.79641673986195e-10,"ENSMUSG00000025170"
1236.67629263267,0.984998088897632,0.155752619325273,1.05691814257706e-10,4.85044080204943e-10,"ENSMUSG00000020961"
196.277562958012,1.10325317876444,0.174975863622549,1.06203819787847e-10,4.87119126093708e-10,"ENSMUSG00000044813"
843.072138601376,-0.583124844215435,0.0910338713732193,1.06197206616091e-10,4.87119126093708e-10,"ENSMUSG00000059013"
378.75384884629,-0.659182720289614,0.103218371379776,1.09375337946272e-10,5.01524436926598e-10,"ENSMUSG00000060397"
42.526399007875,2.53747202408413,0.415121691459404,1.09685436150784e-10,5.02804711253861e-10,"ENSMUSG00000022479"
900.275106225118,-0.698472327809053,0.109499805581634,1.1078196340469e-10,5.07688288373181e-10,"ENSMUSG00000046404"
388.798888694178,0.729937672619524,0.114483496936734,1.11566872912812e-10,5.11141445897765e-10,"ENSMUSG00000047250"
128.370218860529,1.17477551851232,0.187382703014868,1.12053868247482e-10,5.13228156255631e-10,"ENSMUSG00000059883"
1068.14763027429,0.579142375826997,0.090455501479995,1.12086378201662e-10,5.13232648204403e-10,"ENSMUSG00000008305"
4126.50836152336,0.4307821047414,0.0670754910427411,1.13204506045464e-10,5.18206678686181e-10,"ENSMUSG00000001891"
4536.12698460293,0.795860194897669,0.125159164347295,1.13608972158469e-10,5.19911961989192e-10,"ENSMUSG00000060803"
99.4851195700561,1.41298289420172,0.227238105651416,1.14284808085248e-10,5.22857815067921e-10,"ENSMUSG00000040751"
43.6486305805923,1.98746351156015,0.324435927918801,1.16381693130048e-10,5.3215202268846e-10,"ENSMUSG00000017716"
1696.92601346443,-0.425022264032197,0.066222538816102,1.16358720080805e-10,5.3215202268846e-10,"ENSMUSG00000022684"
14.4278855017206,8.24837906625413,2.69044487643738,1.17139852139516e-10,5.35468271026973e-10,"ENSMUSG00000076615"
363.758344406731,0.72517449994112,0.113933124706883,1.18660855368513e-10,5.42268782618939e-10,"ENSMUSG00000038954"
9589.54080503576,0.800100155782592,0.125962347749327,1.18805918282429e-10,5.42779325793259e-10,"ENSMUSG00000036585"
3761.7460265782,-0.501133530237019,0.0783000011658676,1.1887475889864e-10,5.42941449313148e-10,"ENSMUSG00000031601"
963.764876211176,-0.584079984435104,0.0914635196025355,1.20639818856883e-10,5.50848519313418e-10,"ENSMUSG00000042348"
13.7802346162974,8.18341386287256,2.67810151477878,1.20749619006323e-10,5.51195260287416e-10,"ENSMUSG00000101298"
647.322272167202,1.54783676127057,0.250019224186489,1.20828488363109e-10,5.51400654212136e-10,"ENSMUSG00000089945"
108.800754888464,1.49688476490883,0.241443607113364,1.21487206709776e-10,5.54251331508331e-10,"ENSMUSG00000039529"
29840.0118145572,-0.402222149993337,0.0627820625974778,1.21787693261716e-10,5.55466537101209e-10,"ENSMUSG00000016349"
147.626681683318,1.40442995432951,0.225925840635574,1.23273940003221e-10,5.62087729796198e-10,"ENSMUSG00000030124"
3297.70223997849,0.934284308259775,0.147900995203861,1.24303781681627e-10,5.66624743268979e-10,"ENSMUSG00000055322"
4890.46564134039,-0.763716112245699,0.119628320454712,1.25547196942152e-10,5.72132494911634e-10,"ENSMUSG00000027298"
5041.5438967736,-0.475758710932432,0.0743836534139084,1.2577375994106e-10,5.73004552006877e-10,"ENSMUSG00000020994"
500.91962260758,-1.05994223473795,0.168889675210279,1.27320034753443e-10,5.79886828683981e-10,"ENSMUSG00000047415"
789.554218700946,-0.890071442963644,0.140939698455923,1.27754584957617e-10,5.81703254248974e-10,"ENSMUSG00000020472"
4668.68013447802,0.502889127634669,0.0788170227544641,1.30004694957979e-10,5.91783116478183e-10,"ENSMUSG00000038633"
206.150213140549,1.26759667450773,0.203627113738445,1.32947472572137e-10,6.05009493578207e-10,"ENSMUSG00000035778"
57.2955198852477,1.79416172810201,0.291635790169766,1.34707140673988e-10,6.12845957487754e-10,"ENSMUSG00000039153"
366.516693492757,0.976552118616869,0.155176634626197,1.35880497668952e-10,6.18011383362725e-10,"ENSMUSG00000000295"
4137.01739039214,1.23274447039489,0.198029135145734,1.36685776843799e-10,6.21500300408761e-10,"ENSMUSG00000021983"
1933.45361559586,-0.617791792946227,0.0971921011272628,1.37658622275552e-10,6.25748967718915e-10,"ENSMUSG00000018363"
63.8304086601353,1.73098001117352,0.281446242443054,1.38143106048667e-10,6.27775957638249e-10,"ENSMUSG00000025355"
118.485164773138,1.30858817978164,0.210426968170994,1.40566585128465e-10,6.38610905029626e-10,"ENSMUSG00000046318"
4676.25369576439,-0.731093903662795,0.115588471515164,1.42097265620168e-10,6.45384846474638e-10,"ENSMUSG00000020590"
28.9399361505691,2.68839735516628,0.443387137043093,1.42574054474021e-10,6.47369723494594e-10,"ENSMUSG00000104651"
7927.32254508051,-0.752892293632011,0.117787587026539,1.44956975177979e-10,6.58006035121904e-10,"ENSMUSG00000021557"
35.9900215960252,-2.37041498099859,0.389576707210637,1.45474345900928e-10,6.60170449560999e-10,"ENSMUSG00000026638"
537.352788191244,-0.785349213485572,0.124328088711982,1.46648873803112e-10,6.65315041183685e-10,"ENSMUSG00000036986"
187.497013784074,1.58965964189025,0.258711406057432,1.47268748422471e-10,6.67941121989686e-10,"ENSMUSG00000020689"
1084.07870905651,0.634558464631342,0.0999513020969191,1.47868648869809e-10,6.70475171672075e-10,"ENSMUSG00000042460"
83.0890831244986,2.08431026788768,0.342613371108243,1.51348571164661e-10,6.860629466495e-10,"ENSMUSG00000044816"
862.585805536357,0.926929776517992,0.147509040602122,1.51468744162285e-10,6.86416541612938e-10,"ENSMUSG00000032679"
14417.1599533469,-0.580746289541973,0.0914202434648607,1.51635166859285e-10,6.86979472901597e-10,"ENSMUSG00000008153"
964.909712227019,-0.601841965217729,0.0948291107888823,1.51828678930227e-10,6.87664784537072e-10,"ENSMUSG00000045252"
4655.50665433634,0.56249544389639,0.0885067074370354,1.53742453065987e-10,6.96138984981399e-10,"ENSMUSG00000033769"
5040.54324112768,0.46454053770507,0.0729117142300196,1.53827246154789e-10,6.96329230508246e-10,"ENSMUSG00000027423"
1447.26568309637,-0.495606640630901,0.0778744803416585,1.54210957645204e-10,6.97872106908155e-10,"ENSMUSG00000049401"
268.682193453699,-0.842513826708542,0.133863816499954,1.54266637948964e-10,6.97930053511185e-10,"ENSMUSG00000020718"
243.703249802605,1.32765407209035,0.2143733073716,1.55275760042171e-10,7.02300311743945e-10,"ENSMUSG00000024076"
5759.77567688011,-0.755230042366133,0.119649703992153,1.56982355595413e-10,7.09821884550592e-10,"ENSMUSG00000040687"
255.857561065847,1.43040234676606,0.231625749444795,1.57440784954078e-10,7.11697055674113e-10,"ENSMUSG00000034226"
282.34816457979,1.16119747821688,0.186493099173742,1.57919688350632e-10,7.13663710986004e-10,"ENSMUSG00000046997"
281.623045015663,-0.920419906321204,0.146722997024768,1.59685615907383e-10,7.21443923325113e-10,"ENSMUSG00000059842"
894.098406079304,1.02359301760866,0.163780469521396,1.62804285543464e-10,7.35329678156632e-10,"ENSMUSG00000021256"
3886.3662540935,-0.692668997820221,0.10966609777951,1.6583924312738e-10,7.48829736373783e-10,"ENSMUSG00000020893"
415.666508101794,-0.698249490669127,0.110578858733281,1.66132981906799e-10,7.49948053100075e-10,"ENSMUSG00000025395"
1332.17196265471,-0.643505569589231,0.101734073344981,1.67809851900342e-10,7.57307670982469e-10,"ENSMUSG00000028518"
166.978835216478,1.62491445439671,0.264918369405456,1.68181739105368e-10,7.58775595664405e-10,"ENSMUSG00000040350"
172.981704039611,-0.911175734183007,0.145395364429476,1.69778375291723e-10,7.65766803269234e-10,"ENSMUSG00000057835"
1190.44043004757,-0.529146953446317,0.0834185425041765,1.69911511612655e-10,7.6615500998083e-10,"ENSMUSG00000064289"
12917.5256345478,0.58221443255675,0.0918972078726545,1.70133929714984e-10,7.66945474356274e-10,"ENSMUSG00000024780"
3118.76817481484,-0.764012355003477,0.121330173172213,1.75193671225547e-10,7.89535598064635e-10,"ENSMUSG00000034724"
584.81080898222,-1.19413372942268,0.192723696384573,1.78367612051782e-10,8.03616935781596e-10,"ENSMUSG00000033149"
586.081463673162,0.798343019429036,0.126957208372915,1.78446741837995e-10,8.03750986064991e-10,"ENSMUSG00000041014"
171.30488505254,0.971560668869879,0.15556195014367,1.7866713012879e-10,8.04521035750055e-10,"ENSMUSG00000020513"
173.249453079673,1.4513345335236,0.236495347978442,1.7991396884917e-10,8.09911389636833e-10,"ENSMUSG00000026389"
1549.38263573193,-0.572789957582044,0.0905790989522844,1.85404204854476e-10,8.34395810511796e-10,"ENSMUSG00000052751"
2643.81601628719,0.713528240031404,0.113310866306413,1.86335655654619e-10,8.38355943268626e-10,"ENSMUSG00000005514"
4237.10634031871,0.553763165251078,0.0875388720661425,1.86645774444304e-10,8.39519181100964e-10,"ENSMUSG00000034853"
3640.67316447837,0.56133340079621,0.0887431447415336,1.88214564057815e-10,8.46341622578209e-10,"ENSMUSG00000040659"
848.928620468344,-0.693208362045993,0.110084140053327,1.88670357009648e-10,8.4815688246425e-10,"ENSMUSG00000027014"
2654.63761224398,-0.443952894070065,0.0700188438206426,1.88868828683954e-10,8.48814686172669e-10,"ENSMUSG00000032633"
36.5518237577147,2.85391960201899,0.471954376357792,1.89716348190716e-10,8.52388273764413e-10,"ENSMUSG00000054003"
6162.1109499979,0.742044605368106,0.118035139522922,1.9494092714128e-10,8.75620422738895e-10,"ENSMUSG00000027457"
2692.2697653219,-0.837869656860282,0.133856080763942,1.96539419109125e-10,8.82556872898852e-10,"ENSMUSG00000024383"
885.085006637667,-0.572862929536678,0.0907217507111312,1.97556004973591e-10,8.86877178422535e-10,"ENSMUSG00000032239"
450.026493251751,-1.17227986748305,0.189663464022796,1.9824533757506e-10,8.89726386833973e-10,"ENSMUSG00000042909"
2450.28536269884,-0.695038162070252,0.1105237744723,1.98424633746361e-10,8.90285608633753e-10,"ENSMUSG00000033237"
429.05208280957,1.69838697117898,0.278950032848633,1.99101400462948e-10,8.9307594288671e-10,"ENSMUSG00000033249"
1367.35357080378,-0.713940049500104,0.113610192521505,2.00723745826585e-10,9.00104995747974e-10,"ENSMUSG00000022617"
1126.78186465448,0.709880152713291,0.112834957630879,2.01568295973619e-10,9.03643272337805e-10,"ENSMUSG00000024901"
773.19392867113,-0.882971313232003,0.141394345071883,2.03225436283498e-10,9.10821490039313e-10,"ENSMUSG00000002324"
626.697801117831,0.883633176166908,0.141391637523441,2.03745836776584e-10,9.12902485837938e-10,"ENSMUSG00000063171"
16581.5166724919,0.608282165094493,0.0964041331178656,2.04404298776479e-10,9.15600763754408e-10,"ENSMUSG00000037706"
40.6037004350539,3.04069806595419,0.50960197397851,2.07207919722869e-10,9.27903856189509e-10,"ENSMUSG00000091733"
2251.15507103956,-0.407644793086699,0.0644310254983466,2.07900521394623e-10,9.30749363933353e-10,"ENSMUSG00000026754"
5303.61538400224,-0.411288704373231,0.0650060916067341,2.07969019417239e-10,9.30800026965581e-10,"ENSMUSG00000015944"
4226.41726650797,-0.774704701536545,0.123667501459081,2.08312359250526e-10,9.32080424376049e-10,"ENSMUSG00000020070"
7384.35398402008,-0.559935544343248,0.0888011571097155,2.09342710932292e-10,9.36433264236287e-10,"ENSMUSG00000035798"
2843.37690080707,-0.775525640973307,0.123535197943108,2.09675907360806e-10,9.37666049455825e-10,"ENSMUSG00000035401"
1835.42177753744,0.479073906661013,0.0758336415525223,2.10193701608027e-10,9.39723448166842e-10,"ENSMUSG00000029592"
56.36390779878,-1.86683871340627,0.307985638931553,2.12170702015492e-10,9.48301671446509e-10,"ENSMUSG00000015467"
1121.860248666,-0.634340459635186,0.100844080321654,2.12319599738211e-10,9.48706682552456e-10,"ENSMUSG00000051306"
2642.92380371721,-0.40897517003309,0.064657884523218,2.14088765300073e-10,9.56192244201796e-10,"ENSMUSG00000014601"
2288.74728613732,0.626628765007293,0.0995820622679766,2.1411234366111e-10,9.56192244201796e-10,"ENSMUSG00000054920"
2430.36025841164,0.854866049200651,0.136885432843133,2.17011255412874e-10,9.6887252210937e-10,"ENSMUSG00000025597"
172.242947861736,1.29234529639098,0.210185180516203,2.24285586448257e-10,1.00107506887983e-09,"ENSMUSG00000024968"
881.64465067513,0.833034205869917,0.133410631701623,2.25711904440369e-10,1.00716512622816e-09,"ENSMUSG00000060530"
1964.96011608083,-0.50114805960103,0.0795038205562579,2.26374829373476e-10,1.009846388748e-09,"ENSMUSG00000024502"
336.951242677896,1.7471527081967,0.288329152898651,2.2806028505457e-10,1.01708638907351e-09,"ENSMUSG00000031344"
7408.12532874316,-0.54395343019558,0.0864696875711139,2.28313377670832e-10,1.01793622616429e-09,"ENSMUSG00000041570"
353.988092099742,0.791971276500181,0.126763665372304,2.29984858836609e-10,1.02510775797983e-09,"ENSMUSG00000026200"
87.9363645195534,-1.18510065548865,0.192352508538199,2.31242649169467e-10,1.03043193079129e-09,"ENSMUSG00000031273"
5161.71715308225,0.535206256256706,0.0849940344137779,2.32246485832346e-10,1.03462186545674e-09,"ENSMUSG00000026509"
161.382256561829,-0.954541064454267,0.153757382339937,2.32433870596996e-10,1.03517333668342e-09,"ENSMUSG00000029370"
11285.9230355573,0.370066152376796,0.0585840399557311,2.36291980629302e-10,1.05178038301443e-09,"ENSMUSG00000017631"
1881.64624598855,-0.402317750660669,0.063754673688718,2.36269205358125e-10,1.05178038301443e-09,"ENSMUSG00000037174"
379.494558712802,0.853196935327214,0.136988726603333,2.36483952448259e-10,1.05234712355188e-09,"ENSMUSG00000063632"
11881.7481546029,0.749370497354991,0.119811802703763,2.37142008789595e-10,1.05498705085461e-09,"ENSMUSG00000050711"
30.6633139529177,-2.51099260448495,0.421624922145672,2.38330760080932e-10,1.05998582311405e-09,"ENSMUSG00000058260"
436.353436000009,0.758699329675161,0.121444260619119,2.44463645915855e-10,1.08696509921286e-09,"ENSMUSG00000029249"
893.807815233284,-1.16726643556523,0.189899637342071,2.49744388630305e-10,1.11014176901259e-09,"ENSMUSG00000042851"
936.910181419919,-1.00260335980537,0.162178772557893,2.51419173427344e-10,1.11728127356001e-09,"ENSMUSG00000055884"
2516.28311029301,-0.782306959595208,0.125544372736878,2.53558945962502e-10,1.1264826753214e-09,"ENSMUSG00000011960"
6266.45716492798,0.672182435885514,0.10740178568343,2.54186448302536e-10,1.12896234801328e-09,"ENSMUSG00000053931"
177.147182606436,1.63210612182364,0.269214222667686,2.54362608382355e-10,1.12943659008401e-09,"ENSMUSG00000017737"
10946.346318802,0.712005517399908,0.113636339354132,2.55379603394185e-10,1.13364308264263e-09,"ENSMUSG00000037685"
613.180380724857,0.964273321937041,0.155694173759651,2.56540464850683e-10,1.13848573796058e-09,"ENSMUSG00000079592"
1012.80702130554,-1.06111842801324,0.17210198125681,2.60662295434776e-10,1.15646248162641e-09,"ENSMUSG00000050447"
4355.21909871302,-0.65789310640505,0.105235240974108,2.640918537708e-10,1.17135890890493e-09,"ENSMUSG00000052144"
237.075539503111,0.970936897985082,0.157077121101432,2.65680128458377e-10,1.17808257451524e-09,"ENSMUSG00000012126"
1073.78217722268,-0.584224478989887,0.0932697553460495,2.67822218873386e-10,1.18725764673774e-09,"ENSMUSG00000020659"
10057.0638274395,0.758806768213229,0.121762291699106,2.68226685219866e-10,1.18872692132017e-09,"ENSMUSG00000010663"
2999.04440754004,-0.447723671483506,0.0712586191170674,2.70664746228518e-10,1.19920542708433e-09,"ENSMUSG00000019861"
928.027212143845,0.62379823070622,0.0997002409081986,2.72835629625605e-10,1.20849479701921e-09,"ENSMUSG00000035049"
7073.90977282746,-0.631041473861667,0.10099452499902,2.74828792868447e-10,1.21699213555837e-09,"ENSMUSG00000022263"
14.4403721852301,-8.40865788425971,2.80374526466801,2.76329264300982e-10,1.22330371615213e-09,"ENSMUSG00000072845"
3978.35063139832,0.636748155109174,0.100789922937999,2.79716880213712e-10,1.23796394130473e-09,"ENSMUSG00000044024"
249.203950137089,1.27178580565104,0.208014604423214,2.79866744225296e-10,1.23822562100381e-09,"ENSMUSG00000003418"
3690.26458386508,-0.698527293750474,0.11203794159395,2.79928141374494e-10,1.23822562100381e-09,"ENSMUSG00000022443"
1454.69824373774,-0.519235616814896,0.082851868249403,2.83478604622451e-10,1.25358998262544e-09,"ENSMUSG00000043090"
1513.23430125438,0.685154761357797,0.109961893957399,2.85842251702561e-10,1.26369912363234e-09,"ENSMUSG00000029482"
1799.57041086562,-0.457260212833078,0.0728796013711802,2.87606941740712e-10,1.27115552475029e-09,"ENSMUSG00000035632"
12085.1504179375,-1.17767194153774,0.192505887487055,2.91551317086358e-10,1.2882389629565e-09,"ENSMUSG00000060371"
1209.12101376772,-0.450638394916732,0.0718479376835332,2.92300171018122e-10,1.29119733618263e-09,"ENSMUSG00000002820"
110.522457993455,1.43340633154036,0.236781261677756,2.96768362952135e-10,1.31057933047609e-09,"ENSMUSG00000004415"
256.83836965485,0.835271576928336,0.134692258307817,2.99840798805607e-10,1.32378858772923e-09,"ENSMUSG00000033308"
66.5857761971281,-3.13422207641595,0.531343571846765,3.05509894411393e-10,1.34845175196005e-09,"ENSMUSG00000078302"
5656.63582062771,-0.728198798999036,0.117172944223437,3.06159093178347e-10,1.35095085897455e-09,"ENSMUSG00000033526"
611.533316276705,0.747043492122608,0.120254464285521,3.06424311506995e-10,1.35175472702192e-09,"ENSMUSG00000076431"
607.99030498668,0.834347336862414,0.134712000625146,3.08342726583753e-10,1.35984906619624e-09,"ENSMUSG00000035407"
1852.51248156075,0.576196741579719,0.0923122915773197,3.1517036746978e-10,1.38958375993312e-09,"ENSMUSG00000015478"
6370.76879157344,0.46564148176908,0.0744106526920681,3.20872598652751e-10,1.41434177115339e-09,"ENSMUSG00000014077"
637.282439476451,1.62117342649469,0.269342596818234,3.29655053523055e-10,1.45265970797192e-09,"ENSMUSG00000024647"
2903.4074512967,0.732145614230176,0.117991385770666,3.30257898799e-10,1.45492234821384e-09,"ENSMUSG00000028041"
162.749272336694,1.3275976687224,0.218579228927305,3.32294991292399e-10,1.46350050548097e-09,"ENSMUSG00000089762"
8156.79344336118,-0.51372508858252,0.0823151428332412,3.33505366671972e-10,1.46843396231711e-09,"ENSMUSG00000069769"
1613.26651479271,-0.499261644764317,0.0799956676012635,3.4088520336537e-10,1.50052172536006e-09,"ENSMUSG00000015357"
1373.65615975504,-0.63909049410175,0.10282768973874,3.42477427472389e-10,1.50712288845514e-09,"ENSMUSG00000049516"
490.753652873837,1.1671468579066,0.191506437679246,3.45691228939293e-10,1.52085454720914e-09,"ENSMUSG00000024395"
19.2185013174969,6.65727794070644,1.323815901238,3.5036939316249e-10,1.54101944931073e-09,"ENSMUSG00000108022"
1343.81924456004,-0.665621090371891,0.107211450532069,3.50625206136263e-10,1.54172801336739e-09,"ENSMUSG00000045639"
330.300922243704,0.91653254874538,0.148968481192331,3.51402031448652e-10,1.54472651037569e-09,"ENSMUSG00000002908"
14864.3013954578,0.672533295226314,0.108390770637344,3.58510109122777e-10,1.57554739640944e-09,"ENSMUSG00000022199"
1684.03725818402,0.590406835938315,0.0949075985102137,3.59690092112605e-10,1.58030642899028e-09,"ENSMUSG00000005142"
110.202519897495,1.47789556862091,0.244843527137164,3.61344664785439e-10,1.58714745099227e-09,"ENSMUSG00000033777"
1023.31629805426,-0.587077991928795,0.0944279995325817,3.62617344908987e-10,1.59230783394348e-09,"ENSMUSG00000029366"
23435.9805034554,0.622370923194993,0.100185903584494,3.62735851472842e-10,1.59239864894146e-09,"ENSMUSG00000029580"
116.143202887952,-1.83555175736477,0.308948553130348,3.63332971777901e-10,1.59458994731752e-09,"ENSMUSG00000035270"
320.831590204409,0.946517628715276,0.153998725746746,3.64309627369461e-10,1.59844531383291e-09,"ENSMUSG00000050394"
1330.956462442,-0.846137261017238,0.137384132833773,3.66498678247845e-10,1.60761667596832e-09,"ENSMUSG00000060568"
3794.94181762843,0.996952853629658,0.162618028167931,3.6882847095117e-10,1.61740028290494e-09,"ENSMUSG00000046442"
107.917677403492,1.19343536210488,0.195903299292681,3.70082086961652e-10,1.62202375109364e-09,"ENSMUSG00000021464"
81.7166078876154,1.51982647598987,0.252118365484827,3.70048627818196e-10,1.62202375109364e-09,"ENSMUSG00000049625"
18.8689823472152,-4.98757937824827,0.811892351911774,3.72818528282969e-10,1.63357738987622e-09,"ENSMUSG00000002565"
6741.49511669823,0.480047983381754,0.0770376738228354,3.73547389179608e-10,1.6363305707927e-09,"ENSMUSG00000032050"
10194.8706582744,-0.890373011712364,0.145053050170918,3.76312669136491e-10,1.64800043804245e-09,"ENSMUSG00000061601"
90.7253961433929,-2.97430535370605,0.502159462187692,3.78607806259334e-10,1.65760566710313e-09,"ENSMUSG00000030109"
810.389113860452,-0.579767452968575,0.093385635169358,3.81744081373083e-10,1.67088737741087e-09,"ENSMUSG00000031728"
4778.69655206592,-0.541292728489712,0.0870779868171822,3.84219042981975e-10,1.68126816711306e-09,"ENSMUSG00000063576"
762.784963512411,-0.608066584119164,0.0980301907060535,3.85268693488838e-10,1.68540816786114e-09,"ENSMUSG00000039182"
607.375159749847,-0.630973376618847,0.101799219971089,3.85395748750197e-10,1.68551101508751e-09,"ENSMUSG00000028889"
1251.78376390657,-0.435157326502215,0.0698468656524873,3.8559109344231e-10,1.68591238760514e-09,"ENSMUSG00000059878"
455.594761501939,0.942096349035132,0.153752264821919,3.91363819530913e-10,1.71069287173045e-09,"ENSMUSG00000022836"
1338.41703854778,1.44356037572838,0.239759032759928,3.95035469668327e-10,1.72627849000296e-09,"ENSMUSG00000022112"
4363.7834941897,-0.70837664805042,0.114665439387338,3.96011132926514e-10,1.730077622592e-09,"ENSMUSG00000027201"
3731.95474654809,-0.521220471615814,0.0839058274392201,4.00188248468182e-10,1.74785734063994e-09,"ENSMUSG00000029202"
15481.3299852409,0.363249180062335,0.0582033769997483,4.00681788830633e-10,1.74954349747453e-09,"ENSMUSG00000035847"
7919.97033013654,0.70896593536792,0.114731644796288,4.03515153870616e-10,1.76123562546532e-09,"ENSMUSG00000034245"
850.537601782211,-0.482986541099309,0.07767974724687,4.0357592351552e-10,1.76123562546532e-09,"ENSMUSG00000068134"
70.3654111364264,1.45276037503102,0.241617977690267,4.05223188759145e-10,1.76795043329439e-09,"ENSMUSG00000013766"
843.281334372951,0.589156494231942,0.0950261051434899,4.06482660108643e-10,1.77297018790152e-09,"ENSMUSG00000025933"
40.2819533882018,2.43404919968691,0.412619982055615,4.07918001110709e-10,1.77875414467724e-09,"ENSMUSG00000036832"
7562.834543839,-0.86371628963529,0.140824684480956,4.08213892523375e-10,1.7795676867958e-09,"ENSMUSG00000021413"
180.439621368792,-1.34789550553223,0.223774745303185,4.10479105497999e-10,1.78896355536718e-09,"ENSMUSG00000032369"
65.7378116936928,-1.89978548568922,0.320734550523892,4.19932107031184e-10,1.82967206591371e-09,"ENSMUSG00000061311"
108.88888246581,1.68047375590685,0.282395043333337,4.20647602854256e-10,1.8322990846298e-09,"ENSMUSG00000052374"
862.798054264096,0.734952693778021,0.119163860824847,4.22438711474735e-10,1.83960870663075e-09,"ENSMUSG00000030844"
1615.42944183708,0.763058913392523,0.123932169277252,4.28294392731571e-10,1.86460982211407e-09,"ENSMUSG00000031137"
168.232721095092,-1.00719297803356,0.165142819974462,4.31798827109399e-10,1.87936398601251e-09,"ENSMUSG00000045757"
91.4801603684643,-1.37350716358078,0.22843634361297,4.32262795674786e-10,1.88088045656086e-09,"ENSMUSG00000112237"
707.610843123998,-0.715842878713267,0.116203261201331,4.34671683805849e-10,1.89085667263271e-09,"ENSMUSG00000072889"
3918.55269409302,0.650243871830683,0.105289829691391,4.40086745035705e-10,1.91390115834657e-09,"ENSMUSG00000003038"
4112.77427717171,-0.483113597621984,0.0778983332050873,4.43928033207357e-10,1.93009095206981e-09,"ENSMUSG00000031539"
1151.62474459078,-0.495729559701524,0.080015641392237,4.46335609440142e-10,1.94004033390297e-09,"ENSMUSG00000049321"
7121.23173699802,0.492096178762895,0.0793613192289492,4.48340787476238e-10,1.94809688469419e-09,"ENSMUSG00000033585"
1028.43580033668,-0.596878513974004,0.096562984398199,4.48428494099345e-10,1.94809688469419e-09,"ENSMUSG00000042063"
1818.77132075861,0.71471170043187,0.116078669341724,4.53817967915519e-10,1.97098422671526e-09,"ENSMUSG00000037669"
4686.90373196098,-0.421766189278347,0.0679544730820806,4.55345940052936e-10,1.97709288135014e-09,"ENSMUSG00000028514"
3475.43273351897,0.494631842582584,0.0798081767743815,4.56060757916756e-10,1.97966853796506e-09,"ENSMUSG00000011179"
819.415136748419,0.565084239091106,0.0913630212669769,4.60374751943104e-10,1.99786196004528e-09,"ENSMUSG00000000278"
39.4395264343365,-3.24503012924912,0.562679124954685,4.62878412282272e-10,2.00819157652741e-09,"ENSMUSG00000004864"
321.773481796503,1.01863580458536,0.167254594458298,4.66522802897763e-10,2.02346341208894e-09,"ENSMUSG00000039646"
8095.62067458434,-0.797422724990077,0.130040835120817,4.67696330590921e-10,2.02801301794327e-09,"ENSMUSG00000059146"
1289.06497980354,0.484394510443257,0.0782089228599745,4.71031935494563e-10,2.0413892028702e-09,"ENSMUSG00000028614"
2870.0049770127,-0.655118691987566,0.106348027577938,4.70949802883967e-10,2.0413892028702e-09,"ENSMUSG00000038773"
1085.91895240523,-0.473411312529096,0.076440750397462,4.71790168172796e-10,2.04413105070982e-09,"ENSMUSG00000026917"
227.094024456483,1.55295570188626,0.26023814464913,4.82865698835694e-10,2.09156142779335e-09,"ENSMUSG00000035576"
1992.78161371902,-1.02265543878952,0.168357259346024,4.85610445118946e-10,2.10289088205539e-09,"ENSMUSG00000007682"
1573.41927124708,1.15834990782243,0.191568974094264,4.87974608205139e-10,2.11256666818172e-09,"ENSMUSG00000020836"
4438.20108908788,0.508354748973057,0.0822035985680982,4.92701204508342e-10,2.1324621661757e-09,"ENSMUSG00000015305"
3639.27268823173,-0.672469888224268,0.109474658985497,4.92927320789308e-10,2.13287371818404e-09,"ENSMUSG00000012609"
5099.39209973517,0.44417641545966,0.071767611249071,4.93707070560742e-10,2.13567996135737e-09,"ENSMUSG00000028656"
2653.57806651376,-0.674742107290534,0.109741511957932,4.94159516928003e-10,2.13706923925453e-09,"ENSMUSG00000037674"
13134.7943681414,0.693914808038069,0.112677615222752,4.95716988427985e-10,2.14323536192052e-09,"ENSMUSG00000032356"
2603.45889614663,-0.512965177364324,0.0830345878133016,4.99420065546287e-10,2.15867228543878e-09,"ENSMUSG00000029729"
317.494549480629,-0.936468327092636,0.153794975671986,5.03350266697665e-10,2.17508246384513e-09,"ENSMUSG00000078762"
474.366575597746,0.816879992422593,0.133493976859322,5.04773136243577e-10,2.18065209972743e-09,"ENSMUSG00000048897"
7337.63445115258,0.624833376285877,0.101437819468241,5.06117996348024e-10,2.18588186377106e-09,"ENSMUSG00000028691"
247.177667925391,1.0722057160073,0.177006760118988,5.20189906253224e-10,2.24546573693715e-09,"ENSMUSG00000026241"
1311.57789759726,-0.598019185830971,0.0971132229210733,5.20159517028343e-10,2.24546573693715e-09,"ENSMUSG00000051065"
48.0097212434523,-1.82804122536952,0.30849556287783,5.2037424656154e-10,2.24566595586658e-09,"ENSMUSG00000055937"
3088.18885230572,-0.465755991330119,0.0753851202330559,5.22058103276952e-10,2.2523354903637e-09,"ENSMUSG00000031446"
1821.27245740692,0.699687559571235,0.113984467600153,5.24643880800269e-10,2.26289165121006e-09,"ENSMUSG00000074505"
2528.82962233677,0.7084461869846,0.115438387781166,5.28698088773434e-10,2.27977416928582e-09,"ENSMUSG00000028710"
2261.30605372351,-0.521124888624783,0.0844922301999702,5.29384987144928e-10,2.28213157329056e-09,"ENSMUSG00000031060"
3957.18783997578,-1.03125570016323,0.170418401332346,5.46849032566334e-10,2.35679336831209e-09,"ENSMUSG00000023473"
504.478691471347,0.84106669763248,0.137886477638899,5.50381011903518e-10,2.37138753620049e-09,"ENSMUSG00000024228"
76.119309918479,1.56435273319006,0.263415952447314,5.51454911900429e-10,2.37538583114982e-09,"ENSMUSG00000028865"
3973.68956215089,-0.822775901859237,0.134890729359712,5.53994237562001e-10,2.38569264524716e-09,"ENSMUSG00000029432"
84.0418004602886,1.54235309163216,0.259996793529721,5.54256456209838e-10,2.38619058296317e-09,"ENSMUSG00000028976"
771.106632437305,-0.775950577440406,0.127015899250127,5.58683232579084e-10,2.40461281330575e-09,"ENSMUSG00000028289"
51.170466754607,-2.84707578440598,0.488271524119613,5.6545891833805e-10,2.43313250666317e-09,"ENSMUSG00000032925"
1246.02244414901,-0.547501830695115,0.0890329260581477,5.75020368412951e-10,2.4736209188758e-09,"ENSMUSG00000042167"
36.4265712679294,2.14252827430347,0.364868381325834,5.76824319557493e-10,2.48072556770327e-09,"ENSMUSG00000053441"
10475.9579041754,-0.549996851900643,0.0894668557759704,5.7898915774064e-10,2.48937810610199e-09,"ENSMUSG00000022307"
3144.45099751433,-0.664071436625204,0.108495446577718,6.00265906225494e-10,2.58017650423517e-09,"ENSMUSG00000053436"
126.001025210566,1.29971467498558,0.217082193350318,6.02960420586847e-10,2.59107437336661e-09,"ENSMUSG00000096606"
2723.21648299209,0.445833521633172,0.0723827832840852,6.06092666678787e-10,2.60384703832074e-09,"ENSMUSG00000042492"
485.548163807377,1.02488065164349,0.169827337545991,6.08766553032957e-10,2.61464431405553e-09,"ENSMUSG00000030499"
892.90375639056,0.672338804061673,0.109880326197577,6.1271107366895e-10,2.63089181144373e-09,"ENSMUSG00000020520"
7279.45526472001,-0.723432317397092,0.118326660440809,6.14355040128698e-10,2.63725510105879e-09,"ENSMUSG00000019852"
69.8009666452701,1.82461969869778,0.312025772853123,6.1544826559866e-10,2.64125148099525e-09,"ENSMUSG00000037725"
3665.86145748896,0.735785555180574,0.120488797781027,6.15794742190175e-10,2.64204185908584e-09,"ENSMUSG00000004032"
3025.11218274975,-0.538918304567656,0.087748750975071,6.16243403455707e-10,2.64327012422977e-09,"ENSMUSG00000030591"
129.879445367108,1.68585859211015,0.285824293135487,6.19323504083156e-10,2.65578187551781e-09,"ENSMUSG00000027209"
3845.58261412177,-0.98856286938659,0.163621395781133,6.22155460055579e-10,2.66722322327751e-09,"ENSMUSG00000042599"
39.4021175799031,2.15030130157846,0.367658620787757,6.26372895913391e-10,2.68459662972043e-09,"ENSMUSG00000022676"
1736.83002027978,-0.535158893986284,0.0872031714936777,6.28403962252584e-10,2.69259270796198e-09,"ENSMUSG00000045312"
1936.49879220877,-0.506494604110667,0.0824549788890125,6.29534913133544e-10,2.69672876736522e-09,"ENSMUSG00000035765"
108.922835861271,-1.1757756981248,0.196282970111727,6.33692272881638e-10,2.71382341961781e-09,"ENSMUSG00000072082"
1293.04297284832,0.907026281742345,0.149618272971382,6.36564147136359e-10,2.72540536220033e-09,"ENSMUSG00000037003"
289.43166791269,0.817433926345379,0.134464353060543,6.37823100868591e-10,2.73007742201918e-09,"ENSMUSG00000037313"
165.431503280608,1.43408916027873,0.241172406487803,6.39107337122561e-10,2.73485521390143e-09,"ENSMUSG00000109222"
4378.86786812351,-0.41105327168337,0.0668388563798746,6.39389715215184e-10,2.73534448995342e-09,"ENSMUSG00000038116"
2557.91406434355,-0.628152523796196,0.102670704911895,6.39858718411087e-10,2.73663169161736e-09,"ENSMUSG00000038658"
1236.63429196079,-0.669868553199863,0.109666171663009,6.4084624408036e-10,2.74013531944841e-09,"ENSMUSG00000042757"
10363.519122869,0.504422462803839,0.082128050971728,6.44002681766278e-10,2.75290852252928e-09,"ENSMUSG00000032883"
791.367139776145,0.922972712804552,0.152363564178906,6.45531737903883e-10,2.75872030181134e-09,"ENSMUSG00000037493"
1651.72118871052,-0.562513900275123,0.091785328888249,6.46147877393584e-10,2.76062864782487e-09,"ENSMUSG00000042742"
2612.64339591578,-0.720138403203912,0.118155716210249,6.62634452990117e-10,2.83032370133118e-09,"ENSMUSG00000031523"
3191.68074357996,0.736922385305909,0.12083956601101,6.63128790558297e-10,2.83169214394228e-09,"ENSMUSG00000030256"
1034.12223864444,-0.682714688830429,0.111983963305836,6.73410866816919e-10,2.87484450302801e-09,"ENSMUSG00000033166"
248.415986083555,-1.08939784992991,0.181341574901619,6.74545313012309e-10,2.8789325131658e-09,"ENSMUSG00000037762"
3370.82480523982,0.817116555775133,0.134316901043419,6.81535011167307e-10,2.90800181173825e-09,"ENSMUSG00000033350"
621.475443515684,0.861337393007197,0.14216055957488,6.82040600754755e-10,2.90939646202461e-09,"ENSMUSG00000038305"
235.387174128975,1.05655685237001,0.1757229289849,6.84459942237202e-10,2.91895177881509e-09,"ENSMUSG00000070366"
1323.78137896251,0.676977811976129,0.110991295246155,6.91688337118518e-10,2.94900543520567e-09,"ENSMUSG00000025854"
1326.48041893372,-0.406965296717008,0.0662624286446529,6.99239179746143e-10,2.98041774493525e-09,"ENSMUSG00000020677"
4005.57944777837,0.636141064536176,0.104190634265075,7.00454906330095e-10,2.98481805372809e-09,"ENSMUSG00000041870"
1829.95693771182,-0.507900091538429,0.0829325665937416,7.05724176749244e-10,3.00648472889929e-09,"ENSMUSG00000024081"
522.269475116683,-0.616995857449218,0.101181643746954,7.07254983870711e-10,3.01221785124213e-09,"ENSMUSG00000032640"
1760.61330395585,-0.916412741131323,0.151767376168273,7.0822776915663e-10,3.01557196608204e-09,"ENSMUSG00000015342"
9620.73831025444,0.706470334824634,0.116006551625544,7.09096662307351e-10,3.0184820787236e-09,"ENSMUSG00000054793"
2037.52390826359,-0.492355963795871,0.080382111034139,7.16182221991078e-10,3.04784685217536e-09,"ENSMUSG00000002728"
7067.69947206279,0.637358682962488,0.104485521315084,7.2890839474815e-10,3.10119468105342e-09,"ENSMUSG00000036529"
657.047458288399,-0.57497752202989,0.0942214086936865,7.30809993908789e-10,3.10847271514169e-09,"ENSMUSG00000034333"
2739.39752392733,2.00266808473494,0.344315649952922,7.32624256762813e-10,3.11537556206506e-09,"ENSMUSG00000033061"
1712.93069745216,0.696962627464025,0.114564110447752,7.47306009207238e-10,3.17697759672902e-09,"ENSMUSG00000078716"
8783.47830298016,-0.810446414889858,0.13380842094743,7.48061554224994e-10,3.17935926362257e-09,"ENSMUSG00000038664"
504.854429035426,-1.3712503849936,0.231278644588626,7.48997558141931e-10,3.1825064608286e-09,"ENSMUSG00000074743"
7415.91777231128,-0.712875759696174,0.117657056598838,7.55645523064724e-10,3.20991592496022e-09,"ENSMUSG00000002748"
26.4697354912612,2.69069064525315,0.465549456157027,7.59001953547046e-10,3.22333258540016e-09,"ENSMUSG00000067700"
82.1911295555153,1.42464301448076,0.240206621146207,7.59705053498491e-10,3.22547701117591e-09,"ENSMUSG00000035561"
924.104573801717,-0.458694327652446,0.0749631521739709,7.62852270067963e-10,3.23799458987387e-09,"ENSMUSG00000020925"
745.303055868016,0.674528875394842,0.110847324649786,7.65350880401032e-10,3.24775329279666e-09,"ENSMUSG00000002058"
1853.21380621055,0.492177947395055,0.0804730835602478,7.69411661186205e-10,3.26413422486032e-09,"ENSMUSG00000050587"
736.963021977606,-0.592621486251807,0.0972676920771738,7.75488185137798e-10,3.28905593477672e-09,"ENSMUSG00000066892"
994.999940009608,0.676846656640037,0.111383022642934,7.85134721929176e-10,3.3291021108526e-09,"ENSMUSG00000049439"
1027.38883268087,-0.712387104271449,0.117402696995507,7.85765089063112e-10,3.3309073228566e-09,"ENSMUSG00000040618"
176.218238547726,0.921913775607578,0.153031054394014,7.88193002938711e-10,3.34032952403966e-09,"ENSMUSG00000083307"
3636.14448014693,0.6406042954098,0.105408896414461,7.97597673028653e-10,3.37842698973729e-09,"ENSMUSG00000038077"
667.491466207957,-0.760603676435969,0.125608280647112,7.97571836981014e-10,3.37842698973729e-09,"ENSMUSG00000056014"
2523.85981052824,-0.669146459382132,0.110176692718608,8.00083925982567e-10,3.38807652110932e-09,"ENSMUSG00000029033"
68.4139660742608,1.76077299257477,0.301292999419595,8.05380250242292e-10,3.40961761077868e-09,"ENSMUSG00000020865"
4904.66875512043,0.491882400282407,0.0805303488415947,8.06981101711508e-10,3.41550659741548e-09,"ENSMUSG00000044117"
1487.5375194032,0.493965636345274,0.0808616525932931,8.07337826468527e-10,3.41612818800486e-09,"ENSMUSG00000030515"
859.95558599565,-0.534020525088016,0.0875680250080816,8.12119528910113e-10,3.43546821507246e-09,"ENSMUSG00000051379"
2116.04407930171,0.71057591550798,0.117158747730053,8.12937258685574e-10,3.4380339560623e-09,"ENSMUSG00000032878"
2927.54818158652,0.431003412367371,0.0704979115527836,8.18137506862084e-10,3.4591278796626e-09,"ENSMUSG00000061306"
18.2834838408595,3.39706762652105,0.58403670613012,8.32515668861382e-10,3.51900546811882e-09,"ENSMUSG00000043932"
3036.93064800417,0.674346364851978,0.111131629259246,8.44093591538593e-10,3.56701855738972e-09,"ENSMUSG00000022377"
97.2062990143973,1.39055209532418,0.23578195039866,8.54623636611568e-10,3.61057969290503e-09,"ENSMUSG00000022439"
2469.78930280937,-1.24244318103313,0.209510816250665,8.56168281645825e-10,3.61616691453833e-09,"ENSMUSG00000046699"
3303.87999903498,0.487696255149095,0.0799982452948008,8.67665527734932e-10,3.66377677314377e-09,"ENSMUSG00000008859"
6255.00387937029,-0.48579967474865,0.0797425283032296,8.80674875718931e-10,3.71774523520559e-09,"ENSMUSG00000045092"
2158.73227394166,-0.508855771076371,0.0836198525222053,8.97862793463112e-10,3.78932085869653e-09,"ENSMUSG00000025616"
118.414127578942,2.55486494182542,0.447054580081332,9.06698390694055e-10,3.82483439546982e-09,"ENSMUSG00000032322"
727.68479176459,0.807304195808971,0.133904183850302,9.06747507809192e-10,3.82483439546982e-09,"ENSMUSG00000075705"
1049.6130783608,-0.538078707444899,0.0885612605063736,9.20849763567289e-10,3.88331410656693e-09,"ENSMUSG00000025403"
2896.88993068096,1.00692458732674,0.168475428545131,9.23436577741305e-10,3.89321435184485e-09,"ENSMUSG00000008489"
88.5696004164427,-1.90107742294134,0.330893064742681,9.336616601765e-10,3.93530411816496e-09,"ENSMUSG00000110358"
65.8235410302105,1.76346134961526,0.302399141387449,9.40040520088826e-10,3.9611647905788e-09,"ENSMUSG00000031253"
2526.61042846165,-0.530281501937226,0.0873108113281877,9.49555152715719e-10,4.00022225049339e-09,"ENSMUSG00000024158"
2486.62337688088,0.352995664341572,0.0578763301791225,9.56508818016164e-10,4.02847361957752e-09,"ENSMUSG00000030868"
2401.76933461469,0.491148193853481,0.0807844840653163,9.61153342722123e-10,4.04698761325161e-09,"ENSMUSG00000028830"
20.8833343334596,5.55006462988681,0.917946768402037,9.6511113940671e-10,4.06260127418216e-09,"ENSMUSG00000095975"
1990.23648809725,-0.42884970667607,0.070458784901159,9.6925931109895e-10,4.07900803155861e-09,"ENSMUSG00000010914"
1067.22795423998,-0.944960501227638,0.158174378398832,1.00301512077147e-09,4.21997418865807e-09,"ENSMUSG00000022865"
583.361157355889,1.31084114592277,0.22258793396551,1.01582256011666e-09,4.27275442728139e-09,"ENSMUSG00000060843"
205.639743864593,0.93797345397321,0.156805720693582,1.01927032482077e-09,4.28614888851268e-09,"ENSMUSG00000020098"
3265.83738030036,0.986217426273467,0.165333036684343,1.01989050976248e-09,4.28764920400661e-09,"ENSMUSG00000053398"
111.882776621759,1.11887343843811,0.188704251034909,1.02037194260232e-09,4.28844250452646e-09,"ENSMUSG00000024349"
509.094183728999,-1.06921775783751,0.179992883317686,1.020606110243e-09,4.28844250452646e-09,"ENSMUSG00000096718"
42.5536605932017,1.95958467889354,0.337895165940094,1.02343290383403e-09,4.29921053125427e-09,"ENSMUSG00000040345"
4082.94877215765,0.397169550454064,0.0652641492622786,1.02719060324439e-09,4.31388251795979e-09,"ENSMUSG00000033557"
1161.08686533389,-0.606329620978372,0.100292482596057,1.02937571052905e-09,4.32194423935825e-09,"ENSMUSG00000022637"
2040.6503228543,-0.510611688632295,0.084223969668173,1.03163188203501e-09,4.33030009689683e-09,"ENSMUSG00000043881"
799.505328735152,-0.90864009313826,0.152092180061334,1.03897193563421e-09,4.35998586446342e-09,"ENSMUSG00000021754"
1421.77990605996,-0.642687097487482,0.106444428113399,1.03960795149601e-09,4.36112400574188e-09,"ENSMUSG00000020160"
316.785948319154,0.911919805667609,0.152490556892895,1.03977898183341e-09,4.36112400574188e-09,"ENSMUSG00000039037"
2660.52176264228,-0.901803932146669,0.149849116710199,1.04217761219323e-09,4.37005851913482e-09,"ENSMUSG00000013089"
12.4920063672326,-8.14671356455686,2.77533563072726,1.05333181036011e-09,4.41569281716248e-09,"ENSMUSG00000030873"
2897.47659898538,0.658212720163241,0.109093203306152,1.06527127972651e-09,4.46459471971888e-09,"ENSMUSG00000039501"
67.3464549460368,1.40597496221644,0.239129333246671,1.07177437439395e-09,4.49069324746066e-09,"ENSMUSG00000044770"
457.369480573078,0.772103252604925,0.128499950255637,1.07978718373114e-09,4.52310236149651e-09,"ENSMUSG00000048915"
1017.92386635083,-0.643957173257238,0.106800431443216,1.08439517842816e-09,4.54123609839301e-09,"ENSMUSG00000045733"
705.76126846668,-1.25148728412335,0.212545354338635,1.09171623239046e-09,4.57071934949895e-09,"ENSMUSG00000111619"
385.978813995488,0.646026028398114,0.107131861251837,1.09669343437371e-09,4.59037688987794e-09,"ENSMUSG00000090035"
664.625199318095,-0.877730000191169,0.146946458922466,1.11153383614322e-09,4.65129763103839e-09,"ENSMUSG00000021265"
874.160738882012,0.490274434166845,0.0809580346726518,1.11860788410896e-09,4.67969651439879e-09,"ENSMUSG00000026187"
414.120280932441,-0.710395285483382,0.11810608274309,1.11948887401347e-09,4.68217880040886e-09,"ENSMUSG00000116594"
2687.62802555632,0.40457265705645,0.0666757083260016,1.12022654579847e-09,4.68285765601119e-09,"ENSMUSG00000021595"
35.5186557874487,2.02459176026759,0.350695062456024,1.12014997075341e-09,4.68285765601119e-09,"ENSMUSG00000043068"
442.81997836525,-0.589352854717948,0.0976568209894428,1.12116535210159e-09,4.68557884506024e-09,"ENSMUSG00000044134"
2153.98021287909,-0.571987030445883,0.0947682333295655,1.13060767729306e-09,4.72382745661613e-09,"ENSMUSG00000040720"
701.877053557751,-0.568665299889086,0.0942651647422624,1.13643156098203e-09,4.74694199375556e-09,"ENSMUSG00000037722"
2638.55703150527,-0.491417300146421,0.0812526430611075,1.15215774674574e-09,4.81139656273143e-09,"ENSMUSG00000095098"
909.925230822509,-0.616697571873524,0.102346736259046,1.15497928269878e-09,4.82102847764859e-09,"ENSMUSG00000021597"
672.160288625195,-1.13714480504797,0.192517300693975,1.15505658329214e-09,4.82102847764859e-09,"ENSMUSG00000073879"
848.157404198559,-1.57116342475478,0.270214597693129,1.15827757259623e-09,4.83323310092835e-09,"ENSMUSG00000041559"
20.6969066984131,5.32506095186002,0.88929481894577,1.16473529534156e-09,4.85893417159658e-09,"ENSMUSG00000067604"
1128.97502116601,-0.561077776564383,0.0929745827751223,1.1679595467297e-09,4.87113643393955e-09,"ENSMUSG00000020770"
3852.16732796127,-0.600003822616283,0.099552395260015,1.17249634120988e-09,4.88880518499344e-09,"ENSMUSG00000056812"
656.546098861661,0.894672307227808,0.150002091277124,1.17876923173108e-09,4.91370180643238e-09,"ENSMUSG00000110685"
1205.49855191299,-0.693281841124318,0.115422425898968,1.18193209787389e-09,4.92562485642373e-09,"ENSMUSG00000025050"
820.534776409801,0.817796255924961,0.136765556290993,1.18551265416377e-09,4.93928205387197e-09,"ENSMUSG00000009614"
1081.36585516388,-0.699438787254262,0.116484369003662,1.18688428314964e-09,4.94373141277121e-09,"ENSMUSG00000039458"
32.0947527457233,2.81054928004795,0.493926415996835,1.20447742140606e-09,5.01572869420512e-09,"ENSMUSG00000079164"
25.2378482655694,2.75524489157043,0.483413473846419,1.21245331609355e-09,5.04765091544009e-09,"ENSMUSG00000105422"
8859.10604976451,-0.350900018480474,0.0579243355069827,1.22105318031603e-09,5.08215384024145e-09,"ENSMUSG00000020850"
254.322124331385,-0.880233062901119,0.147730476465988,1.22443182388367e-09,5.09423018060588e-09,"ENSMUSG00000037984"
2079.23981776225,-0.508948067019872,0.0843245744752476,1.22458058095041e-09,5.09423018060588e-09,"ENSMUSG00000046876"
221.99955714628,1.42426397708195,0.244604678367264,1.246421172957e-09,5.18376184297244e-09,"ENSMUSG00000043903"
105.064414281247,1.58376606330485,0.272675406454795,1.25255799266833e-09,5.20795376874969e-09,"ENSMUSG00000032174"
424.151410071999,0.642202725984519,0.106903413401249,1.25780698138469e-09,5.22844280974974e-09,"ENSMUSG00000021932"
98.7844079842719,-1.44890494141887,0.248427710764711,1.26615322073306e-09,5.2617927309402e-09,"ENSMUSG00000075410"
1148.30600497577,-0.981418821906425,0.16558411158686,1.26833934274894e-09,5.26953236887883e-09,"ENSMUSG00000063663"
42.6327826978558,-2.21249732087694,0.386722276531575,1.27132075182465e-09,5.28057136978863e-09,"ENSMUSG00000031147"
208.423223120657,1.58024768759779,0.272582971497049,1.27986237211536e-09,5.31333835585151e-09,"ENSMUSG00000033788"
1490.50517229944,-0.756605611276841,0.126596412572095,1.27956283768236e-09,5.31333835585151e-09,"ENSMUSG00000050071"
1902.7933425678,0.645170188261733,0.107399268958558,1.28299861874296e-09,5.32500038651144e-09,"ENSMUSG00000006412"
5635.3599068566,0.470193652022559,0.0779008883092041,1.28831663801944e-09,5.34570946563355e-09,"ENSMUSG00000062929"
609.706523155464,0.721370297526864,0.120468341800679,1.29877254766418e-09,5.3877215929861e-09,"ENSMUSG00000031583"
8667.30235950916,-0.387337219384981,0.0640724280661697,1.30314022341932e-09,5.40446281702412e-09,"ENSMUSG00000037487"
32.3665138712367,2.39884643681592,0.418644474244275,1.30781643974488e-09,5.4224747850655e-09,"ENSMUSG00000029917"
28.7706253697508,-3.90359039717634,0.689444046849671,1.32105954887365e-09,5.47598862657633e-09,"ENSMUSG00000089769"
868.594548085452,-0.547260479649382,0.0909774284521402,1.32851755037509e-09,5.50550119272041e-09,"ENSMUSG00000063785"
1115.1661681576,-0.491210206559361,0.0815693158531359,1.33751433419352e-09,5.54137397098552e-09,"ENSMUSG00000031577"
773.77048358534,-0.511099863381875,0.084904073563295,1.33930985652801e-09,5.5474009782603e-09,"ENSMUSG00000031578"
1174.01869024184,-0.842951708867148,0.141647987110357,1.34482603693436e-09,5.56883190771242e-09,"ENSMUSG00000028282"
783.851090719541,-0.612201251625043,0.102009574741929,1.35036586605528e-09,5.59034983917798e-09,"ENSMUSG00000030619"
507.683610200045,0.82223700032897,0.138134519479448,1.35385748523969e-09,5.60337964524071e-09,"ENSMUSG00000061119"
4623.37938272234,-0.476306954562557,0.0791335492418666,1.38615411292943e-09,5.73559142101303e-09,"ENSMUSG00000002010"
6099.74031382232,0.504897204227055,0.0838789997526423,1.38668658575642e-09,5.73633652933747e-09,"ENSMUSG00000028788"
182.318999019614,1.14644365590776,0.195399230601099,1.38808315423767e-09,5.74065487415671e-09,"ENSMUSG00000038147"
1241.10362478305,-1.05882783690278,0.179651532414762,1.391798045495e-09,5.754556409593e-09,"ENSMUSG00000047617"
4511.84273401433,0.692539416243239,0.11579592599615,1.42090849492676e-09,5.87342521087298e-09,"ENSMUSG00000009075"
557.57334440609,0.914900612793598,0.154369813304906,1.42637208963974e-09,5.89451253494686e-09,"ENSMUSG00000023959"
821.31261572988,-0.650674059796602,0.108740262121029,1.43531970952396e-09,5.92998330752056e-09,"ENSMUSG00000036769"
28.6712320129184,-6.47836745696602,1.10783601494442,1.48393733198861e-09,6.12929000002806e-09,"ENSMUSG00000032988"
66.7241518310313,-1.41303946592234,0.243492652357926,1.50078465590797e-09,6.19730406617706e-09,"ENSMUSG00000035678"
2728.44944664933,-0.478886904955621,0.0797022976536958,1.50463899983557e-09,6.21164434170008e-09,"ENSMUSG00000028098"
2734.31201700543,0.655027212200635,0.109592038734841,1.50776285885677e-09,6.2229624281112e-09,"ENSMUSG00000021589"
50.7668417008862,2.00915331389403,0.350871730311387,1.51573986457058e-09,6.25430000392391e-09,"ENSMUSG00000074899"
1298.52473188139,-0.64118749290717,0.107257884404656,1.51651700593383e-09,6.25592088763075e-09,"ENSMUSG00000050373"
9425.19498324877,-0.333654005007145,0.0554036672984255,1.54490665405464e-09,6.37141892949111e-09,"ENSMUSG00000017119"
140.748906513205,1.08887117928878,0.185228570860094,1.55070405600371e-09,6.39370836464752e-09,"ENSMUSG00000052415"
2668.54235039807,-0.571349631864689,0.0954346203564881,1.55680476310195e-09,6.41723675203179e-09,"ENSMUSG00000028847"
1571.87719777014,-0.403514073927929,0.0671086521786137,1.55938910907365e-09,6.42626225759515e-09,"ENSMUSG00000047710"
1104.75648601614,0.672173426444018,0.112589462365664,1.5670179115027e-09,6.45606620183269e-09,"ENSMUSG00000035653"
797.872501045041,-0.627103742340632,0.104970597325628,1.57556236871831e-09,6.48962657844045e-09,"ENSMUSG00000025157"
4588.84361139608,-0.66362359395142,0.1114383543488,1.57725810149041e-09,6.49496771466252e-09,"ENSMUSG00000025060"
9758.93043433807,-0.341770270007927,0.0568379710122697,1.59504337865379e-09,6.5656608334016e-09,"ENSMUSG00000020152"
69.4297257094141,2.12621745534561,0.373517334519791,1.59523212901483e-09,6.5656608334016e-09,"ENSMUSG00000022900"
8067.4140374104,-0.778833959266566,0.131197773935181,1.60614585893702e-09,6.60770754237546e-09,"ENSMUSG00000036093"
62.7050821012611,-2.45229570967711,0.433917410181143,1.60625990571198e-09,6.60770754237546e-09,"ENSMUSG00000115886"
151.557044006448,1.25793228518812,0.215606159616251,1.60703300802796e-09,6.60921761108617e-09,"ENSMUSG00000034810"
10.4767911774668,-7.84917807598196,2.7203689937633,1.60973554834979e-09,6.61866007982771e-09,"ENSMUSG00000054630"
63.2199353554874,1.58347831890372,0.274868054740747,1.62647266287187e-09,6.68578838541117e-09,"ENSMUSG00000032643"
3538.93310128217,0.478447844232585,0.0797936062567997,1.62923108906534e-09,6.69543642206655e-09,"ENSMUSG00000035629"
112.530449524868,-1.31664663685643,0.226884237368117,1.6421614239154e-09,6.74687119093762e-09,"ENSMUSG00000060224"
2625.03165083676,-0.358788407501512,0.0597039269370497,1.64364962311952e-09,6.75128149511469e-09,"ENSMUSG00000027879"
35.4058923927899,2.36763418785547,0.417641968624284,1.70839050867281e-09,7.01543408178001e-09,"ENSMUSG00000049307"
2717.5735748744,-0.801266023464999,0.134668373344946,1.70922893346879e-09,7.01710682950946e-09,"ENSMUSG00000053411"
1057.93889114552,-0.657055881190712,0.110357055452698,1.71044568462135e-09,7.02033153158504e-09,"ENSMUSG00000001518"
1180.70403947583,-0.74952047758842,0.126344842062129,1.71261857555502e-09,7.0274779866107e-09,"ENSMUSG00000029475"
3465.35836534653,0.502642988281996,0.084057602734865,1.76578447723456e-09,7.24381041341334e-09,"ENSMUSG00000022636"
70.123502124035,1.76214033266078,0.312919304179303,1.76969506761075e-09,7.25802376179586e-09,"ENSMUSG00000031789"
11.397612814156,-7.98615698519946,2.75235884863835,1.80720355872656e-09,7.4099898057811e-09,"ENSMUSG00000093434"
2929.37164566153,-0.519917714134925,0.0870729469853648,1.80827091651735e-09,7.41249911333904e-09,"ENSMUSG00000005362"
275.398042385675,0.810736675696646,0.137085212622834,1.81695157829122e-09,7.44620790317839e-09,"ENSMUSG00000036918"
19.5553968384826,3.63308872213196,0.640929258531337,1.83708080273661e-09,7.52680626905273e-09,"ENSMUSG00000048562"
540.996770402252,-0.659189637978302,0.110944166614335,1.84161863415678e-09,7.54349978027277e-09,"ENSMUSG00000038895"
2371.38243412122,-0.693944395627351,0.11694611567854,1.84472162951665e-09,7.5543091032131e-09,"ENSMUSG00000021959"
1200.48154935231,-0.78241480306825,0.132340447957393,1.85333880041007e-09,7.58768837854004e-09,"ENSMUSG00000063760"
792.681214184186,-0.496066536477482,0.0830950924912774,1.86112272202304e-09,7.61764034928111e-09,"ENSMUSG00000020988"
24491.5531930985,0.495909398822565,0.0829929594995356,1.86912588496758e-09,7.64847439806494e-09,"ENSMUSG00000026131"
22419.5008036305,0.625962915403691,0.105193622037501,1.87197332362041e-09,7.6582009957007e-09,"ENSMUSG00000023004"
7706.6620604527,0.726164939024215,0.122510143858187,1.87776233450751e-09,7.6799535882194e-09,"ENSMUSG00000022472"
2084.85294112242,-0.501551549776499,0.0840471312878558,1.87846037380272e-09,7.68087866484819e-09,"ENSMUSG00000074165"
3018.77309798347,-0.399809193919842,0.0668465121684532,1.8874981384827e-09,7.71589520296869e-09,"ENSMUSG00000050627"
865.608186982766,0.827963179861877,0.140267203848727,1.89548703756595e-09,7.74660758159643e-09,"ENSMUSG00000029392"
2019.62196880901,-0.455168974471979,0.0761833494721949,1.89605499641111e-09,7.74698374286649e-09,"ENSMUSG00000078941"
468.319715014887,-0.669787255885523,0.112897099092888,1.91000888195783e-09,7.80203879059213e-09,"ENSMUSG00000096696"
10280.1050744937,0.594963011708955,0.099978625796588,1.91059124760299e-09,7.80245969103900e-09,"ENSMUSG00000022629"
261.903071669272,-0.896771322554625,0.152537237924787,1.92903100894178e-09,7.87578800189473e-09,"ENSMUSG00000022554"
156.536185821807,1.84013160084988,0.323228780306461,1.93469594225624e-09,7.89693594484630e-09,"ENSMUSG00000034282"
1656.04924472482,1.03851583206644,0.177606606110163,1.96448570498471e-09,8.01652000645303e-09,"ENSMUSG00000004933"
362.380463971684,0.894585140824883,0.152231973017589,1.98226181836959e-09,8.08703204997999e-09,"ENSMUSG00000025870"
786.139491315829,-0.663572026361225,0.111938994439654,1.9984766031657e-09,8.15114060293941e-09,"ENSMUSG00000050855"
358.45884056901,-0.931308659792528,0.15879839064679,2.03618551536208e-09,8.30286268012622e-09,"ENSMUSG00000020359"
241.556754692767,-0.992871121872074,0.169709603899047,2.04275469787146e-09,8.32756347907628e-09,"ENSMUSG00000031530"
3692.66077010416,-0.664964733448817,0.112426246233559,2.05308484325504e-09,8.36758013983612e-09,"ENSMUSG00000000276"
1643.16870628805,-0.524790207738646,0.0882041024930754,2.0684984877217e-09,8.42828995823124e-09,"ENSMUSG00000028233"
2143.51334754543,0.771640121815646,0.130772875607526,2.07324378987879e-09,8.44551111402577e-09,"ENSMUSG00000074649"
1502.1489870166,0.717152505668444,0.121192904770232,2.07677496014107e-09,8.45777903457003e-09,"ENSMUSG00000020654"
954.210830440942,0.666084360165044,0.112485918928344,2.07805042873003e-09,8.46085664804087e-09,"ENSMUSG00000032352"
105.837762868183,1.14625798824635,0.197406015099637,2.08100110596234e-09,8.47075168863589e-09,"ENSMUSG00000028558"
796.387320216591,-0.609601423822252,0.102758760565799,2.09468662655525e-09,8.5243272267666e-09,"ENSMUSG00000053414"
734.971992740408,-0.70928271320763,0.120126448607006,2.10070882094778e-09,8.54669787237889e-09,"ENSMUSG00000036023"
751.896798520708,-0.91869484958646,0.15680168672141,2.10750623205692e-09,8.57221050610257e-09,"ENSMUSG00000039328"
582.779476190938,0.71575531697122,0.121135798662483,2.10853124277355e-09,8.57423721455604e-09,"ENSMUSG00000031642"
2718.96673743121,-0.598011766543155,0.100841707532062,2.12008645360492e-09,8.61907275019504e-09,"ENSMUSG00000034075"
49.7320086063518,-1.69087965452063,0.297513725372027,2.12449692436106e-09,8.63484667534315e-09,"ENSMUSG00000032739"
11.2531952776567,7.80298571259196,2.65746908655682,2.13408424037134e-09,8.67164834367567e-09,"ENSMUSG00000052468"
383.432345732387,0.791440317446492,0.134337446831872,2.14082245301535e-09,8.6960794307091e-09,"ENSMUSG00000010660"
791.202281113655,-0.889617977948145,0.151755814987458,2.14116515286166e-09,8.6960794307091e-09,"ENSMUSG00000046185"
10.6173413050115,-7.8611755823275,2.72959332264879,2.15072727860092e-09,8.73273600425688e-09,"ENSMUSG00000045337"
3866.22627377478,0.700676877328252,0.118566045776209,2.15782914423386e-09,8.75938723437375e-09,"ENSMUSG00000021670"
5007.53199732884,0.488158257201144,0.0820699291813807,2.16976684818308e-09,8.80565064939521e-09,"ENSMUSG00000014496"
4901.57603824029,0.784640479765559,0.13318464464227,2.21571768542455e-09,8.98989344051365e-09,"ENSMUSG00000058443"
4580.52585288106,-0.98989093437505,0.16992645426447,2.23848872113704e-09,9.0800197863615e-09,"ENSMUSG00000033943"
943.82348777354,2.32430032123465,0.415310690851225,2.2427698334713e-09,9.09511892108765e-09,"ENSMUSG00000038257"
22.8483806611111,-5.65921625386489,1.02217925972438,2.26338651888702e-09,9.17643978940047e-09,"ENSMUSG00000024857"
3313.75425534017,0.477338798003873,0.0803519418635394,2.29357364628001e-09,9.29651190591285e-09,"ENSMUSG00000056076"
2589.44641610464,0.521018795385326,0.0878516442759433,2.31403675763033e-09,9.37711982591647e-09,"ENSMUSG00000038271"
352.380630042145,-0.692108580732592,0.117355227835722,2.32412311004306e-09,9.4156485777205e-09,"ENSMUSG00000001053"
40.7876196481674,1.92223514520839,0.343054056704094,2.34387485350142e-09,9.49330551512716e-09,"ENSMUSG00000040632"
1543.4346341355,-0.890041524233971,0.152203002500298,2.36426272887107e-09,9.57349967675705e-09,"ENSMUSG00000021364"
2188.08491952656,-0.554426940387093,0.0936863014366007,2.36584046180898e-09,9.57750585360023e-09,"ENSMUSG00000029208"
136.175739337309,0.945707436987998,0.162106683695373,2.37545642423685e-09,9.61404268367168e-09,"ENSMUSG00000046806"
556.182300334159,0.577125430918187,0.0975141950921563,2.39912537581999e-09,9.70742303445134e-09,"ENSMUSG00000095930"
1889.07430129359,-0.542886379584015,0.0916945323547425,2.41077867196179e-09,9.75215090014762e-09,"ENSMUSG00000007812"
370.493304238485,-1.05435676610774,0.181654382195758,2.43256111087935e-09,9.83782105910413e-09,"ENSMUSG00000046402"
1786.96741775665,-0.481950391132901,0.0813165306449176,2.47488807198895e-09,1.00065146636453e-08,"ENSMUSG00000047141"
1254.06416544554,-0.411121045073139,0.0692972849252848,2.53169915501111e-09,1.02336724224661e-08,"ENSMUSG00000063052"
2497.47314407124,0.882317172136885,0.151027417057161,2.53879753226385e-09,1.02598178327187e-08,"ENSMUSG00000030880"
3835.00350690411,-0.505460728573535,0.0854704495964252,2.55760313357175e-09,1.03332498903651e-08,"ENSMUSG00000038366"
422.089783918722,4.67156165957419,0.856151617767799,2.55843386124477e-09,1.03340412886706e-08,"ENSMUSG00000100241"
400.284911782709,0.737403175219326,0.125625450135584,2.57043320602108e-09,1.03799334476833e-08,"ENSMUSG00000030917"
3530.04391887293,-0.376336273164205,0.0634188890525918,2.58122808152805e-09,1.04209401565262e-08,"ENSMUSG00000027244"
1046.71537342442,-0.806851734255431,0.138048934709081,2.58515094529836e-09,1.04341897068105e-08,"ENSMUSG00000047881"
4427.16722426334,-0.675569326495849,0.114859394943822,2.58888766531165e-09,1.04466815607196e-08,"ENSMUSG00000010066"
759.87090663267,-0.744098207361676,0.126910518544891,2.60288963811518e-09,1.05005793133182e-08,"ENSMUSG00000026880"
1399.08091186956,-0.477063552849854,0.0806358522675268,2.61469786890518e-09,1.0545602554519e-08,"ENSMUSG00000000085"
280.172515221674,0.826572375099623,0.141424310684515,2.65760456387418e-09,1.07159987839346e-08,"ENSMUSG00000031825"
1981.12605805103,-0.660862498728713,0.11241337623108,2.66158827874581e-09,1.07294041608282e-08,"ENSMUSG00000018666"
1148.61773972995,-0.55879658759863,0.0947817157790874,2.72190111839605e-09,1.09698208480443e-08,"ENSMUSG00000015776"
8088.86561723343,0.557743801048521,0.0947877831021006,2.72379799666372e-09,1.09747484627951e-08,"ENSMUSG00000028937"
587.27062854552,-0.58225517580821,0.0988742374080451,2.753201376531e-09,1.10904756266201e-08,"ENSMUSG00000028744"
437.170023938636,0.666016754486887,0.113420052225833,2.79498278373475e-09,1.12554379907438e-08,"ENSMUSG00000021720"
332.520772437985,1.03978240934278,0.179629876000575,2.79553604844436e-09,1.12554379907438e-08,"ENSMUSG00000052133"
772.032811880908,0.981873402825043,0.16943372643918,2.80019653325593e-09,1.12714142354946e-08,"ENSMUSG00000056204"
47.0668333249794,1.98096813156879,0.351791996000785,2.80657336391661e-09,1.12942895470543e-08,"ENSMUSG00000024485"
18426.721388609,-0.608643826745833,0.103569528979896,2.82385297030008e-09,1.13610179561406e-08,"ENSMUSG00000059005"
11.9287743204945,7.89318116281091,2.6827307372798,2.83558996680169e-09,1.14054196885589e-08,"ENSMUSG00000067610"
2061.23927963911,0.585216823384342,0.0993800451898846,2.83711391197065e-09,1.14087303011508e-08,"ENSMUSG00000063410"
820.333557760886,-0.660552008079342,0.112553473618354,2.85941032833798e-09,1.14955498455633e-08,"ENSMUSG00000020273"
1189.28704136413,-0.584312166032009,0.0992029915859945,2.86045409230541e-09,1.14969065961846e-08,"ENSMUSG00000029174"
513.679470854624,0.774924224787553,0.13260628266,2.88152375357082e-09,1.15787320811222e-08,"ENSMUSG00000021286"
2735.895556923,0.344967576969038,0.0582655038308007,2.88434650650723e-09,1.15872143220446e-08,"ENSMUSG00000001995"
2014.44768595307,-0.576080524035867,0.0980079782621831,2.91505014967321e-09,1.17053035650089e-08,"ENSMUSG00000015224"
6609.89805072839,0.456690259962741,0.0771515753164441,2.9151800376303e-09,1.17053035650089e-08,"ENSMUSG00000034135"
119.608072546598,-4.07567350910078,0.748402591103506,2.92129294590757e-09,1.1726955998393e-08,"ENSMUSG00000050503"
1431.711709692,-0.43016864257666,0.0728457420035177,2.9340374305729e-09,1.17752123508051e-08,"ENSMUSG00000036893"
512.29090821181,1.0508465167293,0.182039835860378,2.96133825508352e-09,1.18818496712471e-08,"ENSMUSG00000015354"
554.628050741716,-0.628460774698225,0.107114154860496,2.97873087300206e-09,1.19486892929343e-08,"ENSMUSG00000028016"
142.669655070382,1.22737043684055,0.214457650667678,2.99410023798368e-09,1.20073820334807e-08,"ENSMUSG00000041429"
2093.26088197517,-0.391791414013917,0.0663181824955656,2.99822092650639e-09,1.20209458723328e-08,"ENSMUSG00000041891"
1992.22469106509,-0.729353595950577,0.124789931097289,3.01875088483682e-09,1.21002774940591e-08,"ENSMUSG00000033910"
3346.98133222347,0.523140112785879,0.08887496317337,3.04037492056773e-09,1.21839544453475e-08,"ENSMUSG00000043391"
991.537578750099,0.648580130765857,0.110607606276235,3.05424422299749e-09,1.22365216495085e-08,"ENSMUSG00000033214"
67.3996548227174,1.90971977421313,0.340477726878165,3.06869818342963e-09,1.22914047809713e-08,"ENSMUSG00000060735"
1629.66497182184,-0.437499245937204,0.0742128541897221,3.09769466450456e-09,1.240449538716e-08,"ENSMUSG00000031783"
871.001155045671,-2.86442023080565,0.522395781063082,3.14926248155712e-09,1.26078934271488e-08,"ENSMUSG00000036814"
8019.73220524691,0.837662666136076,0.144104537306539,3.21752681998835e-09,1.28750032990001e-08,"ENSMUSG00000027309"
2689.75872290727,-0.507783108366641,0.0863957692793447,3.21835535223193e-09,1.28750032990001e-08,"ENSMUSG00000036568"
271.595197935486,-0.882519628061648,0.152289148523313,3.21806398462087e-09,1.28750032990001e-08,"ENSMUSG00000054381"
132.20901226865,1.38215129494639,0.243103633768757,3.22011262429245e-09,1.28757045684678e-08,"ENSMUSG00000024965"
8572.65599731321,0.415995478793144,0.0705695020564392,3.21962192635936e-09,1.28757045684678e-08,"ENSMUSG00000032046"
210.249083664197,-1.06153414045063,0.184658001576504,3.2689879489704e-09,1.30679238294058e-08,"ENSMUSG00000050914"
3676.95203523661,-0.535638599595251,0.0911892964032629,3.29760561515718e-09,1.31790877003507e-08,"ENSMUSG00000046668"
253.897363463582,-0.756353038190583,0.129920646987885,3.30598101704904e-09,1.32093173773992e-08,"ENSMUSG00000035504"
10628.5466996763,0.863707015252466,0.148882720317986,3.31413649185069e-09,1.32386536967719e-08,"ENSMUSG00000062380"
1643.2608676322,-0.841341777906585,0.145004889315319,3.33950133906598e-09,1.3336703335946e-08,"ENSMUSG00000033618"
1200.31492375042,-0.613691961714181,0.104885261537366,3.34178322334782e-09,1.33425428770311e-08,"ENSMUSG00000019143"
1574.0246681022,-0.48017816621728,0.081705823645643,3.34313645765103e-09,1.33446726968228e-08,"ENSMUSG00000056367"
121.32972073695,1.30309997676163,0.228798192997693,3.3498243853283e-09,1.3368090547775e-08,"ENSMUSG00000027358"
2190.62640319862,-1.10083174625738,0.192023660619012,3.36490629220673e-09,1.34249864275836e-08,"ENSMUSG00000026565"
16923.2867872975,0.541482948567068,0.0928210452441731,3.40817167769436e-09,1.35942706614822e-08,"ENSMUSG00000023010"
548.616553376214,-0.570338670448974,0.0973858352461909,3.45250594895079e-09,1.37677344039738e-08,"ENSMUSG00000032202"
713.521767728767,-0.948291185879317,0.164457119528108,3.49286838836363e-09,1.39252783800596e-08,"ENSMUSG00000109378"
5694.74003241032,0.848236570373813,0.146109071842899,3.50920015858158e-09,1.39869638054336e-08,"ENSMUSG00000036062"
213.262098478308,1.18269011897812,0.206890282421498,3.56957403664064e-09,1.42241190130811e-08,"ENSMUSG00000006732"
3542.23297051912,-0.922561789421579,0.160107378352921,3.59928984837076e-09,1.43390210846254e-08,"ENSMUSG00000019726"
176.979642664676,-0.986273928654904,0.171484476129599,3.66948985242209e-09,1.46115351804616e-08,"ENSMUSG00000028850"
246.257481249984,0.799184032053013,0.137774422523784,3.66900206827041e-09,1.46115351804616e-08,"ENSMUSG00000030008"
482.574276000218,0.930969351826415,0.161457282168427,3.67409757231044e-09,1.46263047889629e-08,"ENSMUSG00000052581"
49.6793095327553,-1.91368087648008,0.34467441329406,3.70446376780321e-09,1.47435846484842e-08,"ENSMUSG00000027611"
766.436795346647,-0.713030410365616,0.122662031824065,3.7135020271512e-09,1.47759437785302e-08,"ENSMUSG00000007944"
302.308787964269,-2.98536258392147,0.54755876341763,3.72687645947105e-09,1.48255364142888e-08,"ENSMUSG00000030108"
1304.86617349035,0.526802803629188,0.0900557620894379,3.77765849971841e-09,1.50238761442503e-08,"ENSMUSG00000004631"
2068.45897957898,-0.590897109871214,0.101199075111494,3.78922658264934e-09,1.50662018349697e-08,"ENSMUSG00000027433"
1294.5091581731,0.665527691438607,0.114318469516856,3.79187373401893e-09,1.50730453339097e-08,"ENSMUSG00000037824"
2529.7044220352,0.55923512905162,0.0957416201400682,3.85456074739442e-09,1.53184911733609e-08,"ENSMUSG00000050697"
4849.47229620345,-0.76377594177604,0.131575205956241,3.94339996068493e-09,1.5667723836961e-08,"ENSMUSG00000032407"
724.075014300844,0.520452607711693,0.0890884426477608,3.95960714530479e-09,1.57282784556543e-08,"ENSMUSG00000016757"
3350.91021699924,-0.425867573503735,0.0727294589086404,3.96379479832075e-09,1.57410714142633e-08,"ENSMUSG00000021039"
957.607475911373,-0.566557066411085,0.0971532557878014,3.9893303319016e-09,1.58386144250474e-08,"ENSMUSG00000014859"
9095.8059362717,0.650937722267712,0.111888190848173,4.0003029133579e-09,1.58783054922311e-08,"ENSMUSG00000055538"
1507.01140903996,0.655752553482253,0.112756118640797,4.04736303673089e-09,1.60611836937849e-08,"ENSMUSG00000035517"
673.299932639991,0.717524449040054,0.123755871741591,4.05451017164178e-09,1.60856243173251e-08,"ENSMUSG00000030990"
874.103605552197,2.55432280221901,0.466196466158596,4.06355974425841e-09,1.61175988101945e-08,"ENSMUSG00000023064"
490.632777051209,-3.4907410215861,0.644594569729558,4.08300241627152e-09,1.6190770604645e-08,"ENSMUSG00000029843"
1771.54556186717,-0.827967697120899,0.143530697076258,4.10357411469466e-09,1.62683827177301e-08,"ENSMUSG00000046351"
4836.79624844357,-0.515729233711621,0.0885137842516711,4.17246367327294e-09,1.65374637627312e-08,"ENSMUSG00000022255"
28.0161130362352,2.33355701274763,0.421993238808206,4.19516282384149e-09,1.66233837503631e-08,"ENSMUSG00000033774"
12806.0150546362,0.46953813580425,0.0803917418530228,4.24444634278779e-09,1.68145771642491e-08,"ENSMUSG00000027223"
2585.20058876871,-0.546611426075436,0.0938864012683193,4.25819573456904e-09,1.68649416465486e-08,"ENSMUSG00000069729"
884.375388838349,-0.427399911345995,0.0731390769734171,4.26027453270117e-09,1.68690705043322e-08,"ENSMUSG00000020171"
1484.06877800192,-0.486198589242226,0.083339944459985,4.29007705911385e-09,1.69829461012294e-08,"ENSMUSG00000027472"
2246.76357359218,0.424480105570458,0.0726075409698506,4.29225503588614e-09,1.69874367795173e-08,"ENSMUSG00000027238"
6860.63392421058,-0.588821063069433,0.10131091006967,4.30505056386395e-09,1.70339360910494e-08,"ENSMUSG00000031393"
14.7914378567033,-6.29519521873488,1.34458464972214,4.30889775856552e-09,1.70450152403231e-08,"ENSMUSG00000032343"
923.641933062447,0.597248169263647,0.102733741754445,4.32996162627904e-09,1.71241776852697e-08,"ENSMUSG00000001942"
1936.03136535867,-0.507626829819035,0.0871157073298993,4.34459779975869e-09,1.71778875356988e-08,"ENSMUSG00000026889"
4092.45423313806,-0.59248255487228,0.101943460188101,4.34597523355147e-09,1.71791609644854e-08,"ENSMUSG00000020015"
16.1031545199026,-4.76699122021639,0.836997462356151,4.36060459807216e-09,1.72328044786158e-08,"ENSMUSG00000047298"
3026.4760507697,-0.486751019774227,0.0834837041423379,4.37518971487917e-09,1.72862471307775e-08,"ENSMUSG00000058301"
2804.81661294805,-0.496351909246483,0.0851533766945151,4.40582115928156e-09,1.74030470348908e-08,"ENSMUSG00000042078"
134.026986287438,1.42323414089444,0.252756985323836,4.41079382488388e-09,1.74184623681368e-08,"ENSMUSG00000036718"
3274.38757919995,-0.763538024285006,0.132162368475393,4.42019568554896e-09,1.74513571111729e-08,"ENSMUSG00000039976"
6887.79083592345,0.64300603272578,0.110830160527796,4.43687528732315e-09,1.75129621549579e-08,"ENSMUSG00000021756"
1391.68944843728,-0.479531094669331,0.0822721187593793,4.49599464557856e-09,1.77420123250249e-08,"ENSMUSG00000041609"
1618.91314650211,0.531676771847024,0.0912610780370728,4.52982154224213e-09,1.78711670054817e-08,"ENSMUSG00000040640"
511.524637100092,0.822736249200561,0.142925423868197,4.53101062950413e-09,1.78715267814558e-08,"ENSMUSG00000039375"
1869.32740401845,-0.510194678168765,0.0876868291824312,4.55969428102228e-09,1.79803060819963e-08,"ENSMUSG00000063382"
1292.34900121718,-0.617900321245686,0.106567233547264,4.56431513701636e-09,1.79941685154644e-08,"ENSMUSG00000014932"
159.953683039626,1.00581553771552,0.176289116278047,4.58590148471909e-09,1.80748920988516e-08,"ENSMUSG00000036639"
4463.41006643327,-0.425643072597913,0.0729953128426087,4.59869844003040e-09,1.81165569232369e-08,"ENSMUSG00000026775"
47.2739171923742,2.12527406851485,0.386890310026086,4.59810106915688e-09,1.81165569232369e-08,"ENSMUSG00000054453"
826.21167065127,0.854387090255236,0.148700872990213,4.69332290633471e-09,1.84848561019396e-08,"ENSMUSG00000046287"
370.696213405738,0.603671089667763,0.104151673991291,4.72666623099945e-09,1.86116770460109e-08,"ENSMUSG00000041840"
30719.5009019553,0.474686359850115,0.0815460376492086,4.76042333713365e-09,1.87400655578867e-08,"ENSMUSG00000008348"
597.898455750039,-0.583106374928996,0.100516450082149,4.76901077411502e-09,1.87693320553782e-08,"ENSMUSG00000036249"
1008.80991301738,0.607270527778716,0.104819401632746,4.80957374863373e-09,1.8924399680991e-08,"ENSMUSG00000024787"
822.432028184002,0.605540874366368,0.104513797155768,4.83100026757682e-09,1.90041136673793e-08,"ENSMUSG00000014907"
1118.29411809363,-0.629680414199115,0.108841251574904,4.86485348088783e-09,1.91326612616313e-08,"ENSMUSG00000058638"
101.566259662132,1.99202744093311,0.365190578352308,4.91659792557628e-09,1.93314930030267e-08,"ENSMUSG00000052142"
94.2056314235987,-1.43324321460469,0.256128759596181,4.97755192754733e-09,1.95664308806123e-08,"ENSMUSG00000046794"
953.672069934177,-0.468148803967979,0.0805477773096581,4.98029374599373e-09,1.9572482278437e-08,"ENSMUSG00000029708"
46.105062950735,1.93805141361772,0.351490801188814,5.06824527087466e-09,1.99133228383533e-08,"ENSMUSG00000027420"
847.950311264026,0.811552423351022,0.14132027554011,5.0942078986828e-09,2.00105010074225e-08,"ENSMUSG00000032231"
58.4957288319788,1.44883570579409,0.258872354005115,5.12610478545869e-09,2.01309369596373e-08,"ENSMUSG00000113569"
2351.98448051984,-0.977750494989785,0.17171854550335,5.13608322466528e-09,2.01652587388088e-08,"ENSMUSG00000055866"
24.7175080938818,2.96074359784984,0.542140534841883,5.14139342449194e-09,2.0181239971999e-08,"ENSMUSG00000094151"
2522.29781356302,0.632527997416867,0.109484053887806,5.19509649661378e-09,2.03871216904241e-08,"ENSMUSG00000062184"
367.593076178717,-1.25193863621214,0.222526411280997,5.19944245882509e-09,2.03992586996276e-08,"ENSMUSG00000104713"
66.6690710950897,2.02609932206544,0.369211517231902,5.26250303664256e-09,2.06416926338476e-08,"ENSMUSG00000022342"
8508.73354772932,0.738351488454077,0.128407625575264,5.36245528776678e-09,2.10286791554487e-08,"ENSMUSG00000019986"
2047.16044697204,0.500146400723003,0.0862816903638876,5.37298786299666e-09,2.1064907618945e-08,"ENSMUSG00000059714"
891.967380505163,-0.511906732791046,0.0884215618507452,5.39922798483007e-09,2.11626855615372e-08,"ENSMUSG00000029034"
674.744818934382,0.668776506438875,0.116094010495056,5.43262491716297e-09,2.1288461338849e-08,"ENSMUSG00000040254"
1644.7470315306,0.612370821710631,0.1060639570432,5.51947256821327e-09,2.16235798953973e-08,"ENSMUSG00000026600"
3659.34838555568,-0.493171413723328,0.0851714750271631,5.53366250991871e-09,2.16739553263852e-08,"ENSMUSG00000021712"
25772.4182834921,0.337415797337996,0.0580409143608718,5.65836734608648e-09,2.21570612604271e-08,"ENSMUSG00000020458"
70.3488494308228,1.42459961262141,0.25531632747334,5.69973728469081e-09,2.23136901202975e-08,"ENSMUSG00000058183"
3037.21561010241,-0.589508520757674,0.102229972718339,5.73817697454346e-09,2.24587748957967e-08,"ENSMUSG00000026987"
779.479797220803,-0.663855608421128,0.115463104796152,5.81055345248296e-09,2.27365839181533e-08,"ENSMUSG00000039308"
148.811389613362,1.15509900904442,0.205046844203916,5.86243917081392e-09,2.29340987316772e-08,"ENSMUSG00000025017"
570.763827062608,-0.9823642186227,0.173255074564914,5.92382431359955e-09,2.31686718348807e-08,"ENSMUSG00000052372"
1867.20325944332,-0.618274775250644,0.107465639214605,5.95946895848107e-09,2.3302482754301e-08,"ENSMUSG00000060301"
3652.97443766616,-0.510669946934478,0.0884806571625535,6.06716359263488e-09,2.37178887994502e-08,"ENSMUSG00000029439"
3442.02764869457,-0.575302615466174,0.0999131698685847,6.1030428353503e-09,2.38524204739093e-08,"ENSMUSG00000037475"
1157.08577541181,0.562242404687858,0.0975558581724447,6.1219460177903e-09,2.39205562356194e-08,"ENSMUSG00000030847"
176.001931683557,-1.10259365115528,0.195851234033881,6.13734537360848e-09,2.39749719202301e-08,"ENSMUSG00000038132"
108.32860424731,1.10409793783832,0.196227200245351,6.18253851056251e-09,2.41457202195145e-08,"ENSMUSG00000079177"
1178.88871689717,0.535102922230816,0.0928046229635867,6.21012088225721e-09,2.42476247832533e-08,"ENSMUSG00000049670"
31.2527208314735,-2.08173021880217,0.380112961930135,6.23759601400834e-09,2.43490618503664e-08,"ENSMUSG00000005640"
754.347314588513,-0.548751951494869,0.0953032040337143,6.29615635026361e-09,2.4571765300789e-08,"ENSMUSG00000029246"
1033.97944850208,0.591721056225315,0.102831984890703,6.30003379966203e-09,2.45810043602345e-08,"ENSMUSG00000082809"
28.1778900518962,3.12403645423297,0.577019778558088,6.31504859622139e-09,2.46336834529815e-08,"ENSMUSG00000043003"
1754.4796323469,0.538347944438233,0.0934445757387662,6.34031078226093e-09,2.47263006501302e-08,"ENSMUSG00000024962"
4608.6069905508,-0.610089720016081,0.106254032961025,6.40933240270008e-09,2.49894881080603e-08,"ENSMUSG00000027665"
64.9542172101326,1.70106176674046,0.309244446377846,6.4394483449001e-09,2.5100895631773e-08,"ENSMUSG00000053111"
183.801058938031,-1.00420444204095,0.177928738553674,6.50824491317722e-09,2.53629903511369e-08,"ENSMUSG00000113262"
14.2096250498046,6.17173394187028,1.33290886897094,6.51113310547846e-09,2.53681724966439e-08,"ENSMUSG00000067261"
8272.0936106429,-0.844290699799011,0.148339209320647,6.51643417456115e-09,2.53827507761442e-08,"ENSMUSG00000030729"
6020.87271862098,-0.335777714183762,0.0580631314441586,6.57542226394383e-09,2.56029253262939e-08,"ENSMUSG00000020198"
586.245967950755,-0.787542566536918,0.138154795138191,6.57610460678429e-09,2.56029253262939e-08,"ENSMUSG00000050605"
6495.21058589312,0.793260132258445,0.139160120531546,6.61807526410498e-09,2.57601695717601e-08,"ENSMUSG00000024617"
1736.47024423415,0.458079885616178,0.0794122283102158,6.64857338864124e-09,2.58726936696873e-08,"ENSMUSG00000087408"
8879.37075838159,-0.781921588993489,0.137177416659357,6.69620194224164e-09,2.60518105200309e-08,"ENSMUSG00000037172"
20.9810718606772,-4.62301489400723,0.840250405980806,6.71962789718314e-09,2.6136703204384e-08,"ENSMUSG00000052974"
2294.49468905088,-0.628523412833712,0.109712231719127,6.81015635948374e-09,2.6482495274648e-08,"ENSMUSG00000015522"
1017.4252942934,-0.793145372089191,0.139429787644721,6.85380162705395e-09,2.66458521340302e-08,"ENSMUSG00000046667"
2439.69360834168,-0.398780776131328,0.0691626700534288,6.91038514051901e-09,2.68594196077766e-08,"ENSMUSG00000010110"
858.322568917457,-0.595474610534189,0.103854896224977,6.91398947879525e-09,2.68670137827236e-08,"ENSMUSG00000095432"
2185.22518601026,0.627360616311842,0.10949054485237,6.95584568789869e-09,2.7023211481531e-08,"ENSMUSG00000021614"
4373.32474760484,-0.583683163004768,0.10178209293538,6.96932258507984e-09,2.70691083368957e-08,"ENSMUSG00000020124"
52.965593029567,1.95989693907135,0.360062441710412,7.0820027234026e-09,2.75002004607699e-08,"ENSMUSG00000026979"
676.813222510716,0.785491453847008,0.138046440508386,7.12630253303229e-09,2.76656219014309e-08,"ENSMUSG00000029376"
48.1124879955492,2.04346659239294,0.375382244170161,7.13145130388395e-09,2.76790091379645e-08,"ENSMUSG00000020407"
86.5413700293559,-1.13845681205473,0.203325617150662,7.1453001527119e-09,2.77261491980559e-08,"ENSMUSG00000036931"
490.338729998209,-0.849020200293916,0.14995572848366,7.22968255688655e-09,2.80468952957577e-08,"ENSMUSG00000032258"
318.021494274209,-1.1036604336701,0.197196726162683,7.33788258163098e-09,2.84598648233951e-08,"ENSMUSG00000096795"
571.180369979994,3.22041719697283,0.605256001539082,7.35203516133897e-09,2.85079629243153e-08,"ENSMUSG00000036198"
1196.71937916646,0.406010276269438,0.0705483533658802,7.44204361108224e-09,2.8850103810716e-08,"ENSMUSG00000028479"
52.0226017906959,2.20746801886225,0.407414825041969,7.48406090448583e-09,2.90060817626715e-08,"ENSMUSG00000116121"
3841.0168711595,-0.425409860555238,0.0740152900469665,7.51494312003615e-09,2.91188393496664e-08,"ENSMUSG00000000441"
1032.15813689868,-0.528458970539731,0.0922501144507824,7.62361936278173e-09,2.95329071840459e-08,"ENSMUSG00000042042"
1135.76595808392,-1.03496092809323,0.184492322135265,7.73048109142571e-09,2.99397504654361e-08,"ENSMUSG00000003617"
256.365139410676,2.96690659279243,0.556682375736565,7.75154323416656e-09,3.00141819138352e-08,"ENSMUSG00000090486"
1385.43332096837,-0.625910907077404,0.109657605408881,7.76514755767292e-09,3.00597079533412e-08,"ENSMUSG00000037617"
399.062517806367,-0.746326950333235,0.131406779019075,7.81296147336531e-09,3.02376098106135e-08,"ENSMUSG00000040302"
490.182350411627,-1.42147926022506,0.25785432294235,7.93219220002734e-09,3.06917576971821e-08,"ENSMUSG00000049148"
2920.78404441764,0.714445823309223,0.125517157458491,7.93496371747441e-09,3.06951852169792e-08,"ENSMUSG00000025825"
7290.42341571759,0.484375139872875,0.0844951252032799,7.93713295231088e-09,3.06962818241189e-08,"ENSMUSG00000031532"
978.817247535351,-0.929788419869285,0.165142621435156,8.00752792018472e-09,3.09611732742914e-08,"ENSMUSG00000041625"
27.3660662964892,-3.15157016298403,0.59244781273784,8.06469090976372e-09,3.11747895105993e-08,"ENSMUSG00000025991"
2214.63100353405,-0.66783280077483,0.117353274676916,8.07173906872261e-09,3.11946269137385e-08,"ENSMUSG00000004591"
753.915934296373,-0.536630607483822,0.0938865531523614,8.16145462089791e-09,3.15338614571508e-08,"ENSMUSG00000045045"
7720.03461005178,0.309675128942256,0.0538245456058905,8.16872797727403e-09,3.15544741371777e-08,"ENSMUSG00000091896"
1559.60529366649,-0.424661993710082,0.0740759913648302,8.25853705084157e-09,3.18938235144956e-08,"ENSMUSG00000038346"
17.3543395087933,2.83814339254544,0.524849612694299,8.29035345142591e-09,3.20091018696184e-08,"ENSMUSG00000072672"
24.5751487556005,-2.67362747782966,0.499679553506111,8.29993119335704e-09,3.20384823252231e-08,"ENSMUSG00000028115"
765.522537640883,0.550275934742826,0.0963257314033568,8.33045198923306e-09,3.2148671759302e-08,"ENSMUSG00000042050"
2378.09517194037,0.450374386308246,0.0786183911883156,8.44226786961555e-09,3.25647479577256e-08,"ENSMUSG00000026003"
3488.20215393274,-0.467814308982739,0.0817615745050224,8.44201964593236e-09,3.25647479577256e-08,"ENSMUSG00000041040"
1799.97627037106,-0.386893669937629,0.0674686350175197,8.44952178133779e-09,3.25850072391889e-08,"ENSMUSG00000034007"
14.5597857375251,-3.7804320690206,0.694931568438827,8.51267329715338e-09,3.2820771182156e-08,"ENSMUSG00000051456"
686.666718262585,-0.560593083328299,0.0982707661734292,8.52087824095669e-09,3.28446260966832e-08,"ENSMUSG00000044763"
1418.40645134978,-0.630113990736057,0.110776212991903,8.67739741806502e-09,3.34400272659238e-08,"ENSMUSG00000031479"
88.4663851979473,1.3434520250817,0.243206125589337,8.72539951184338e-09,3.36170540245648e-08,"ENSMUSG00000040693"
10031.7328676242,-0.644398310300459,0.113788547261957,8.76065678700342e-09,3.37449056267964e-08,"ENSMUSG00000020262"
645.091258600404,0.66185997424679,0.116487316049803,8.76304079407018e-09,3.37461031572922e-08,"ENSMUSG00000024799"
5112.9081457614,-0.554922221110589,0.0973400770993729,8.78698863860835e-09,3.3830321915626e-08,"ENSMUSG00000051675"
21.0000027069989,2.83157711361428,0.528467997744917,8.79649147617503e-09,3.38589000352748e-08,"ENSMUSG00000034918"
17271.6167012107,-0.462445504670504,0.0808885073461764,8.83087048171887e-09,3.39831937828416e-08,"ENSMUSG00000023169"
1706.99420691114,0.629768367349693,0.110726685532339,8.84690225324005e-09,3.4036841143522e-08,"ENSMUSG00000001260"
2795.33484525884,-0.445169974615774,0.0778382505318505,8.87800052807595e-09,3.4148415074674e-08,"ENSMUSG00000030082"
145.134640631646,0.92570848142772,0.164867115664885,8.90868842652376e-09,3.42583581873267e-08,"ENSMUSG00000028970"
2119.4567881354,0.720423863109021,0.127025992560814,8.99594681670412e-09,3.45857397927042e-08,"ENSMUSG00000024059"
757.725429645046,-0.838657189630207,0.148923097537121,9.03050453807514e-09,3.47104020946369e-08,"ENSMUSG00000041180"
4103.14815677725,-0.607418246215209,0.106847585329798,9.06912985691838e-09,3.4842411095331e-08,"ENSMUSG00000068742"
1031.19718124151,-0.837758251758988,0.148862654359559,9.06857110796381e-09,3.4842411095331e-08,"ENSMUSG00000089824"
609.542059922196,1.10794749219002,0.198988868308331,9.11830955347358e-09,3.50230870484764e-08,"ENSMUSG00000027971"
154.675526851699,1.17438678470124,0.211809213556478,9.17321660697637e-09,3.5225671131956e-08,"ENSMUSG00000061322"
353.29633284793,0.826175818834247,0.146587417940165,9.18065873929270e-09,3.52459346599544e-08,"ENSMUSG00000037960"
9963.45233489446,-0.565076467243988,0.0992783922887844,9.19815491566099e-09,3.53047785232562e-08,"ENSMUSG00000060743"
466.475045975577,0.928392710124037,0.165535722379952,9.20838644191288e-09,3.53357177042569e-08,"ENSMUSG00000044927"
5319.45967731798,-0.394760558690506,0.0690589177959437,9.30760976863687e-09,3.57080536916971e-08,"ENSMUSG00000023495"
98.7324320661228,1.87130919491604,0.346908816219026,9.33722591457007e-09,3.58132336091828e-08,"ENSMUSG00000026177"
331.668791890669,0.998788567777741,0.178748042860846,9.3876598992284e-09,3.59981926595147e-08,"ENSMUSG00000003872"
39338.4412861113,0.603544264948789,0.106014436847565,9.44561426584914e-09,3.62118956711004e-08,"ENSMUSG00000014602"
66.1314513470527,-1.36733342291638,0.248563436171112,9.47710211339491e-09,3.63240565580039e-08,"ENSMUSG00000000440"
11043.6948728256,0.344923963270761,0.0602871702635493,9.59987192072032e-09,3.67859498882969e-08,"ENSMUSG00000037217"
435.828917294037,-0.638860670677953,0.112837082409529,9.83012565683249e-09,3.76593987860483e-08,"ENSMUSG00000029650"
1113.48817759769,0.86633859032304,0.154305392223562,9.83263995463583e-09,3.76601678074264e-08,"ENSMUSG00000006356"
1169.40434796193,-0.649799959125046,0.114820083732195,9.84248617163414e-09,3.76890119740909e-08,"ENSMUSG00000027259"
123.943690261251,1.35254883539212,0.24606109312124,9.98966729215108e-09,3.82436039937995e-08,"ENSMUSG00000061048"
269.376859717775,-0.711265502234794,0.126043533950257,1.00054107776217e-08,3.82948687134084e-08,"ENSMUSG00000050240"
892.195293613886,-0.597638180525864,0.105416117814761,1.01472221734302e-08,3.88285102348607e-08,"ENSMUSG00000038605"
1165.27598092538,-0.488279698792384,0.0858687821031598,1.02565443974488e-08,3.92376098006278e-08,"ENSMUSG00000078877"
615.652696389386,0.758397776483855,0.134596876598851,1.02968540671146e-08,3.93825635583862e-08,"ENSMUSG00000031209"
13.867348072096,-4.17682844280243,0.762481828014499,1.03769846785668e-08,3.96797173121238e-08,"ENSMUSG00000031382"
798.575562772243,0.751207964843121,0.133386800248955,1.04578353262191e-08,3.99794841334418e-08,"ENSMUSG00000021493"
4008.19864418814,-0.498827538861802,0.0878254347234039,1.04714048056551e-08,4.00219599498601e-08,"ENSMUSG00000024843"
1665.66080381792,-0.523385764504386,0.092252609424852,1.04795028398992e-08,4.00435087389389e-08,"ENSMUSG00000054034"
1789.03562862425,-0.609396750972073,0.107653866940201,1.04960409901533e-08,4.00972905979149e-08,"ENSMUSG00000001507"
736.976908344774,-0.4894651525358,0.0861895794188924,1.06665218230191e-08,4.07390056863223e-08,"ENSMUSG00000033983"
1587.10730371641,-0.523185747359175,0.0922855278447503,1.07066529388603e-08,4.08826874357889e-08,"ENSMUSG00000091512"
537.628343033995,-0.827916921374695,0.147798169465438,1.07521629169994e-08,4.10468358261998e-08,"ENSMUSG00000043964"
23.0537691944661,2.35173845307992,0.441347213870918,1.09209553803165e-08,4.16814329849455e-08,"ENSMUSG00000090824"
445.28150226025,-0.932203695532819,0.167102552958593,1.09520659193906e-08,4.17903724884762e-08,"ENSMUSG00000029307"
1969.49616771379,-0.671659543987265,0.119122283934934,1.09646064697807e-08,4.18284190567354e-08,"ENSMUSG00000001985"
334.708696474398,1.15689062869711,0.209586756307193,1.10077852587888e-08,4.19833009471799e-08,"ENSMUSG00000030579"
158.651825511398,1.11868970816256,0.202481779960977,1.11253794334221e-08,4.24218614235757e-08,"ENSMUSG00000031562"
135.370779116505,1.53463047875631,0.282691793340214,1.12130601241158e-08,4.27461809602709e-08,"ENSMUSG00000026831"
1277.35171570191,0.498918302418681,0.0880144702725257,1.1327173236713e-08,4.31710901304647e-08,"ENSMUSG00000026495"
68.7079256562546,-1.25362655156149,0.228160851120047,1.13972091239835e-08,4.34278488109089e-08,"ENSMUSG00000089768"
1861.12718020583,-0.639929767780959,0.113527708885657,1.15846001595822e-08,4.41315519301848e-08,"ENSMUSG00000014668"
831.644509041597,-0.569207160109499,0.100742218314245,1.17265293491625e-08,4.46617793040869e-08,"ENSMUSG00000045466"
266.625754671544,0.848160377003494,0.151960289168742,1.19734967478766e-08,4.55917146343708e-08,"ENSMUSG00000033233"
17.6742455688827,5.19931361763812,0.929091794307175,1.19924681592277e-08,4.56532733152265e-08,"ENSMUSG00000025329"
507.463095250405,-0.944549136535959,0.170123283687479,1.21245571987667e-08,4.61453219737023e-08,"ENSMUSG00000026674"
1015.56361469345,-0.504613557802146,0.0892374914588707,1.2265725442855e-08,4.66716874143976e-08,"ENSMUSG00000030621"
4218.33398149673,-0.548115136620539,0.0971099500571367,1.2288114293965e-08,4.67459510346253e-08,"ENSMUSG00000116165"
3622.50057823097,0.606937636302304,0.107695847380603,1.2310819681218e-08,4.6821383824969e-08,"ENSMUSG00000031207"
512.922492209448,0.645783417187208,0.114717478809815,1.23214273920593e-08,4.68507813800377e-08,"ENSMUSG00000023094"
2777.93044059734,0.46574931545796,0.0824067312544827,1.23589616183331e-08,4.69825262081332e-08,"ENSMUSG00000019969"
119.177649350005,1.24058907341649,0.226429663209066,1.24424715488506e-08,4.72889451020758e-08,"ENSMUSG00000048029"
27.9334310325769,-2.06201973166658,0.385003899335856,1.24812026294497e-08,4.74250738567184e-08,"ENSMUSG00000096169"
7069.02459761201,-0.660519425515026,0.117573716567536,1.25062129273879e-08,4.74979314120438e-08,"ENSMUSG00000020271"
3055.63878190108,-0.35162693795572,0.0619889423920851,1.25059424739188e-08,4.74979314120438e-08,"ENSMUSG00000048895"
2565.75237896603,-0.65066997922867,0.115853995291121,1.27309906795221e-08,4.83403466949525e-08,"ENSMUSG00000026739"
7252.54698232451,-0.383365183163096,0.0677028792599336,1.28575263377396e-08,4.88094248427532e-08,"ENSMUSG00000022770"
9752.82175815319,-0.59116473833338,0.104767191481271,1.28775380420106e-08,4.88739949283862e-08,"ENSMUSG00000019124"
14.8187779354676,5.06337401647344,0.907724813274749,1.29197887084862e-08,4.90205358212329e-08,"ENSMUSG00000024124"
29.1875733324303,2.2219345459278,0.416489767756691,1.29221722084353e-08,4.90205358212329e-08,"ENSMUSG00000030559"
115.830261879418,1.45194081963193,0.268013407940198,1.29323020884116e-08,4.90475334098703e-08,"ENSMUSG00000039963"
130.504454990644,0.982760549286545,0.177540604113316,1.31453628772533e-08,4.98439825101164e-08,"ENSMUSG00000045005"
47.1955817167539,-3.12316198669703,0.607934895493137,1.31782209018089e-08,4.99569352211564e-08,"ENSMUSG00000020080"
531.810258805458,0.849342706378558,0.152612803952671,1.32087445483817e-08,5.00609880695127e-08,"ENSMUSG00000028607"
15.6174503456562,-5.09394513830343,0.917906215413346,1.32394584533906e-08,5.0165713385543e-08,"ENSMUSG00000017723"
15.6659874098545,3.79833786762273,0.709774005951812,1.32995076745074e-08,5.03815187166932e-08,"ENSMUSG00000051251"
493.661015082167,-0.606088731589971,0.107889817699191,1.3388655715674e-08,5.07074308375388e-08,"ENSMUSG00000058748"
2403.87716595852,-0.583560457019298,0.103602853547218,1.34391678608043e-08,5.08868979851529e-08,"ENSMUSG00000037573"
5227.76494749668,-0.353150935083564,0.0624129089801066,1.3495381928053e-08,5.10878667499645e-08,"ENSMUSG00000030835"
16.9276162649782,4.36831865207708,0.814720465382212,1.35044103915467e-08,5.11101586499878e-08,"ENSMUSG00000070330"
5237.06443559145,-0.421191817696035,0.0745953260367097,1.35442197309319e-08,5.12489095258275e-08,"ENSMUSG00000024953"
5545.22255662554,0.845485281468763,0.151951593242905,1.36070489784266e-08,5.14746788916635e-08,"ENSMUSG00000066357"
2694.58444127492,0.440408229827619,0.0779974921649414,1.3730423255889e-08,5.19293284756879e-08,"ENSMUSG00000009569"
7338.2728030173,-0.649341273801297,0.115884346435965,1.37747636564503e-08,5.20849251567243e-08,"ENSMUSG00000021488"
92.2377249524805,-1.4375977292186,0.265931220387946,1.40743572554519e-08,5.320538490577e-08,"ENSMUSG00000039131"
8978.44103674619,-0.449635886988016,0.0797673129905802,1.41761240996034e-08,5.35776522157752e-08,"ENSMUSG00000032097"
2614.1396231525,-0.46599415867575,0.0827267225214761,1.43400338093121e-08,5.41845567195873e-08,"ENSMUSG00000079184"
2445.03136624192,0.396623658101971,0.07028664524877,1.43635529272804e-08,5.42608295544838e-08,"ENSMUSG00000019927"
3404.42666467419,0.505937775156114,0.0896547002146164,1.43794781268893e-08,5.43083862991889e-08,"ENSMUSG00000037851"
151.542387354097,-4.05060722135524,0.78663554109607,1.44294481005436e-08,5.44844713942584e-08,"ENSMUSG00000025094"
903.939523016193,0.679260890330102,0.1215056518041,1.4446381383317e-08,5.45357597768167e-08,"ENSMUSG00000040188"
5177.45348250342,0.53977383735581,0.0960639518972933,1.45990801379078e-08,5.50994264977656e-08,"ENSMUSG00000039782"
4450.69390988996,-0.722172370748058,0.129539550076426,1.4616597396547e-08,5.51527520679167e-08,"ENSMUSG00000037416"
343.2988040981,-1.03431658165558,0.188213594814839,1.46747576138893e-08,5.53593753044936e-08,"ENSMUSG00000072572"
2251.6421195322,-0.391196231062814,0.0693710598887816,1.4779365353376e-08,5.57410818401889e-08,"ENSMUSG00000036779"
481.434611037905,-0.635861881394176,0.113707150124661,1.49134770876168e-08,5.6233861485343e-08,"ENSMUSG00000035109"
200.067146910685,-0.939639363524752,0.170273563844556,1.49600745632445e-08,5.63965015610224e-08,"ENSMUSG00000002108"
175.381277200032,1.19448078829312,0.218726919865338,1.49762648308322e-08,5.64444637453777e-08,"ENSMUSG00000034173"
2615.52375107327,0.766583862701279,0.137728255917454,1.50579412039952e-08,5.67391590089431e-08,"ENSMUSG00000034220"
187.663009221768,1.09954255287659,0.200510221729504,1.50975151248845e-08,5.68751102066349e-08,"ENSMUSG00000055653"
410.048361962177,0.770372944278167,0.138534608132959,1.52792657687272e-08,5.75464803755997e-08,"ENSMUSG00000096039"
6495.55518846039,-1.00138630160685,0.18220268860207,1.53179276818795e-08,5.76654086044485e-08,"ENSMUSG00000038174"
2955.73555748035,-0.56253588402586,0.100403938167699,1.53158829077144e-08,5.76654086044485e-08,"ENSMUSG00000038369"
2892.88808496728,0.814782927651793,0.146800567920032,1.53673458189243e-08,5.78380705758265e-08,"ENSMUSG00000070509"
1537.16021793252,1.27853948817113,0.235400530602061,1.54128829143344e-08,5.79960490243954e-08,"ENSMUSG00000063564"
866.92298624266,1.00262214303601,0.182413226588543,1.55822078197739e-08,5.86196392166119e-08,"ENSMUSG00000032332"
5357.78288843383,0.42706136916868,0.0759134468563924,1.56420276731521e-08,5.88310828243001e-08,"ENSMUSG00000032340"
1677.08556903624,-0.430911375317753,0.0766345555068925,1.56921922346614e-08,5.90061227063566e-08,"ENSMUSG00000031862"
18.8383390093498,-3.77353742085975,0.728554046409481,1.57018242240917e-08,5.90287054780055e-08,"ENSMUSG00000044976"
3431.34850613339,0.390826872746781,0.0693938692053811,1.57381636016827e-08,5.91516571480469e-08,"ENSMUSG00000024588"
1448.54978570276,-0.612417681921304,0.109798297540158,1.58493203546083e-08,5.95556871496569e-08,"ENSMUSG00000039456"
6674.19931379056,0.603843258925271,0.107997583494867,1.59540035487372e-08,5.99352111161651e-08,"ENSMUSG00000003518"
1682.20205983807,0.636750171862449,0.114022740496529,1.598967935563e-08,6.00553762231068e-08,"ENSMUSG00000050530"
55.0189176161339,2.334987745047,0.445110841180616,1.6070664441468e-08,6.03456230168895e-08,"ENSMUSG00000032128"
2145.85074378878,-0.644689602720513,0.115609370617821,1.61873906186456e-08,6.07699133972124e-08,"ENSMUSG00000022553"
38185.2142370683,-0.369044183339754,0.0656815529681176,1.62932695975603e-08,6.11532954828422e-08,"ENSMUSG00000019877"
1160.50996237692,-0.452581363691289,0.0807417648032893,1.65754207900676e-08,6.21979482758692e-08,"ENSMUSG00000047084"
33.9980426694563,-2.39871468513226,0.456864749522904,1.66518377474883e-08,6.24702961174498e-08,"ENSMUSG00000021187"
8522.191816669,-0.314007711146247,0.0558167649717844,1.68095617003001e-08,6.30474758888213e-08,"ENSMUSG00000049044"
7514.00090032308,-0.35914484668185,0.0638696268618549,1.68437616595995e-08,6.31611961057268e-08,"ENSMUSG00000029053"
147.58302677234,-1.87167694393751,0.353805961845365,1.70442799929643e-08,6.38983854733932e-08,"ENSMUSG00000036446"
5784.48974101984,-0.785110895789794,0.144095682442656,1.73255818849501e-08,6.49380202448118e-08,"ENSMUSG00000057335"
535.33868098674,0.605989518174474,0.10873392167195,1.7479136815597e-08,6.54984781501584e-08,"ENSMUSG00000079480"
884.106676000739,-0.728352071321327,0.13135110276547,1.75128555143626e-08,6.56097265967305e-08,"ENSMUSG00000038623"
30254.431690107,0.88648174315347,0.160911508646614,1.75281828179542e-08,6.56520386356785e-08,"ENSMUSG00000024411"
357.242533804413,-1.31387336471873,0.243622194120408,1.7670987640341e-08,6.61641854533765e-08,"ENSMUSG00000006154"
2081.33648946696,-0.672133948024882,0.12094505913402,1.76730481847451e-08,6.61641854533765e-08,"ENSMUSG00000044847"
22.7021115840038,2.50034289928126,0.477079775141899,1.76807418423763e-08,6.617776861582e-08,"ENSMUSG00000041202"
1402.47612988599,-0.47252903766093,0.0844579821515576,1.78666746875448e-08,6.68583288652538e-08,"ENSMUSG00000029056"
4549.45298765119,0.486599759339751,0.0871696433244832,1.79799021154721e-08,6.72665701300057e-08,"ENSMUSG00000025920"
2923.69951603471,-0.391010118956767,0.0697831537491351,1.8016024555617e-08,6.73707437896471e-08,"ENSMUSG00000052656"
448.196841814436,-0.623420855583478,0.112065772748179,1.80156504349117e-08,6.73707437896471e-08,"ENSMUSG00000091780"
1376.17342293651,0.49955851282332,0.089367912478839,1.80223618640651e-08,6.73789633493918e-08,"ENSMUSG00000022951"
302.373117045709,1.13715644523972,0.209078727260646,1.80737810520927e-08,6.75401763007266e-08,"ENSMUSG00000001665"
79.2094433527457,-1.81076759779005,0.343140796006381,1.80723887337055e-08,6.75401763007266e-08,"ENSMUSG00000042918"
66.8345471777978,-1.28957482845582,0.238721350184379,1.80875656501699e-08,6.75761748114449e-08,"ENSMUSG00000058806"
127.083482634687,1.28775766396681,0.238774592218347,1.81512002065002e-08,6.77983563472718e-08,"ENSMUSG00000027932"
270.652584959764,0.960190933541922,0.175282093779609,1.83005404744889e-08,6.83404904436177e-08,"ENSMUSG00000071103"
3583.02378327154,-0.400236187947774,0.0714702062863858,1.83424657301771e-08,6.84813433843632e-08,"ENSMUSG00000032178"
13801.8848504022,-0.47384469423209,0.0848829206050997,1.84376362358776e-08,6.88208765529959e-08,"ENSMUSG00000033763"
1343.36712911401,0.703034061814221,0.126851353559522,1.86078694056162e-08,6.94403709730905e-08,"ENSMUSG00000038368"
4672.55007217786,-0.477536222055828,0.0855413583126166,1.86350722545478e-08,6.95259468621428e-08,"ENSMUSG00000022858"
16833.0359420581,-0.892081469209985,0.162502169660731,1.87753994830242e-08,7.00334447260925e-08,"ENSMUSG00000055567"
4282.4319224424,-0.534619913519177,0.0959466875147335,1.88568441222415e-08,7.03050180077523e-08,"ENSMUSG00000005886"
2303.87526677116,-0.46405587541006,0.0830884809971268,1.88554773131727e-08,7.03050180077523e-08,"ENSMUSG00000022426"
146.823834244168,1.25175875749283,0.232303359051166,1.88896562755358e-08,7.04112262086494e-08,"ENSMUSG00000044176"
58.833917094932,1.67335957421591,0.315037509094062,1.89572667817492e-08,7.06470670039638e-08,"ENSMUSG00000038756"
2017.9636083762,-0.449408684730121,0.0804560991805555,1.8981175606101e-08,7.07199763140565e-08,"ENSMUSG00000022008"
220.790834133361,0.819670899772808,0.148753573131851,1.93104597725851e-08,7.19303579355013e-08,"ENSMUSG00000041696"
1301.58899541213,-0.411503521127086,0.0736433683171568,1.93520713121243e-08,7.20688668082267e-08,"ENSMUSG00000028397"
981.812122101691,-0.493729570102998,0.0885825946788723,1.96065737216699e-08,7.29999558649001e-08,"ENSMUSG00000028224"
457.515996568623,-1.24830077556874,0.231485289478009,1.97112081441941e-08,7.33727523830759e-08,"ENSMUSG00000030680"
663.027761179859,0.564756937202959,0.101581242272258,1.9940403271262e-08,7.42089356309107e-08,"ENSMUSG00000037773"
77.057906842731,-1.74763589613576,0.330142937167265,2.00925759386338e-08,7.47581602580756e-08,"ENSMUSG00000093880"
10482.8986413442,-0.397658626352084,0.0712508243701707,2.03351708820938e-08,7.56434898580264e-08,"ENSMUSG00000025656"
1397.04612529219,-0.462035634177093,0.0828781989658548,2.03995278520104e-08,7.58655504626514e-08,"ENSMUSG00000046139"
2218.15936607275,-0.482256588444438,0.0865855339578653,2.04332838477288e-08,7.59737310354797e-08,"ENSMUSG00000039747"
3232.24601307282,0.531429750419727,0.0955963015532557,2.06824715113274e-08,7.68826835490724e-08,"ENSMUSG00000020409"
37.4147202655259,1.88789899270038,0.358373847866344,2.1032195495436e-08,7.81648580535862e-08,"ENSMUSG00000038457"
193.366675239647,1.00768314283417,0.185132361070574,2.11755599142509e-08,7.86796996768265e-08,"ENSMUSG00000031805"
5860.36977590771,-0.66659782106299,0.12066561418899,2.12507060249891e-08,7.89408928970269e-08,"ENSMUSG00000029804"
1729.19199110429,-0.487543162924412,0.0876803882646171,2.13013190399525e-08,7.91108536008093e-08,"ENSMUSG00000029642"
98.2847301219908,1.30456043314255,0.243292615702969,2.13263522883842e-08,7.9185757881003e-08,"ENSMUSG00000067276"
22.9190158789889,2.38189627074254,0.454620905672518,2.15791942793984e-08,8.01062997673997e-08,"ENSMUSG00000028813"
1345.62575222743,-0.583244185227264,0.10530121454843,2.16293549940678e-08,8.02559016625109e-08,"ENSMUSG00000028232"
82.8116856050321,1.5286887223387,0.287606859159304,2.16263607050239e-08,8.02559016625109e-08,"ENSMUSG00000060284"
1046.65784630465,0.423199905043829,0.0759987424153114,2.17961019011199e-08,8.08561865876094e-08,"ENSMUSG00000075467"
6260.87509384385,-0.615703614612261,0.111364304007932,2.1954174394784e-08,8.14240261559113e-08,"ENSMUSG00000011751"
1073.78018117566,-0.573161828088672,0.10354013779612,2.23134019150911e-08,8.27374843676203e-08,"ENSMUSG00000070287"
3762.84545400014,-0.927115272218981,0.170099896356642,2.23272134502203e-08,8.27698429839869e-08,"ENSMUSG00000015653"
6473.51432666269,0.459747602675214,0.0825472834242685,2.26566628745018e-08,8.3952915609183e-08,"ENSMUSG00000019558"
55.6952906936077,1.33554795290438,0.24946486152185,2.2653408081762e-08,8.3952915609183e-08,"ENSMUSG00000025069"
3501.69907313907,0.52872587457161,0.0953794957866308,2.27433306980065e-08,8.42341556876499e-08,"ENSMUSG00000020536"
6280.5285849607,0.495586168423994,0.0893008928448924,2.2746911943304e-08,8.42341556876499e-08,"ENSMUSG00000033904"
250.109832086613,1.26315252726637,0.235328051975591,2.2748086276134e-08,8.42341556876499e-08,"ENSMUSG00000074872"
63.9335655003452,1.49615337483346,0.281452382589374,2.27717670836389e-08,8.43026664970376e-08,"ENSMUSG00000001493"
98.6607197032272,1.45083519881436,0.27222095758885,2.28883612836859e-08,8.47150397853204e-08,"ENSMUSG00000074259"
517.792533735681,-0.612386539722091,0.110919121553579,2.29210413337631e-08,8.48057367522921e-08,"ENSMUSG00000019857"
48.0229073198612,1.81714397098942,0.345928080856405,2.29232855209538e-08,8.48057367522921e-08,"ENSMUSG00000034457"
2649.86693180564,0.439387730996255,0.0790876371085402,2.32077370387282e-08,8.58385693061617e-08,"ENSMUSG00000004070"
267.918650214562,0.641535124206848,0.1162174571058,2.33088021329233e-08,8.61927944388291e-08,"ENSMUSG00000041907"
538.518255300815,0.593565973974696,0.107450995312825,2.36858359293757e-08,8.75671217938626e-08,"ENSMUSG00000027655"
2143.41006639992,-0.498493596943775,0.0899837258303052,2.38396826210159e-08,8.81158841291774e-08,"ENSMUSG00000039046"
249.945458234496,0.958201397465192,0.176462134074691,2.41961577652248e-08,8.94131795919023e-08,"ENSMUSG00000068617"
626.50445061834,0.666626947039574,0.121067236343975,2.4275490479399e-08,8.96859813943844e-08,"ENSMUSG00000036599"
7551.45364140313,-0.506847432336519,0.0916077917699896,2.4295896225029e-08,8.97410026664449e-08,"ENSMUSG00000028249"
696.527891633004,0.552643635578343,0.100041833450946,2.4687461654787e-08,9.11666290418834e-08,"ENSMUSG00000029560"
896.670633634403,-0.540899408681578,0.0979276973813124,2.47225474665786e-08,9.1275488242451e-08,"ENSMUSG00000067567"
963.945274243677,0.793652266009708,0.145059343725088,2.47922696373784e-08,9.151214629416e-08,"ENSMUSG00000020638"
762.271251395405,0.807733013837461,0.147798036794781,2.49483936676902e-08,9.20675475227071e-08,"ENSMUSG00000033706"
47.6001403965667,1.59852563167992,0.302438124298629,2.4956537200891e-08,9.20767254206942e-08,"ENSMUSG00000031264"
253.947897558541,-1.04483333077443,0.193480726118642,2.53908945309902e-08,9.36580514786899e-08,"ENSMUSG00000048677"
1739.64298542831,0.474269166262018,0.085696221662489,2.54197339464938e-08,9.37431873994169e-08,"ENSMUSG00000036948"
23.7496019225378,2.31234313965509,0.442954421177358,2.57800497843739e-08,9.50504304394198e-08,"ENSMUSG00000031250"
113.308867730798,-1.10009904425029,0.20461535025549,2.5786095119119e-08,9.50511902964265e-08,"ENSMUSG00000045730"
914.544842592479,0.558140092758149,0.101243229063213,2.60326123217183e-08,9.59164471192691e-08,"ENSMUSG00000025875"
433.213522175489,0.880192508266655,0.16191913684221,2.60324383731489e-08,9.59164471192691e-08,"ENSMUSG00000048120"
3673.35429459808,-0.358121918289041,0.064613787102765,2.63660646794221e-08,9.71230597084483e-08,"ENSMUSG00000027531"
1407.06515045589,0.447998827745826,0.0810079486029525,2.66350867801019e-08,9.80918422186647e-08,"ENSMUSG00000048481"
2097.67338501552,0.408654092508673,0.0738486144947707,2.66447071417441e-08,9.8105076420111e-08,"ENSMUSG00000022452"
1362.97501505691,0.513938151897123,0.093180553445939,2.68706639550163e-08,9.89146693486556e-08,"ENSMUSG00000006494"
1482.94983877475,0.703871258279815,0.128462283651852,2.70060251164407e-08,9.93904763385535e-08,"ENSMUSG00000057531"
479.457697153259,0.813147493910757,0.149224779953637,2.73352278284727e-08,1.00579303479177e-07,"ENSMUSG00000029233"
1633.31605942855,-0.461645766687227,0.0836206231188419,2.73728566217463e-08,1.00694996630234e-07,"ENSMUSG00000041264"
51.9800122864999,1.62097221821558,0.3099030655898,2.75645818435725e-08,1.01377375338833e-07,"ENSMUSG00000032815"
1335.5767076544,-0.716135632301853,0.130042316776987,2.78656565340545e-08,1.02461521811913e-07,"ENSMUSG00000002871"
854.029804763135,-0.649786873586928,0.118614129580324,2.81125381137244e-08,1.03345956507499e-07,"ENSMUSG00000033147"
56.4612309668418,-1.54210383527289,0.292764729394796,2.81825091347996e-08,1.03579788597035e-07,"ENSMUSG00000038859"
2317.12686039638,-0.369417757972476,0.0668190036147576,2.82195667163068e-08,1.03692574945382e-07,"ENSMUSG00000015290"
1038.26830473058,0.75656555813039,0.138767347580541,2.86089591823296e-08,1.05099669954855e-07,"ENSMUSG00000016128"
172.107592558805,1.25974531251366,0.236538930927974,2.86402209877527e-08,1.05190775550234e-07,"ENSMUSG00000044583"
6002.68509535949,0.766903667449799,0.140733766897596,2.90292693927632e-08,1.06595634372975e-07,"ENSMUSG00000029723"
234.70904080151,-0.725630773307725,0.133063277614265,2.91649019754618e-08,1.07069525114246e-07,"ENSMUSG00000019256"
70.4197026838505,1.47215439021969,0.278764309481315,2.9301851183109e-08,1.07548034624272e-07,"ENSMUSG00000036907"
2642.09830542936,-0.700830495370223,0.128382246575496,2.93699276278979e-08,1.07773598270271e-07,"ENSMUSG00000025531"
2340.36395717061,-0.811195634958746,0.149390139236255,2.96866193886986e-08,1.0891115402507e-07,"ENSMUSG00000040565"
1047.47072872015,0.735377943393663,0.134978582952265,2.97226382512098e-08,1.09018725879494e-07,"ENSMUSG00000033361"
2032.53404386674,-0.412905483243779,0.0748962907497767,3.00551086277697e-08,1.10213349457724e-07,"ENSMUSG00000050538"
63.9375936694588,1.37583213900989,0.26012957206783,3.0120460924798e-08,1.10428122282401e-07,"ENSMUSG00000002668"
192.39956413268,-0.738003143369841,0.135557149404892,3.03655642627444e-08,1.1130165617405e-07,"ENSMUSG00000047832"
3517.71376016287,-0.407938570909386,0.0740624247632542,3.05208281980336e-08,1.118285763848e-07,"ENSMUSG00000022119"
1088.25501815002,-0.545019230136589,0.099377095536817,3.05230596435475e-08,1.118285763848e-07,"ENSMUSG00000090083"
20.5332082438503,-2.38814880509148,0.463388399987858,3.05598756483612e-08,1.11938266382544e-07,"ENSMUSG00000021118"
3065.30536558478,-0.396563135700488,0.0719748200004159,3.09719009631926e-08,1.13421958127975e-07,"ENSMUSG00000041225"
13423.6625367454,0.423307755701581,0.0769639698457411,3.11167208476482e-08,1.13926671605492e-07,"ENSMUSG00000030161"
3949.23751782689,-0.357614480855912,0.0648775258308115,3.1127300178263e-08,1.13939777895607e-07,"ENSMUSG00000021901"
215.552925729381,-0.752068553749897,0.138343017838591,3.1184301543376e-08,1.14122765405367e-07,"ENSMUSG00000027641"
935.557080923648,-0.541844981303283,0.0988145302107075,3.13426032994106e-08,1.14676308498046e-07,"ENSMUSG00000031143"
6543.1180670629,-0.525377299133036,0.0958090043095291,3.16092086465228e-08,1.15625774909685e-07,"ENSMUSG00000038056"
1671.45000580627,-0.391100921117278,0.0710434795008415,3.16387484808787e-08,1.15707829200572e-07,"ENSMUSG00000037415"
134.234751235323,-1.47046720449211,0.279865579379383,3.17016604497299e-08,1.15911866307436e-07,"ENSMUSG00000047702"
109.629982036624,1.28263296603816,0.242457629014048,3.18375686245753e-08,1.16382650363988e-07,"ENSMUSG00000037020"
6212.6623557576,0.659036911167615,0.120745236412513,3.19245085497975e-08,1.16674259131927e-07,"ENSMUSG00000048578"
1075.14558231381,0.557090904661863,0.101717314439288,3.2467342146836e-08,1.18631514133826e-07,"ENSMUSG00000057110"
343.439156526894,1.08536860101973,0.203097052813632,3.28989122907396e-08,1.20181439467832e-07,"ENSMUSG00000029314"
794.905929369714,0.488049171115953,0.0889776673551909,3.32873194049827e-08,1.2157302788295e-07,"ENSMUSG00000038844"
223.924736819516,-1.01334927402522,0.189386818742715,3.33701799849103e-08,1.2184831534194e-07,"ENSMUSG00000033207"
1572.12416201743,-0.62692815521616,0.115014993769881,3.3433122429508e-08,1.22046699412162e-07,"ENSMUSG00000021952"
110.725839230745,0.983389535185214,0.183207751121532,3.34395060436321e-08,1.22046699412162e-07,"ENSMUSG00000022543"
1187.42471745264,-0.373408776953718,0.0679319303931313,3.37150370847938e-08,1.23024741911292e-07,"ENSMUSG00000070426"
817.395281664099,-0.545222937806055,0.099746471946389,3.39107968011436e-08,1.23711329074186e-07,"ENSMUSG00000022935"
481.675742691558,1.30663796111938,0.247830203769982,3.40206620328384e-08,1.24084323677021e-07,"ENSMUSG00000042942"
179.997477255559,1.37859030251555,0.262205636820416,3.41028181730864e-08,1.24356109816645e-07,"ENSMUSG00000022262"
845.031273165096,-0.481874292185577,0.0880183518109297,3.46444072329936e-08,1.26302723614484e-07,"ENSMUSG00000028454"
4292.84158082584,-0.441871839509314,0.0806142079286045,3.4765608606147e-08,1.26702737451183e-07,"ENSMUSG00000048249"
561.402850555457,-1.07658644622459,0.201972469768715,3.476969702632e-08,1.26702737451183e-07,"ENSMUSG00000096862"
3836.94421138806,-0.360643010491689,0.0656630636033827,3.50104288934144e-08,1.27551423797449e-07,"ENSMUSG00000032212"
54.0346275814027,-1.98720817961939,0.385023788271021,3.50329251573283e-08,1.27604823385766e-07,"ENSMUSG00000036594"
4202.00226721828,0.599594462315788,0.109949289778349,3.50823379186654e-08,1.27756218487704e-07,"ENSMUSG00000035776"
51.4146534420328,1.48112999249347,0.282310880951734,3.57178058262081e-08,1.30041253240665e-07,"ENSMUSG00000082226"
4401.61940567751,-0.381053440557924,0.0694705743134919,3.58494972101503e-08,1.30491528530149e-07,"ENSMUSG00000031353"
2544.29581784724,-0.523388318427011,0.0958465299931485,3.59800404665588e-08,1.30937424259925e-07,"ENSMUSG00000019831"
9456.5365502007,0.609530734851942,0.111927445237086,3.64436201459349e-08,1.32594825376738e-07,"ENSMUSG00000041020"
1193.89082006914,0.841492580109404,0.156177692060322,3.66145220112837e-08,1.33186857944062e-07,"ENSMUSG00000043857"
101.034708585036,1.56484907372874,0.299964948986524,3.66898870658018e-08,1.33431184463164e-07,"ENSMUSG00000047746"
968.185554572215,0.574066292682537,0.105312078019962,3.6737589996871e-08,1.33574824652461e-07,"ENSMUSG00000060314"
4835.7455138433,0.440149391538782,0.0804463938652526,3.73162471723875e-08,1.35648475094266e-07,"ENSMUSG00000024603"
15.0878618695263,4.39695275334459,0.866991040498065,3.73885298038355e-08,1.35880885944817e-07,"ENSMUSG00000032318"
390.522159259309,0.907212536309603,0.169065459032817,3.76490746619168e-08,1.3679724047917e-07,"ENSMUSG00000039031"
1563.68419740594,0.689663121111616,0.127394374528071,3.87847760090611e-08,1.40892341860187e-07,"ENSMUSG00000026317"
3215.31934222825,-0.465151154545783,0.0852361613504415,3.90489582169824e-08,1.41820379709067e-07,"ENSMUSG00000038914"
66.436799323926,-1.40615842628684,0.269261247386613,3.92179939631549e-08,1.42402521912165e-07,"ENSMUSG00000109032"
996.516223436528,-0.760497600835498,0.141075205809883,3.92894360679545e-08,1.42630116037949e-07,"ENSMUSG00000038705"
1590.92454492932,-0.39830698674082,0.0728766529206803,3.96426403757185e-08,1.43880245269999e-07,"ENSMUSG00000003382"
807.294713974237,0.473977447261604,0.0868996831422332,3.96955657837172e-08,1.44040218418936e-07,"ENSMUSG00000001755"
3850.59246013643,0.495121690476341,0.0907204974145727,3.9757890061185e-08,1.44234217609978e-07,"ENSMUSG00000032482"
3378.84779170696,-0.494989468410168,0.0907630544487632,3.98209316301499e-08,1.44430731968712e-07,"ENSMUSG00000030232"
3863.78572830739,0.573850461698172,0.105573694055471,3.99594830451513e-08,1.4490097237892e-07,"ENSMUSG00000029406"
581.19755477167,0.688092879605083,0.127203340248613,4.01046270477518e-08,1.45394904027462e-07,"ENSMUSG00000020605"
651.813010324573,0.524029733560294,0.096268518637199,4.03794835015184e-08,1.46358769191208e-07,"ENSMUSG00000024725"
805.964119285327,0.676778629135738,0.12500225140478,4.04136348576699e-08,1.46449943947718e-07,"ENSMUSG00000040258"
5376.42269257435,-0.615638991356434,0.113599648824732,4.05047412526472e-08,1.46747424462629e-07,"ENSMUSG00000057406"
197.796943354388,-1.08256092287953,0.20424595967846,4.06784878280909e-08,1.47344108781856e-07,"ENSMUSG00000022512"
1562.51202322298,-0.515561667649186,0.0948030065175713,4.0846940424526e-08,1.47888455567267e-07,"ENSMUSG00000027637"
176.712277939845,1.25630919622051,0.238528183819528,4.08419422107037e-08,1.47888455567267e-07,"ENSMUSG00000032942"
1147.54257253004,-0.565737389057935,0.104188481420335,4.09147376833366e-08,1.48100978432144e-07,"ENSMUSG00000055128"
275.761847502165,0.781293503675352,0.145130849446819,4.10189632481495e-08,1.48445238717959e-07,"ENSMUSG00000105867"
1906.28326506685,-0.61256038304091,0.113042694087355,4.12469548127973e-08,1.49237148353571e-07,"ENSMUSG00000032872"
2620.60128489159,-0.485155862876965,0.088971259652595,4.12739717607227e-08,1.49301713849121e-07,"ENSMUSG00000030279"
1663.30413543385,0.651747286463216,0.120665890741159,4.1782903127206e-08,1.51109108443604e-07,"ENSMUSG00000070476"
17.7708123139759,-2.82305152236405,0.565135260582323,4.22017363960222e-08,1.52589930043192e-07,"ENSMUSG00000063354"
1990.85539900153,0.362030269878357,0.066322399680988,4.22735182446291e-08,1.52815529643809e-07,"ENSMUSG00000032026"
2241.9265552509,0.38124137893133,0.0698530713260115,4.23861247110341e-08,1.53188574166566e-07,"ENSMUSG00000025816"
3520.19077883357,0.485369451767203,0.0891354673348868,4.25881835169345e-08,1.53884672872066e-07,"ENSMUSG00000089911"
96.5652159406027,1.71807954828885,0.333526970410688,4.28252301067473e-08,1.54706856564055e-07,"ENSMUSG00000009551"
99.2031266544412,1.21768563495386,0.231257283721926,4.32744261696042e-08,1.56294898865946e-07,"ENSMUSG00000061039"
488.98203375894,0.51639243925228,0.0950680530375488,4.3589100162832e-08,1.57396489008558e-07,"ENSMUSG00000028706"
3754.09171751761,-0.709160619691463,0.13169293866303,4.40245759646864e-08,1.58933698725474e-07,"ENSMUSG00000022141"
965.630319263006,-1.39153806121851,0.267373631872493,4.45266535426584e-08,1.60710613385231e-07,"ENSMUSG00000023034"
14.4634249307868,-4.57520660964607,0.876160235289964,4.47744755455024e-08,1.61569255803522e-07,"ENSMUSG00000013974"
1031.41907752932,-0.504148790246828,0.0928818054875071,4.49357748591768e-08,1.62115368607642e-07,"ENSMUSG00000044876"
14.4389992816741,-3.4215263472845,0.669197776868397,4.49639158040828e-08,1.62180948694629e-07,"ENSMUSG00000042045"
610.462333926406,0.605058388962125,0.111916964934969,4.50109959765719e-08,1.62314796744935e-07,"ENSMUSG00000042210"
5199.90913423522,0.605008864792063,0.111909719101435,4.50892230145022e-08,1.62560879785175e-07,"ENSMUSG00000030516"
1474.11182512788,-0.489626475635008,0.0902318443215637,4.53717880272174e-08,1.63543393602091e-07,"ENSMUSG00000030452"
15078.7699492399,0.502197556105807,0.0925768065033712,4.59228529296411e-08,1.65493070619592e-07,"ENSMUSG00000032011"
2029.78760653455,0.675560306931308,0.12543667390833,4.67000294456685e-08,1.68256546993491e-07,"ENSMUSG00000050556"
185.919568352959,-1.0764364378174,0.204117252059052,4.69329905541897e-08,1.69058468741115e-07,"ENSMUSG00000008384"
6971.97917516129,-0.366536518709531,0.0673876334511573,4.73421684550573e-08,1.70494650024651e-07,"ENSMUSG00000006024"
48.0919346905523,2.22495507198745,0.439519890462011,4.78493438349593e-08,1.72283038917378e-07,"ENSMUSG00000090291"
166.28973216241,1.00410721949373,0.189709901037448,4.81618034279137e-08,1.73369711676156e-07,"ENSMUSG00000073633"
7210.90517613541,-0.429113579334729,0.0791136742329899,4.81827238289441e-08,1.73406672228068e-07,"ENSMUSG00000026434"
542.047096267215,1.23050297111112,0.23510586698971,4.83804923418522e-08,1.74079941277778e-07,"ENSMUSG00000031111"
2423.29687032293,-0.508241319200201,0.0938842288772329,4.86051627648726e-08,1.74849688284331e-07,"ENSMUSG00000037703"
186.620679572842,1.28891218186535,0.247127759049871,4.87456199322086e-08,1.75316217688133e-07,"ENSMUSG00000075225"
1290.34106144268,-0.592934591285765,0.109886868192473,4.89481923371831e-08,1.76005892393344e-07,"ENSMUSG00000036898"
799.516360618869,-0.855694223983982,0.160631445736699,4.90971267056423e-08,1.76502435625982e-07,"ENSMUSG00000021692"
3469.59011153544,0.322512439589834,0.0592594194066995,4.91205764939648e-08,1.76547746559673e-07,"ENSMUSG00000021266"
219.274001440797,-1.08485150679017,0.206118072020974,4.91733578950383e-08,1.7669843704535e-07,"ENSMUSG00000112160"
136.542298937636,-0.88471348466434,0.16627215752306,4.92616267746299e-08,1.76976552778068e-07,"ENSMUSG00000047992"
1747.39531103935,-0.486882074606166,0.0899767788141724,4.9562168977824e-08,1.78016987339148e-07,"ENSMUSG00000006527"
580.642780267434,-1.06575160058917,0.202324885940745,4.9623377707575e-08,1.78197516506487e-07,"ENSMUSG00000031433"
5311.5528289158,-0.415350829935299,0.0766069759132803,4.96821439215224e-08,1.78369196902193e-07,"ENSMUSG00000071054"
18280.9684340771,0.759705468871101,0.141863061230491,4.9706224367708e-08,1.78416299946538e-07,"ENSMUSG00000027447"
2859.99024942781,-0.377726405732159,0.0696145501204706,4.98340659778231e-08,1.78835742060627e-07,"ENSMUSG00000078676"
13.8251799592306,3.59981768778639,0.705190624845656,4.99508148281629e-08,1.79215200302587e-07,"ENSMUSG00000027460"
112.656098479097,1.36053052554801,0.261549254520256,5.13342501507744e-08,1.84138149835678e-07,"ENSMUSG00000042581"
2668.64426753866,-0.899507396417968,0.169552829918954,5.17257428627972e-08,1.85501573544969e-07,"ENSMUSG00000066705"
606.597877410647,-0.908725157287349,0.17166496765268,5.19443500527592e-08,1.86244522061413e-07,"ENSMUSG00000045441"
801.862270792716,1.16375769875137,0.222145936558408,5.27183909809053e-08,1.88978191673018e-07,"ENSMUSG00000003411"
1331.39555536529,0.473222443383364,0.0875794585088639,5.27485322973754e-08,1.89044607824015e-07,"ENSMUSG00000021916"
1877.36125957505,-0.62248308026069,0.115875413842246,5.28264081035782e-08,1.89282031941459e-07,"ENSMUSG00000062627"
1977.82677269188,-0.6080849543859,0.113111861905283,5.29822051608911e-08,1.89798489350569e-07,"ENSMUSG00000035722"
2502.97426446615,-0.365994149835194,0.0675889269703077,5.35704858743964e-08,1.91863667560709e-07,"ENSMUSG00000028409"
266.54965143488,1.48769460356089,0.288564030174627,5.36049432860458e-08,1.91944845316818e-07,"ENSMUSG00000037860"
167.054426303345,1.00026898944723,0.189603126592522,5.37260683872352e-08,1.923362527397e-07,"ENSMUSG00000046321"
3715.87769918233,-0.340512929083298,0.062868771790958,5.43860096351463e-08,1.94655994907852e-07,"ENSMUSG00000005982"
57.4699733183797,2.24894713685697,0.446279482883308,5.4702363084721e-08,1.95745233302503e-07,"ENSMUSG00000043165"
3976.11485115749,-0.564332390191166,0.10515822471688,5.49091963415567e-08,1.96442175395134e-07,"ENSMUSG00000043535"
1722.10089650495,0.634600990313254,0.118291658593445,5.49755545275162e-08,1.9663636049196e-07,"ENSMUSG00000044408"
213.08889085965,-0.888220644554431,0.167568402193656,5.50734807152388e-08,1.96943347777385e-07,"ENSMUSG00000033542"
481.199304503534,-0.64410075824623,0.120180493513577,5.51921239045126e-08,1.97324268156744e-07,"ENSMUSG00000032403"
5764.18867893978,0.711853767026826,0.133129544324631,5.53310916123302e-08,1.97777670018777e-07,"ENSMUSG00000024077"
1117.06965379748,-0.519401103363738,0.0964819820389276,5.55144257332772e-08,1.98389423070535e-07,"ENSMUSG00000067942"
221.386337166377,-1.2573569330262,0.242095524019116,5.57113114961857e-08,1.99049325841728e-07,"ENSMUSG00000005410"
3705.68402718732,-0.295875284776174,0.0546069955150803,5.66407290167472e-08,2.02325606086156e-07,"ENSMUSG00000022100"
2818.2910234243,-0.390955136727323,0.0723706037212798,5.67766347823286e-08,2.02766577662735e-07,"ENSMUSG00000030881"
70.4089189412585,1.22273942233547,0.234795635690135,5.70310000092738e-08,2.03630317646624e-07,"ENSMUSG00000071203"
4258.91151600767,0.448652370126086,0.083261699389766,5.71426557238768e-08,2.0398424339326e-07,"ENSMUSG00000022253"
3275.78092454775,0.382458610059138,0.0707774058073796,5.73442557587296e-08,2.04659021100768e-07,"ENSMUSG00000066735"
658.716560758917,0.832974279722287,0.156948334796125,5.77731531912227e-08,2.06144539159738e-07,"ENSMUSG00000050052"
23.7305436875441,2.27655415807932,0.452463915036926,5.87281334760743e-08,2.09506148745023e-07,"ENSMUSG00000028749"
120.377579417747,1.00588248961281,0.191378335609364,5.87813672066125e-08,2.09650108542778e-07,"ENSMUSG00000074336"
5552.40072736444,0.474646675940024,0.0881432709146765,5.99112115315232e-08,2.13633012335188e-07,"ENSMUSG00000025130"
415.08281255891,-0.660087497016157,0.123643915543871,6.00141663746646e-08,2.13953263304159e-07,"ENSMUSG00000074682"
1920.81074025383,0.419339255703769,0.0778059240513331,6.01295885494604e-08,2.14317810906091e-07,"ENSMUSG00000022843"
572.313123713275,0.801982095044747,0.151139141854835,6.09201611623278e-08,2.17029559991008e-07,"ENSMUSG00000025909"
1898.04726087181,-0.68992220390523,0.129423669608664,6.09304023319148e-08,2.17029559991008e-07,"ENSMUSG00000036792"
57.286928768401,1.48927358047609,0.289958962298503,6.09132651052371e-08,2.17029559991008e-07,"ENSMUSG00000048779"
1606.72585426619,-0.572638545546174,0.106881211170606,6.1065629179449e-08,2.1746364291907e-07,"ENSMUSG00000041777"
50.5235943965719,1.54370915175535,0.301431782917182,6.11232700026014e-08,2.17621301203488e-07,"ENSMUSG00000034792"
1472.82689615181,-0.674950085085837,0.126711312176851,6.12360555076651e-08,2.17975182933254e-07,"ENSMUSG00000020755"
448.014903887425,0.732618320914185,0.137696883537972,6.13307686322498e-08,2.18264593746341e-07,"ENSMUSG00000018906"
2087.50931871786,0.657414082316616,0.123094645919312,6.15311583291128e-08,2.1892987875001e-07,"ENSMUSG00000013367"
19.0597532324965,2.5171691375577,0.503244027176561,6.15702902150155e-08,2.19021237788467e-07,"ENSMUSG00000037437"
127.461108576742,-1.58053193783656,0.30939279161763,6.17147405308732e-08,2.1948711958959e-07,"ENSMUSG00000046618"
345.366926958007,0.621062647629237,0.116202798402424,6.18235881380761e-08,2.19826205266842e-07,"ENSMUSG00000066000"
2724.70615566523,-0.423414300075642,0.0786767374830775,6.19222801566486e-08,2.2012904048699e-07,"ENSMUSG00000020516"
26.5700579508349,-2.79607472231436,0.56393635952325,6.19562405960807e-08,2.2015360934796e-07,"ENSMUSG00000039714"
543.064757320246,0.913541871412134,0.173228828529974,6.19488618652002e-08,2.2015360934796e-07,"ENSMUSG00000039715"
10167.3653902089,0.779098458904771,0.146730745315951,6.20059919772239e-08,2.20282308469064e-07,"ENSMUSG00000037242"
4913.27794090309,-0.542779701199406,0.101521484816881,6.20510455404527e-08,2.20394265613679e-07,"ENSMUSG00000024097"
4900.80103108178,-0.7433508242068,0.139767415208044,6.20789345250368e-08,2.20445221683802e-07,"ENSMUSG00000028546"
8524.44475871547,-0.505426381579885,0.0941906252557602,6.22992519495357e-08,2.21179328949737e-07,"ENSMUSG00000026034"
1227.48635149167,-0.860339779398156,0.162967874589077,6.39511336548953e-08,2.26994451294022e-07,"ENSMUSG00000032024"
15.7516834651852,5.52806622960934,1.04691259424284,6.3965880605289e-08,2.26997297687573e-07,"ENSMUSG00000094526"
1084.93194423548,-0.630875808989415,0.118266949828818,6.41955600151616e-08,2.27762712712903e-07,"ENSMUSG00000026004"
74.6726277599096,-1.12438001374399,0.216043687434733,6.49624878898592e-08,2.30433510104844e-07,"ENSMUSG00000114004"
126.256222184389,1.15505700597957,0.222674729102401,6.52247400584432e-08,2.31313359187655e-07,"ENSMUSG00000023345"
34.6881665655654,1.84313257286744,0.363203188866624,6.54926471154525e-08,2.3221287513512e-07,"ENSMUSG00000045322"
1634.76809748073,-0.543002993906189,0.101491117332762,6.55642619874268e-08,2.32416170869193e-07,"ENSMUSG00000040620"
8893.45364280578,0.620858460626907,0.116409040617396,6.65145658919507e-08,2.35733530065137e-07,"ENSMUSG00000035390"
1120.16121115671,-0.440032116035487,0.0820357842949374,6.75012335438057e-08,2.39178293344813e-07,"ENSMUSG00000034854"
397.389831114949,-0.845792398757426,0.160499654949643,6.83672885732384e-08,2.42194281478819e-07,"ENSMUSG00000023905"
2383.61719696266,-0.518594462460737,0.0970583256274613,6.98520100734885e-08,2.47400134894744e-07,"ENSMUSG00000042308"
235.649371556603,-1.04572479332508,0.200682063181442,7.01388162373792e-08,2.48361899219504e-07,"ENSMUSG00000057722"
7730.38631311048,-0.296987004084099,0.0556353422326567,7.1547278440282e-08,2.53294171041955e-07,"ENSMUSG00000042428"
2332.89714030557,0.489409307014026,0.0915260092981978,7.1793788109372e-08,2.54111607489532e-07,"ENSMUSG00000003402"
343.739084593062,0.784156703567323,0.148568720944368,7.18231993700796e-08,2.54160443336121e-07,"ENSMUSG00000017747"
1352.55452714932,0.596319870638085,0.112085122842115,7.28877913783561e-08,2.57871651392497e-07,"ENSMUSG00000004846"
1167.0050102211,-0.717060214561412,0.135644779372232,7.29060748032841e-08,2.57880288059074e-07,"ENSMUSG00000028137"
611.312764259401,-0.801245545443665,0.152071807761581,7.39988140490176e-08,2.61688615053206e-07,"ENSMUSG00000038473"
1949.75997437077,-0.408469221452441,0.0763219855448394,7.4111056193228e-08,2.62028621353902e-07,"ENSMUSG00000040044"
1491.01331232308,-0.37366687408594,0.0698031137181346,7.5345895152726e-08,2.663366951783e-07,"ENSMUSG00000042608"
398.464328498487,-0.602125366381968,0.11332910426987,7.60813217185315e-08,2.68877932030885e-07,"ENSMUSG00000054434"
9438.86964568136,-0.394439389690755,0.0737384656970437,7.62495504243596e-08,2.69413974779189e-07,"ENSMUSG00000039100"
388.931486955709,-0.979214325914221,0.187915714509107,7.63379680197366e-08,2.69667847965554e-07,"ENSMUSG00000027931"
919.861021102551,0.566082735234651,0.106406901862352,7.70907963288836e-08,2.72268167203638e-07,"ENSMUSG00000036078"
12.5450595927026,-4.0925433783427,0.810427391685699,7.79575856789611e-08,2.75269756980939e-07,"ENSMUSG00000006179"
1126.24039832265,0.67581216176816,0.127686493805847,7.80155390390463e-08,2.75414648552938e-07,"ENSMUSG00000022438"
6290.49169567266,-0.458389388229344,0.0858847841773196,7.80355427202009e-08,2.75425534345063e-07,"ENSMUSG00000059923"
1746.72428560377,0.6155092532777,0.116046370204303,7.84786042527921e-08,2.76929269461728e-07,"ENSMUSG00000036782"
341.382399401516,-0.835411699782868,0.159137012866001,7.91685633312566e-08,2.79303397032119e-07,"ENSMUSG00000021255"
3631.78823476398,-0.438769755763142,0.082280181119651,8.00272204888221e-08,2.82271526569241e-07,"ENSMUSG00000021065"
570.866160477666,-0.620974874608195,0.117322381340461,8.04766656340337e-08,2.83795312649653e-07,"ENSMUSG00000050213"
3756.05854941571,-0.532778811701212,0.100296370366014,8.06964612493544e-08,2.84508771110459e-07,"ENSMUSG00000049866"
225.879358775723,1.58724920844441,0.314189609811547,8.07963730032351e-08,2.84799341651507e-07,"ENSMUSG00000019027"
11995.1999573528,2.32622110461939,0.470813262324142,8.13179096292536e-08,2.86575651211299e-07,"ENSMUSG00000032854"
637.853063423768,-1.01620306978663,0.195844470432834,8.30768364792081e-08,2.92710983594924e-07,"ENSMUSG00000020427"
1023.07620253936,-0.606034121413627,0.114506861466156,8.34479578613383e-08,2.93954957383005e-07,"ENSMUSG00000049764"
4281.37195218426,0.481516966022575,0.0905609171622991,8.43304726021594e-08,2.96996424071858e-07,"ENSMUSG00000009073"
1655.76112181722,-0.719804380570104,0.136741400845416,8.43478602091289e-08,2.96996424071858e-07,"ENSMUSG00000020034"
42.5252348392132,1.68234088126965,0.33384081469052,8.44788882344514e-08,2.97393456462024e-07,"ENSMUSG00000021223"
5915.89363547314,-0.376712273851195,0.0706600910496003,8.50308462383378e-08,2.99271808663279e-07,"ENSMUSG00000049339"
1106.07528225201,0.570724416894297,0.107706548821974,8.51236062947115e-08,2.99533519944944e-07,"ENSMUSG00000024169"
102.416509132267,-1.58840524580103,0.315753864783341,8.586160284246e-08,3.02065089922102e-07,"ENSMUSG00000032246"
7902.95169135932,0.415105266995835,0.0779671233401911,8.62194435053357e-08,3.03258448872052e-07,"ENSMUSG00000027312"
2543.4346004745,0.370497454652434,0.0694923635128467,8.62938235888756e-08,3.03454495653428e-07,"ENSMUSG00000048833"
2289.4739653084,0.365132830503655,0.0685127880884892,8.63459594429345e-08,3.03572252227233e-07,"ENSMUSG00000052833"
452.224482310417,0.657192206716566,0.124577142044215,8.67199365905158e-08,3.04821232524383e-07,"ENSMUSG00000005043"
2409.19943349332,-0.39869590883653,0.0748967154939671,8.70593465846204e-08,3.05948195963828e-07,"ENSMUSG00000041781"
3227.27512219798,-0.424051006589713,0.0797302636559339,8.72743814404671e-08,3.06637682082436e-07,"ENSMUSG00000028568"
1048.13982707666,-0.533637317879205,0.100677216904446,8.73283524535629e-08,3.06761096512537e-07,"ENSMUSG00000029436"
166.17880982975,1.38975986094774,0.273863414060365,8.77988519756032e-08,3.08347295028882e-07,"ENSMUSG00000005237"
2161.15176839161,-0.631441430121821,0.1194775083933,8.79049430044626e-08,3.0865329211101e-07,"ENSMUSG00000071862"
3117.4774317366,0.342777432738393,0.0643118520726343,8.86210319036538e-08,3.11100529939115e-07,"ENSMUSG00000058997"
5406.32862289185,-0.549225050255189,0.103749846144439,8.99961548199634e-08,3.15859725778216e-07,"ENSMUSG00000028524"
2507.50584285572,0.404341309190182,0.0760586072707683,9.09667513970445e-08,3.19197408760744e-07,"ENSMUSG00000072946"
844.044649014591,-0.798538366147272,0.15268753841342,9.10702883769509e-08,3.19491843577588e-07,"ENSMUSG00000017774"
9380.27392810419,-0.567800155601599,0.106564657342059,9.12447315522865e-08,3.20034850292635e-07,"ENSMUSG00000028820"
267.679744693509,-0.696372264159158,0.132536734615657,9.15080120627141e-08,3.20889146996308e-07,"ENSMUSG00000030486"
468.463061436977,-0.937070819477445,0.18049275454974,9.21107378892561e-08,3.22933144811827e-07,"ENSMUSG00000066829"
3143.63193408788,-0.489210142943123,0.0923602311648629,9.23574129039198e-08,3.23728244455212e-07,"ENSMUSG00000083282"
190.5849156488,-0.773075335774721,0.147641338608769,9.2383704099593e-08,3.23750685755258e-07,"ENSMUSG00000026514"
439.54212071739,0.942842681045874,0.181596681735101,9.27317092851169e-08,3.24900293530593e-07,"ENSMUSG00000026547"
30.1975893238897,1.84702561715614,0.368949667361241,9.30214499161191e-08,3.25845311326573e-07,"ENSMUSG00000032691"
73.1146962142364,1.52066863216225,0.302060359709147,9.32504938625371e-08,3.2657130247148e-07,"ENSMUSG00000024553"
478.374684987457,0.551777329183067,0.10438277032196,9.3268828184661e-08,3.2657130247148e-07,"ENSMUSG00000028443"
2092.13404419493,0.457188007983586,0.0862187504925186,9.35568937441933e-08,3.27509487390963e-07,"ENSMUSG00000066151"
2399.03833193503,0.606938079246292,0.11507536434289,9.40023404576669e-08,3.28998085996539e-07,"ENSMUSG00000035342"
185.014295436957,1.19603068419239,0.234270032074604,9.41228791807724e-08,3.29349146024208e-07,"ENSMUSG00000026480"
304.007758177277,0.894625153284924,0.172115743760766,9.4181612937693e-08,3.29483837395179e-07,"ENSMUSG00000071550"
300.536703250516,3.46032015662158,0.719436790782152,9.43248060532953e-08,3.29913879014942e-07,"ENSMUSG00000068457"
635.983115546787,-0.453441854723528,0.0855824260116414,9.46967409131883e-08,3.31143619459695e-07,"ENSMUSG00000048796"
3940.80115329322,-0.434177121181435,0.0819099140247938,9.50567236330214e-08,3.32331045381942e-07,"ENSMUSG00000009741"
872.537579540845,0.541759786613461,0.102560679972242,9.51533438712837e-08,3.32597408532694e-07,"ENSMUSG00000035642"
113.105838946386,0.947545870156009,0.18285086378127,9.53371245549206e-08,3.33168251074495e-07,"ENSMUSG00000038180"
2163.07563406743,-0.400450917965436,0.0755086830798922,9.6924337522262e-08,3.38569606477979e-07,"ENSMUSG00000015127"
1675.95195424985,0.674074879017677,0.128336015926283,9.69201413662287e-08,3.38569606477979e-07,"ENSMUSG00000045503"
16.1050870317122,2.79370983997167,0.56746723898692,9.82379425597716e-08,3.43084580344982e-07,"ENSMUSG00000040485"
719.590418985913,-0.440178676330464,0.0831681476009137,9.94600318840127e-08,3.47278077865285e-07,"ENSMUSG00000051373"
3305.95682192464,-0.399735154741848,0.0754764543088143,9.9810874998557e-08,3.48428355828117e-07,"ENSMUSG00000022897"
99.2973981753775,1.9421654549474,0.398042028836178,9.98937556721518e-08,3.48642914843758e-07,"ENSMUSG00000027070"
2811.08214153611,0.397952123428749,0.0750810452729899,1.00332828289804e-07,3.50100274148215e-07,"ENSMUSG00000012117"
434.134565583417,-0.566273325750538,0.107513230536963,1.01760007574614e-07,3.55004158443971e-07,"ENSMUSG00000002635"
3605.69211242598,-0.482751347610663,0.0914493995777643,1.02358282679677e-07,3.57014811540558e-07,"ENSMUSG00000028565"
129.008902768219,0.887935707088571,0.171221143870666,1.02575334795935e-07,3.57695222752405e-07,"ENSMUSG00000002983"
532.816861266068,0.638896774507884,0.121695905315981,1.03602872619095e-07,3.61201019595978e-07,"ENSMUSG00000030249"
32.6205033778699,-2.10279693650421,0.427205587844032,1.04424425579629e-07,3.63987323251649e-07,"ENSMUSG00000020871"
580.865957409419,0.710358682774103,0.135838346706043,1.04798667488468e-07,3.65213596526929e-07,"ENSMUSG00000042680"
133.204084029997,1.22521300532989,0.240534913601458,1.05302655209554e-07,3.66891400150069e-07,"ENSMUSG00000068762"
970.343500641789,-0.500717531589846,0.0950013557306896,1.05619183034272e-07,3.67915485005751e-07,"ENSMUSG00000060152"
6172.27690756676,-0.375098566206545,0.0708826137729357,1.05649771172109e-07,3.67943298061531e-07,"ENSMUSG00000029131"
98.2649718149271,1.67192224665971,0.335447977593737,1.06073617485542e-07,3.69340394744311e-07,"ENSMUSG00000022388"
323.560202520828,0.625129000566107,0.119199473970643,1.06724445136794e-07,3.71527056872697e-07,"ENSMUSG00000031521"
1447.30519676301,-0.754715722688837,0.144855099052255,1.06948977830517e-07,3.72229091538413e-07,"ENSMUSG00000005583"
193.43336975483,1.0428522599381,0.202861190597146,1.07646225081563e-07,3.74575727207713e-07,"ENSMUSG00000006218"
3833.99082233575,-0.435191447149552,0.0824453540388721,1.08075446576511e-07,3.75908572515481e-07,"ENSMUSG00000018412"
558.828982894101,0.642024538579455,0.122548359146632,1.08058667282564e-07,3.75908572515481e-07,"ENSMUSG00000034412"
656.597871178764,-0.597665837702685,0.113897383359201,1.08208211877258e-07,3.7628995362914e-07,"ENSMUSG00000078867"
319.232104624681,0.712473523147139,0.136515796353429,1.09217768369831e-07,3.79719528732188e-07,"ENSMUSG00000042770"
11514.5924424986,-0.527953617357376,0.10040608278315,1.09412924700616e-07,3.80316802963191e-07,"ENSMUSG00000041459"
564.418802123071,-0.477731236802308,0.0907123895578622,1.103885503739e-07,3.83626136418947e-07,"ENSMUSG00000030060"
1303.31748527001,-0.551665663307811,0.105052322365971,1.10711506843233e-07,3.84666362517428e-07,"ENSMUSG00000020739"
2250.49778720837,0.512777975423006,0.0974540806816066,1.11554470016747e-07,3.87512518764961e-07,"ENSMUSG00000034981"
1070.90743412497,0.63170905186625,0.120564108307023,1.11654188602336e-07,3.87776164298876e-07,"ENSMUSG00000037344"
1034.81432111135,0.606497889352372,0.115679635802935,1.11771699255409e-07,3.88101476211509e-07,"ENSMUSG00000024942"
416.140378072882,-1.04497288394434,0.204280570624762,1.11919657585662e-07,3.88532349366475e-07,"ENSMUSG00000025578"
313.295333354118,-0.985855546541795,0.191893919383074,1.12409127686556e-07,3.90148354047282e-07,"ENSMUSG00000083929"
308.276809471616,-0.63131054220364,0.120634560903654,1.13087293776544e-07,3.92418454081129e-07,"ENSMUSG00000024145"
4045.14695518076,0.784316584194182,0.150903520023526,1.13387998839314e-07,3.93378057354296e-07,"ENSMUSG00000039145"
1735.36252600246,0.347799419295969,0.0658171116682,1.13664169309699e-07,3.94252151720283e-07,"ENSMUSG00000022350"
1820.31893083253,-0.55086995462425,0.104831875050926,1.13970025484096e-07,3.95228818668538e-07,"ENSMUSG00000031608"
822.843112537291,-0.563223219340217,0.10742695682685,1.1429919055135e-07,3.96285883662379e-07,"ENSMUSG00000022160"
373.075366849906,0.851313322237603,0.164488726562109,1.14983103418638e-07,3.985721800359e-07,"ENSMUSG00000034037"
1416.79217763683,-0.460956656363326,0.0876056675895953,1.15645915109095e-07,4.00784374312506e-07,"ENSMUSG00000025940"
12935.8499371824,0.403278653114496,0.076510882511361,1.17399531095531e-07,4.06775131369318e-07,"ENSMUSG00000066129"
127.359156334081,-2.25231874574009,0.46299746817118,1.1878452721521e-07,4.11486387318406e-07,"ENSMUSG00000078922"
1024.99553803229,-0.490527129203495,0.0934302682350369,1.1900526484709e-07,4.12163340676795e-07,"ENSMUSG00000063281"
1352.94877534529,0.439542502825769,0.0835275093249583,1.19058369219015e-07,4.12259547787093e-07,"ENSMUSG00000069520"
1070.66616740599,-0.496241164482986,0.0945884313415433,1.19711113069309e-07,4.14431624530456e-07,"ENSMUSG00000005505"
535.263396347344,0.824757148806763,0.159483416941398,1.20678987077979e-07,4.17693504498264e-07,"ENSMUSG00000027956"
1319.74173126232,-0.520157609817683,0.0992186608263487,1.20777637728798e-07,4.17946085661006e-07,"ENSMUSG00000049739"
2732.30727758764,-0.421144832106917,0.0800661415448613,1.20835416345e-07,4.18057153509863e-07,"ENSMUSG00000015092"
1101.93056424053,0.542399190412265,0.103499671156127,1.20918973002713e-07,4.18257340105856e-07,"ENSMUSG00000029125"
21.1834585940729,3.34214448558201,0.69634918189538,1.21075826181612e-07,4.18710919605752e-07,"ENSMUSG00000029844"
1872.09297128285,-0.505247583830951,0.0964828923122599,1.21739098053333e-07,4.20915258732404e-07,"ENSMUSG00000029265"
49.4323339631628,1.57326978220925,0.315239949330363,1.23562193356885e-07,4.27127921737817e-07,"ENSMUSG00000096446"
20114.5109276547,0.653554532416993,0.125228285937608,1.24183583641831e-07,4.29184792892087e-07,"ENSMUSG00000029608"
760.712630087969,0.489159463561842,0.0932933729702582,1.25206044116654e-07,4.32551299776144e-07,"ENSMUSG00000041959"
22.220493383648,3.21688254002025,0.664788171190621,1.25210819790219e-07,4.32551299776144e-07,"ENSMUSG00000110664"
1655.36745061113,-0.465696371938499,0.0887739905972138,1.25373305901687e-07,4.33020724266424e-07,"ENSMUSG00000021548"
6113.8558207122,0.526076392342273,0.100476058807673,1.26891969452564e-07,4.38172990824955e-07,"ENSMUSG00000040560"
533.330599012308,-0.774013901500437,0.149660011422138,1.29316150719274e-07,4.46449268591376e-07,"ENSMUSG00000025912"
190.352246863209,0.937987002302169,0.182810036941247,1.30197445097508e-07,4.49301253190002e-07,"ENSMUSG00000040703"
7.05887281207912,-7.08953054818206,2.65807418728516,1.30181449930572e-07,4.49301253190002e-07,"ENSMUSG00000072419"
7152.14177346416,-0.523270105727547,0.100100166697104,1.31202944724506e-07,4.52675187415326e-07,"ENSMUSG00000030357"
189.477136447678,1.50287110737003,0.30219947861616,1.32034327284851e-07,4.55447081912016e-07,"ENSMUSG00000038677"
32.0071671071878,1.67456289771123,0.337674009047081,1.3317036814624e-07,4.59171203703559e-07,"ENSMUSG00000021228"
7762.6793818316,-0.352524365714026,0.0671260675092433,1.33161655235327e-07,4.59171203703559e-07,"ENSMUSG00000024533"
15.5455801878565,2.75091334722134,0.564803886358247,1.3346816594199e-07,4.60100551716162e-07,"ENSMUSG00000101106"
1790.04294747498,-0.354120825723344,0.0674234982097957,1.33665120909243e-07,4.60681947525017e-07,"ENSMUSG00000034575"
429.062920429192,0.605235237820726,0.116184002732135,1.34341780351979e-07,4.6291606701302e-07,"ENSMUSG00000015542"
1263.25552524679,-0.563503181145197,0.10809743762699,1.35369271002277e-07,4.6635788219578e-07,"ENSMUSG00000003119"
8.10444254893148,7.15782276706642,2.63271674194584,1.36299823292182e-07,4.69464351153225e-07,"ENSMUSG00000079042"
107.514530391147,1.48542779784946,0.298238125038003,1.38093249118475e-07,4.75540915834682e-07,"ENSMUSG00000031298"
51.3895816243566,1.38631242925906,0.277169693094017,1.38383933645653e-07,4.76441131955149e-07,"ENSMUSG00000091617"
91.9068721544954,1.46942333502047,0.296633539686746,1.40252997649142e-07,4.82774010516544e-07,"ENSMUSG00000050944"
58.3134091006574,1.29863621150696,0.258550408610417,1.4178131505335e-07,4.8793155315823e-07,"ENSMUSG00000049526"
3548.19113383399,0.717770806726138,0.13874841313681,1.41894485268686e-07,4.8821780410139e-07,"ENSMUSG00000020785"
314.792940819298,1.17086580687267,0.231908708454009,1.41975541424496e-07,4.8839346223752e-07,"ENSMUSG00000078202"
404.471186765458,0.851181910044065,0.165919402120211,1.42397461568444e-07,4.89741364760432e-07,"ENSMUSG00000056917"
5968.42155154398,1.00584252442315,0.198194275203403,1.4278749674838e-07,4.90979060428839e-07,"ENSMUSG00000026872"
857.453637545427,-0.626635500659639,0.120819137083764,1.43702047375639e-07,4.94019414399292e-07,"ENSMUSG00000051329"
3817.32286670197,-0.527440233306536,0.101263363605659,1.43935497093936e-07,4.94717487688996e-07,"ENSMUSG00000054604"
1281.52904785483,-0.867878787399072,0.169437556330295,1.44549305127288e-07,4.96722311349376e-07,"ENSMUSG00000048108"
3380.38374800759,0.666657452707456,0.128711536993036,1.45808133915992e-07,5.00942339359331e-07,"ENSMUSG00000052934"
1148.85366248148,-0.454784868836056,0.0871787452037287,1.48907322336095e-07,5.1148204114517e-07,"ENSMUSG00000038344"
159.595353539958,1.28431194227176,0.256224926204727,1.49210159312006e-07,5.12414129384141e-07,"ENSMUSG00000040164"
93.1295168654497,1.21403947155119,0.242441034664548,1.49345841958505e-07,5.12771907909839e-07,"ENSMUSG00000002699"
65.3669003950521,-1.3572837069025,0.27273903138754,1.50323109557738e-07,5.16018468448095e-07,"ENSMUSG00000037579"
5362.2211712041,1.58444164064373,0.319765114693105,1.51652170581936e-07,5.20471016810616e-07,"ENSMUSG00000030500"
460.46894214997,-0.688864300575268,0.133470989346092,1.52682975796185e-07,5.23898288366421e-07,"ENSMUSG00000022999"
14.8794509223312,2.89660074628164,0.597941380171144,1.52777249835919e-07,5.24111290374941e-07,"ENSMUSG00000042498"
200.154372190947,1.07620252776626,0.212825966619625,1.53257358481989e-07,5.25647551911044e-07,"ENSMUSG00000016763"
352.000774808772,-0.739790821817841,0.143673155956769,1.53601446415655e-07,5.26716735781344e-07,"ENSMUSG00000030748"
1418.56912388836,-0.454948727592108,0.0873084768562035,1.5413362697937e-07,5.28430324340814e-07,"ENSMUSG00000037993"
90.2153717519605,1.65481284007346,0.33637241712837,1.54330378635004e-07,5.28993451973172e-07,"ENSMUSG00000022375"
298.140893022154,1.26984176111395,0.25373798969397,1.55307312529267e-07,5.32229985968719e-07,"ENSMUSG00000027654"
217.878115163401,-1.1868865212053,0.236195821495616,1.55464785803833e-07,5.32657500171498e-07,"ENSMUSG00000050295"
2220.34728586274,0.731342585486069,0.141945622348902,1.5628427414447e-07,5.35352570396397e-07,"ENSMUSG00000027678"
212.989021951021,1.13002052971279,0.224185773531665,1.58133059125505e-07,5.41571625593303e-07,"ENSMUSG00000048174"
3470.98946210555,0.332380906921457,0.0636044297843104,1.58499013700074e-07,5.42710758310853e-07,"ENSMUSG00000025104"
285.813298830429,-0.694992195219677,0.135025456281686,1.61423046550159e-07,5.52606593426602e-07,"ENSMUSG00000032892"
3663.40176090026,0.802979566027454,0.156684865073481,1.61466556293746e-07,5.52639319459545e-07,"ENSMUSG00000029516"
1398.21434972043,-0.612143460078217,0.118397593801892,1.6187519946571e-07,5.53921483477575e-07,"ENSMUSG00000037570"
2044.69747308334,-0.566128763195306,0.109342896587631,1.62323493190224e-07,5.55338760435156e-07,"ENSMUSG00000037791"
2091.2010749723,-0.613548522797216,0.118754667609985,1.63431698672594e-07,5.59012647823595e-07,"ENSMUSG00000040964"
13.4667701512795,-3.61996882052276,0.749207171466939,1.63779111281094e-07,5.60083271729758e-07,"ENSMUSG00000044772"
23.1234666793607,-2.17508071390068,0.449357407120012,1.64358540540502e-07,5.61946717689204e-07,"ENSMUSG00000007877"
63.4900787834174,1.94209832633961,0.405578545307477,1.64658434832037e-07,5.6285384338427e-07,"ENSMUSG00000037995"
1354.85098614727,-0.544196284924101,0.105054129331063,1.6514985669192e-07,5.64296676580831e-07,"ENSMUSG00000036790"
383.985345234052,-0.74842553784602,0.145886618402539,1.65141156146209e-07,5.64296676580831e-07,"ENSMUSG00000096856"
27.2665566997624,2.37536394229737,0.492562976647878,1.6548605022182e-07,5.65326741974983e-07,"ENSMUSG00000059108"
3321.08591426905,-0.469907667249417,0.0904801274744871,1.65865046275847e-07,5.66502564682803e-07,"ENSMUSG00000029071"
185.846482383159,0.93432303295643,0.183932680576518,1.66451119296556e-07,5.68385005225371e-07,"ENSMUSG00000014773"
3531.88311113945,-0.415711460280649,0.0799780193744266,1.70939765275173e-07,5.83590079519562e-07,"ENSMUSG00000026021"
81.2541485764149,1.39451675466668,0.28188994028188,1.74025828299601e-07,5.94001348932881e-07,"ENSMUSG00000022219"
503.523634418324,-0.702909217999083,0.136982281061486,1.76546526337387e-07,6.02478900570227e-07,"ENSMUSG00000001082"
4213.78725529305,-0.553449805414392,0.107153443329417,1.76915014823235e-07,6.03609853551168e-07,"ENSMUSG00000038127"
180.768763897407,-0.768449736304709,0.150220113466837,1.77861425320798e-07,6.06711710262352e-07,"ENSMUSG00000045930"
1484.67544458299,0.620238755631072,0.12043930622431,1.79823412026889e-07,6.13275822537962e-07,"ENSMUSG00000009828"
1167.14558903127,0.412642894993646,0.0795066725206199,1.80259532598995e-07,6.14634409645254e-07,"ENSMUSG00000023104"
234.197180951192,-0.787535507919377,0.154271405186661,1.80447739243466e-07,6.15147287833538e-07,"ENSMUSG00000098176"
331.106246714923,0.644498956979031,0.125342959558998,1.81287028038234e-07,6.17879028979558e-07,"ENSMUSG00000029003"
11070.1297979555,-0.31443833598324,0.0605328076291049,1.8637993423863e-07,6.35104159417295e-07,"ENSMUSG00000004319"
491.33942011554,-0.607272452598039,0.118127432023171,1.88006466142232e-07,6.40512611105745e-07,"ENSMUSG00000037463"
24538.4564880314,-0.869344237715197,0.171535022832888,1.92716363804183e-07,6.56421211551472e-07,"ENSMUSG00000062785"
47.2838216387318,1.49522416671043,0.304059933826218,1.92761985999198e-07,6.56439248555426e-07,"ENSMUSG00000001166"
2047.35367246615,1.16330513448653,0.23317393164748,1.93721598195281e-07,6.59569164489182e-07,"ENSMUSG00000005397"
622.424363761858,-0.444845253550406,0.0860906800935395,1.94981306260615e-07,6.63581771305971e-07,"ENSMUSG00000020495"
2548.69114944832,0.382939757396226,0.0739480129239088,1.94981669256448e-07,6.63581771305971e-07,"ENSMUSG00000048701"
2098.27935501045,-0.477061510634167,0.0924833302830252,1.9571648214669e-07,6.65943331183909e-07,"ENSMUSG00000071302"
2285.20928693986,-0.384066840961834,0.0742059186291117,1.96136203234808e-07,6.67231999217599e-07,"ENSMUSG00000024054"
2556.45179629032,-0.450532928974161,0.0872275095495837,1.96958309458936e-07,6.69888709020592e-07,"ENSMUSG00000033278"
956.717073845578,-0.584686299689297,0.113804538100195,1.9787607620858e-07,6.72869598605236e-07,"ENSMUSG00000044906"
30.2784037432666,1.87194163109008,0.387506281447911,1.99125814290439e-07,6.76977862368373e-07,"ENSMUSG00000043648"
1122.55855703811,0.50490482720344,0.0979348290823231,2.02106332902937e-07,6.86967401752769e-07,"ENSMUSG00000060923"
38.5016793006238,1.67694136352746,0.344938452250305,2.02815159124322e-07,6.89232810067997e-07,"ENSMUSG00000045179"
101.355118370261,-1.57001972435672,0.32235220269132,2.0295130626166e-07,6.89551526471991e-07,"ENSMUSG00000090272"
2483.3323532146,0.578259912435351,0.112550200202782,2.03792014649819e-07,6.92263442084672e-07,"ENSMUSG00000031327"
16.95145001747,2.58628874621297,0.540374580447037,2.04942986586557e-07,6.96027944013349e-07,"ENSMUSG00000044141"
1049.74105013146,-0.734465236907065,0.144630428160731,2.05251702138225e-07,6.96930998624538e-07,"ENSMUSG00000035293"
23.4225472540119,2.72607154730631,0.571980418320657,2.05619889546876e-07,6.98035570812107e-07,"ENSMUSG00000090713"
1949.92171673695,-0.668093535507546,0.130743306662333,2.05699211555044e-07,6.98159250561511e-07,"ENSMUSG00000090935"
789.334901518717,-0.451792977434744,0.0876915581155333,2.08068166117229e-07,7.06052451127007e-07,"ENSMUSG00000030801"
239.043773420718,0.667756566468578,0.130695787204539,2.10251284359148e-07,7.13311881366863e-07,"ENSMUSG00000047123"
2074.90378937534,0.563143954899075,0.109725549026123,2.10834165111525e-07,7.15140350007378e-07,"ENSMUSG00000021036"
9131.22175339361,-0.433202951425844,0.0839975966242915,2.11353538821481e-07,7.16752688528347e-07,"ENSMUSG00000067194"
46.272184376605,2.06874407216087,0.433009618058616,2.13014709246643e-07,7.22235666968725e-07,"ENSMUSG00000020067"
86.9285816726674,1.21792199276537,0.245876176194897,2.14294762991349e-07,7.26424438145186e-07,"ENSMUSG00000044811"
90.0958217693944,1.87470451012779,0.389061235553933,2.14775362942705e-07,7.27902010822684e-07,"ENSMUSG00000017697"
42.4195154750659,1.90662991207328,0.39598420066441,2.1665815626251e-07,7.33977412620423e-07,"ENSMUSG00000037418"
47.5181053263481,1.97253858945801,0.411412442470471,2.16621989124934e-07,7.33977412620423e-07,"ENSMUSG00000079293"
3278.90156762345,-0.486811708059698,0.0947273279153901,2.17484600605736e-07,7.36623871964246e-07,"ENSMUSG00000031754"
881.543890902041,-0.569223590947124,0.111145463566317,2.17886321370274e-07,7.37830983828859e-07,"ENSMUSG00000049907"
1640.6067985041,1.79239037096284,0.370359383777625,2.18592103558728e-07,7.40067026149952e-07,"ENSMUSG00000002910"
13.8599001747838,-5.37097466290858,1.09430279225723,2.18807780483347e-07,7.40643179602396e-07,"ENSMUSG00000028174"
1778.50019766733,-0.47977090814481,0.0933951801309494,2.21433713776223e-07,7.49375882089264e-07,"ENSMUSG00000031536"
1077.26105567293,-0.46028281456078,0.089573362947456,2.25096228602635e-07,7.61612223902243e-07,"ENSMUSG00000046841"
925.898760399554,0.61818272386418,0.120999370114499,2.25400333912972e-07,7.62482675693135e-07,"ENSMUSG00000042115"
22.4139121303838,2.32999713790444,0.491819868237721,2.25588373870388e-07,7.6296022228593e-07,"ENSMUSG00000020963"
5735.59843173396,-0.642546745886233,0.125952916921134,2.25945357136201e-07,7.64008833291044e-07,"ENSMUSG00000026721"
4775.71861617253,-0.425823423076626,0.0827933028428599,2.26892433503186e-07,7.67051927843169e-07,"ENSMUSG00000061689"
1050.72997194475,-0.555744271423077,0.108584280524315,2.27718938621022e-07,7.69686229832434e-07,"ENSMUSG00000022668"
775.800000509314,0.5224776967265,0.10193106014144,2.28161156369403e-07,7.71020822790356e-07,"ENSMUSG00000018900"
919.599077495294,0.636897298018569,0.124911769184981,2.29500671618016e-07,7.75386453424256e-07,"ENSMUSG00000020803"
1301.10975961722,0.641135917936321,0.125747392038682,2.29899613806402e-07,7.76573130014654e-07,"ENSMUSG00000028973"
51.8868441948652,-1.38255448992001,0.282595874068372,2.30295321286943e-07,7.77748390022586e-07,"ENSMUSG00000026479"
854.232257680691,0.529640999594762,0.103340168012398,2.30762211669659e-07,7.7916350996862e-07,"ENSMUSG00000026816"
257.425670328276,-0.789184582888587,0.156210750762812,2.34465403951948e-07,7.91503078707965e-07,"ENSMUSG00000003752"
17.7736097727697,-3.0216723355031,0.64132009769724,2.34565917548001e-07,7.91678209796053e-07,"ENSMUSG00000001494"
2346.96279938397,-0.317544074393544,0.0616767047777911,2.38550961935271e-07,8.04961143943272e-07,"ENSMUSG00000047013"
21.6584135951037,2.47309430701668,0.522767165480464,2.38885150660902e-07,8.05921758022416e-07,"ENSMUSG00000039079"
42.5026020159132,1.72701465082961,0.357657173353266,2.3924593377688e-07,8.06971676340665e-07,"ENSMUSG00000078942"
812.782842966694,0.851854095901962,0.169126002679733,2.39742998988298e-07,8.08480741150096e-07,"ENSMUSG00000038630"
706.988149418224,-0.55785440110546,0.109217531304471,2.40875378431809e-07,8.12131195135251e-07,"ENSMUSG00000021007"
38.9745078647316,1.95371963831348,0.412897833595899,2.42918995500232e-07,8.18826073336489e-07,"ENSMUSG00000026994"
929.175187698114,0.432301220548636,0.0842526847863787,2.42961662011011e-07,8.18826073336489e-07,"ENSMUSG00000030872"
1133.60032330624,0.58129831689577,0.113951996426512,2.44391631737395e-07,8.23474846081831e-07,"ENSMUSG00000044835"
13.6870300032606,4.29738244642881,0.895912652134971,2.47017074416975e-07,8.32148993658842e-07,"ENSMUSG00000118623"
18826.3803237035,-0.333829088343333,0.0649814922144659,2.47239502074664e-07,8.32725970364449e-07,"ENSMUSG00000006932"
2626.77455808523,0.650194737544298,0.127850136613578,2.47546784311312e-07,8.33588447459566e-07,"ENSMUSG00000052632"
1651.19497125689,0.494922182373285,0.096755305111321,2.48047573665273e-07,8.35102048422607e-07,"ENSMUSG00000022898"
1607.26796157267,-0.476530105306798,0.0931785832912142,2.48392041119852e-07,8.36088843124267e-07,"ENSMUSG00000038594"
1286.35499466648,0.494647020367619,0.0967536861774771,2.48896102908184e-07,8.37612314066451e-07,"ENSMUSG00000022620"
327.541126159576,-0.599446236138683,0.117737576590763,2.49013961173682e-07,8.37795850487332e-07,"ENSMUSG00000023892"
209.594491715506,3.37986337081175,0.734604307500101,2.49053576637683e-07,8.37795850487332e-07,"ENSMUSG00000043441"
767.077687416657,-0.570678028199369,0.111982188597613,2.49564806902734e-07,8.39342133628658e-07,"ENSMUSG00000011427"
1226.21605657524,0.468060387989467,0.0914380892338464,2.49667966986985e-07,8.39515630368548e-07,"ENSMUSG00000030423"
2708.42187705465,-0.413270245181817,0.0806184417110995,2.50436211483344e-07,8.41924958803361e-07,"ENSMUSG00000111375"
2214.10166182691,-0.692143395565285,0.136616777630853,2.51415802191356e-07,8.45043656425952e-07,"ENSMUSG00000027404"
20982.7501865403,0.552253249726227,0.10825919540366,2.53039997445851e-07,8.50327225108086e-07,"ENSMUSG00000023011"
735.399450657778,0.688505345285977,0.135904157182681,2.55419920607595e-07,8.5814767134168e-07,"ENSMUSG00000039239"
60.1411230329941,1.33092186902986,0.271691058002874,2.55862704007138e-07,8.59457923200203e-07,"ENSMUSG00000001901"
2672.11794930722,-0.566875037003606,0.111334485024358,2.63198687170548e-07,8.83917522129603e-07,"ENSMUSG00000026663"
1316.22500040187,-0.429243423186938,0.0839549685724567,2.63499428438661e-07,8.84744986824366e-07,"ENSMUSG00000052155"
1757.9574969665,0.496752594625982,0.0973344827150111,2.65339551764588e-07,8.90739786270151e-07,"ENSMUSG00000042870"
2182.73240629295,-0.86063008598086,0.171811384095796,2.67083484986829e-07,8.96409271879506e-07,"ENSMUSG00000005893"
370.503949162767,0.75546083439352,0.149859330021165,2.67300963066919e-07,8.96954252072419e-07,"ENSMUSG00000079450"
823.389883181413,-0.499642474644255,0.0980258640020528,2.68045650350869e-07,8.99267744520085e-07,"ENSMUSG00000024486"
1622.17093684098,0.632913536539922,0.124782094436544,2.68436355383932e-07,9.0039295135785e-07,"ENSMUSG00000051851"
370.22339096889,0.671986851618054,0.132822197443233,2.69353579746159e-07,9.0328338918582e-07,"ENSMUSG00000043487"
247.537870493872,-1.23176424252961,0.251507623232562,2.69467059270386e-07,9.03477814789567e-07,"ENSMUSG00000034164"
344.517100662212,0.716047838428302,0.141885250399788,2.70414004501151e-07,9.06466055450933e-07,"ENSMUSG00000028051"
1850.45946526388,-0.624188948059946,0.122924153788175,2.72859886339611e-07,9.14476678986244e-07,"ENSMUSG00000019338"
3469.02180092155,0.377298589314627,0.0737345569128803,2.73749666436099e-07,9.17269878601651e-07,"ENSMUSG00000024687"
16901.8220676591,0.436746398730996,0.0854619806202283,2.74104106828752e-07,9.18268501946579e-07,"ENSMUSG00000035770"
40.022747110313,1.54040471117794,0.31840632354359,2.74582099905815e-07,9.19632796440566e-07,"ENSMUSG00000024737"
488.915031231035,-0.547108644701236,0.107631731953325,2.74624341042978e-07,9.19632796440566e-07,"ENSMUSG00000066026"
1689.57871129372,0.574481800057301,0.113111461223098,2.75939704707202e-07,9.23847493464384e-07,"ENSMUSG00000025135"
7439.28451865409,-0.400016391289322,0.0783033270517163,2.76544266847326e-07,9.25681179465509e-07,"ENSMUSG00000004364"
3019.85529616638,0.601879685200812,0.11863816077339,2.77281413169066e-07,9.27957821456839e-07,"ENSMUSG00000030306"
2664.48851270588,0.494914375065501,0.097164938792949,2.77344868317717e-07,9.27979397014552e-07,"ENSMUSG00000041141"
68.8895077973882,1.26495485357859,0.258299449668009,2.79540264872144e-07,9.35132846606815e-07,"ENSMUSG00000032456"
190.440704959555,1.27202305731993,0.260076993059978,2.80272140027949e-07,9.37388513535021e-07,"ENSMUSG00000004446"
261.805114953338,0.785517880190577,0.15619286660068,2.80440745470297e-07,9.37759748308443e-07,"ENSMUSG00000063804"
29.3650613711157,-1.85632489637175,0.389500014731048,2.81210668062238e-07,9.40141149048494e-07,"ENSMUSG00000044243"
2292.64161702217,0.707141029900538,0.140196598112537,2.82518818192555e-07,9.44320600110556e-07,"ENSMUSG00000034327"
355.927798510897,1.45707198754618,0.301218807641713,2.8321264348487e-07,9.46445372746196e-07,"ENSMUSG00000044505"
16.5583277186124,2.50600251214899,0.530383337519397,2.84961311226439e-07,9.52093642065676e-07,"ENSMUSG00000031552"
10508.0468993778,-0.476505597598147,0.0935920533410865,2.85534500428335e-07,9.53812969007273e-07,"ENSMUSG00000032959"
252.351763903844,0.913153071404821,0.183560844947807,2.86698775590066e-07,9.57505676868097e-07,"ENSMUSG00000029790"
738.406721162655,-0.529938766586122,0.104379667620369,2.869399307243e-07,9.58114500990802e-07,"ENSMUSG00000054079"
15.2280313203054,-3.77520047223081,0.805467016564741,2.88024794283112e-07,9.61539704950882e-07,"ENSMUSG00000031289"
7.07341207466411,6.92350805209138,2.60456040278855,2.90274896415759e-07,9.68852729927358e-07,"ENSMUSG00000048399"
25195.3314189556,0.527157505158586,0.103617379453017,2.90510828958812e-07,9.69441425541521e-07,"ENSMUSG00000022037"
1236.61171314609,0.780471964901671,0.155468863759873,2.91760027344767e-07,9.73410478605886e-07,"ENSMUSG00000040612"
559.755186570734,-0.805082420618847,0.160813942281488,2.92274273460898e-07,9.74926357253379e-07,"ENSMUSG00000078896"
3642.78924196367,-0.46670255126665,0.091649527196878,2.93039482050455e-07,9.77278567674104e-07,"ENSMUSG00000027067"
9978.38192636363,-0.29788488222507,0.0585142394996123,2.93402615955488e-07,9.78289181180549e-07,"ENSMUSG00000028759"
1167.99278487692,-0.495133205796263,0.0974442737042506,2.94423751187496e-07,9.81492898183506e-07,"ENSMUSG00000052423"
1171.11613284424,-0.521449303821517,0.102750566385519,2.95218090196559e-07,9.83939408726368e-07,"ENSMUSG00000031155"
8510.4220691313,-0.487686408121642,0.0960372687865103,2.95456554414906e-07,9.84532608549813e-07,"ENSMUSG00000023150"
352.786798535217,-0.871432599177101,0.174792825760755,2.99266934183757e-07,9.97025614949487e-07,"ENSMUSG00000028464"
2369.92738814654,-0.402558820105455,0.0790449953219081,3.00083709711692e-07,9.99542178573136e-07,"ENSMUSG00000028467"
3543.96443081118,-0.432434825504974,0.0849884059172833,3.01341216802592e-07,1.00352543517033e-06,"ENSMUSG00000028381"
2695.55148473404,-0.522254186406679,0.103027175647054,3.02746729052567e-07,1.00799984772299e-06,"ENSMUSG00000061410"
2708.9750964185,-0.453732339917527,0.0893509585370961,3.05791544847171e-07,1.01792940020905e-06,"ENSMUSG00000020794"
4445.60644949031,0.591200823244559,0.117008319629566,3.0605947800882e-07,1.01861300000564e-06,"ENSMUSG00000116048"
1382.02068380237,-0.59642961475173,0.11807593529338,3.07995571858451e-07,1.02484708068517e-06,"ENSMUSG00000039990"
3026.69445177303,-0.685841688932973,0.1364347996869,3.10848727094362e-07,1.03412948694912e-06,"ENSMUSG00000034832"
1342.0124977812,-0.760628140685248,0.152246060114175,3.10975589345688e-07,1.03434013963406e-06,"ENSMUSG00000091474"
24.9282272587735,2.40146233438608,0.521013557861489,3.14976833403212e-07,1.04743470768897e-06,"ENSMUSG00000026630"
73.5112028804273,-1.38306189373254,0.287018693707965,3.15956246985866e-07,1.05047708097139e-06,"ENSMUSG00000026429"
157.781244911791,0.879995448013491,0.177043736477678,3.19234486095337e-07,1.0611596823892e-06,"ENSMUSG00000035984"
193.362877095233,-0.764134334363831,0.152813683251268,3.1942542355417e-07,1.06157759179558e-06,"ENSMUSG00000041390"
2718.31386081401,-0.473507664055447,0.0934561772080977,3.23005680919834e-07,1.0732570879798e-06,"ENSMUSG00000021072"
79.7644511066911,-1.33581164709664,0.275749846056125,3.23304714901509e-07,1.07403145901363e-06,"ENSMUSG00000029828"
4220.77301794651,-0.307873324540308,0.0604888597654821,3.24065773464088e-07,1.07634006538429e-06,"ENSMUSG00000014355"
1064.36084688613,0.45191380342805,0.0890860822830075,3.25202441655313e-07,1.07989501127401e-06,"ENSMUSG00000025510"
1583.06368407409,0.567758202478279,0.112424515892444,3.25316055419904e-07,1.08005195801044e-06,"ENSMUSG00000020444"
61.2334507861178,1.72625991866749,0.363491635130951,3.28556189406974e-07,1.09058679673057e-06,"ENSMUSG00000029343"
2591.20990272091,-0.551989910876294,0.10934308299883,3.28776381147502e-07,1.09109519517208e-06,"ENSMUSG00000046230"
1313.96676311129,-0.602520784486375,0.119698964270738,3.3328642660625e-07,1.10583702655861e-06,"ENSMUSG00000102742"
114.187972935676,1.22337057582816,0.251996519125153,3.33371586931441e-07,1.10589416997554e-06,"ENSMUSG00000017146"
1589.57550883171,0.545481967268128,0.108065857899538,3.34108196241481e-07,1.10811190269332e-06,"ENSMUSG00000025978"
21.7346563518944,2.25259473473894,0.482742583635085,3.34402163642758e-07,1.10886095330552e-06,"ENSMUSG00000032401"
3778.44974552514,-0.506347466558373,0.100247546369903,3.40432633085938e-07,1.12862778032035e-06,"ENSMUSG00000025223"
321.966822168121,0.732618851008465,0.146554497323988,3.41396166435883e-07,1.1315916915584e-06,"ENSMUSG00000019823"
2452.4582486519,-0.523499361105392,0.103742826065971,3.4186593885108e-07,1.13291810924631e-06,"ENSMUSG00000036298"
1093.97801297449,0.697216175802688,0.139236492301831,3.42577101608258e-07,1.13504377365749e-06,"ENSMUSG00000001700"
172.048787996053,0.793415002988154,0.159239448755718,3.44498796321935e-07,1.14117855240709e-06,"ENSMUSG00000015335"
2380.3333863474,0.655853158545477,0.130689675092985,3.45798022977416e-07,1.14508730766208e-06,"ENSMUSG00000025586"
10787.0377470833,-0.406364260488341,0.0802198719251622,3.45819462124757e-07,1.14508730766208e-06,"ENSMUSG00000029571"
44.1120398695417,2.22291604218775,0.475993280793069,3.4800696230743e-07,1.15209626447841e-06,"ENSMUSG00000022041"
3223.56285660385,0.39389471830347,0.0777105267120517,3.4888871632425e-07,1.15478050514968e-06,"ENSMUSG00000024507"
1222.01559508849,-0.771576885183745,0.155746957763397,3.49274873523746e-07,1.15582362090253e-06,"ENSMUSG00000020846"
118.070872819873,1.37022365728772,0.285325343827868,3.51127352740519e-07,1.16171769266467e-06,"ENSMUSG00000045761"
3821.79793339132,-0.563438534902517,0.112016509606807,3.5165186085908e-07,1.1632166208218e-06,"ENSMUSG00000055024"
2042.53968752355,-0.578454046331202,0.115101614119003,3.57604165774963e-07,1.18266570712817e-06,"ENSMUSG00000061751"
104.014768020158,1.66898582081239,0.351263999764115,3.59519067081724e-07,1.18854994522269e-06,"ENSMUSG00000021534"
4461.55145339187,0.479071230113539,0.0949028549216666,3.59529421936142e-07,1.18854994522269e-06,"ENSMUSG00000029621"
1587.74798368604,0.52996157806817,0.105296246365632,3.6039653148233e-07,1.19117456638972e-06,"ENSMUSG00000019868"
46.8566089316578,1.50252341228113,0.314084994483183,3.6350296593308e-07,1.20119798608581e-06,"ENSMUSG00000022876"
5616.09451659244,-0.330873069786474,0.0653478782848635,3.65282730258583e-07,1.20683423648249e-06,"ENSMUSG00000062373"
1167.91446518424,1.11896787505553,0.229522542791686,3.65668241528167e-07,1.20786275072961e-06,"ENSMUSG00000027520"
303.589843528036,0.734664379047416,0.147508203434716,3.69459988982623e-07,1.2201399270966e-06,"ENSMUSG00000062563"
3657.01223283324,-0.330064027657422,0.0652015291447305,3.7017506417288e-07,1.22225348774972e-06,"ENSMUSG00000034354"
943.504501524175,0.779688784272743,0.156772175321043,3.70430048741988e-07,1.22284736025595e-06,"ENSMUSG00000056900"
361.189992748957,-0.537197907526756,0.106853568317704,3.7054099591615e-07,1.22296559844345e-06,"ENSMUSG00000036315"
4871.25622971338,-0.381273029414172,0.0754357676725018,3.71152801380497e-07,1.22448830581105e-06,"ENSMUSG00000039671"
1065.49479175019,-0.554892105543593,0.110449331924774,3.71106423468271e-07,1.22448830581105e-06,"ENSMUSG00000048970"
4305.6016076327,0.782472882052213,0.157510779120353,3.77840983335287e-07,1.246301018588e-06,"ENSMUSG00000039419"
1519.94863220017,-0.552105663504702,0.109977506011999,3.79539411389195e-07,1.25164962289168e-06,"ENSMUSG00000026135"
106.015506240079,1.08161036313282,0.22187029061274,3.82762314243267e-07,1.26202247341541e-06,"ENSMUSG00000026768"
947.438165514263,-0.48689135671239,0.0967905295959355,3.85118241226191e-07,1.26953315728634e-06,"ENSMUSG00000001054"
5224.03110235571,-0.33690532763685,0.0666757860354491,3.88855633346851e-07,1.28159384483094e-06,"ENSMUSG00000056820"
2488.72430879415,-0.561461079136833,0.111821205640724,3.89924429638558e-07,1.28485624810859e-06,"ENSMUSG00000037643"
139.9761619809,-0.973967324120376,0.198982368238971,3.92771127423553e-07,1.29397458251378e-06,"ENSMUSG00000035506"
8229.94184139183,-0.884567078285997,0.179800762910961,3.95452775701805e-07,1.30254558536503e-06,"ENSMUSG00000026185"
338.242700720416,-0.795353789344555,0.160817830472214,3.9967393960018e-07,1.31618296354678e-06,"ENSMUSG00000074221"
2515.73913946458,0.558744569122852,0.111538912422122,4.02485996889448e-07,1.32517537568091e-06,"ENSMUSG00000040447"
14.6621956761288,2.77894483518682,0.595774475624733,4.0305949163352e-07,1.32679522847532e-06,"ENSMUSG00000030345"
54.0420633149559,1.53246434112111,0.323155357001381,4.04896037879223e-07,1.33257131107926e-06,"ENSMUSG00000098132"
233.334191032963,0.601132799276353,0.120281041686056,4.07216499577988e-07,1.33993737217111e-06,"ENSMUSG00000037594"
278.485846858978,-0.637012385312433,0.127703649083732,4.08784954142739e-07,1.34482649222625e-06,"ENSMUSG00000102752"
69.6182621607435,1.03805623502376,0.212460589508313,4.09187119071304e-07,1.34587753571281e-06,"ENSMUSG00000029915"
2739.14496800698,-0.395555658223929,0.0785444998352316,4.10540473731308e-07,1.3500561275552e-06,"ENSMUSG00000015937"
676.878057871335,-0.453246698665895,0.0902040463863849,4.12672250055821e-07,1.35679234223564e-06,"ENSMUSG00000043284"
43.6472076986546,1.5035001868972,0.315227550996463,4.13299792821611e-07,1.35858118488493e-06,"ENSMUSG00000041565"
754.981693773915,0.591449600240312,0.118361567625584,4.14145952575671e-07,1.36108778841647e-06,"ENSMUSG00000071719"
1821.48299172339,0.699534735733388,0.140741030261345,4.17522478933077e-07,1.37190773356331e-06,"ENSMUSG00000047731"
1024.08643113235,-0.480754476487484,0.0958108513692886,4.20695394595517e-07,1.3820544163927e-06,"ENSMUSG00000072915"
812.69464962499,-0.601493013489241,0.120601478757354,4.2292872917881e-07,1.38911094704856e-06,"ENSMUSG00000046862"
17.8344170106408,-2.65772230066187,0.577477626547219,4.23669351932489e-07,1.39126280225077e-06,"ENSMUSG00000019987"
3776.40675235714,-0.448698124097514,0.0894037411717054,4.26811493340359e-07,1.40129840431512e-06,"ENSMUSG00000046985"
2602.57717208291,-0.566775177081567,0.113488551041173,4.27043914466779e-07,1.40177875371854e-06,"ENSMUSG00000025949"
2639.23298967044,0.55591136802871,0.111187011786807,4.27653533435875e-07,1.40349681799782e-06,"ENSMUSG00000084319"
210.492163524777,-0.901964254398561,0.184114153990714,4.31532714372859e-07,1.41594225449736e-06,"ENSMUSG00000007646"
8315.76857079242,-0.687053043347436,0.137545138442907,4.3219418843035e-07,1.41782688417357e-06,"ENSMUSG00000021156"
987.763277410392,-0.659558091502903,0.132674452269461,4.32416253687164e-07,1.41826955017523e-06,"ENSMUSG00000071477"
875.352487751251,0.585993751992376,0.117521365875427,4.32586384060049e-07,1.41854173241931e-06,"ENSMUSG00000028919"
1000.3123624128,-0.494785560987252,0.0988506961749307,4.34296392354349e-07,1.42386237154967e-06,"ENSMUSG00000066798"
673.093522047159,3.17628530387142,0.704633172551612,4.34485300374934e-07,1.4241948690099e-06,"ENSMUSG00000056673"
1300.27303689554,-0.577174673243127,0.115604159790105,4.35115725709333e-07,1.42597418624855e-06,"ENSMUSG00000052137"
6341.8415360986,-0.353510979050594,0.0702778072731934,4.35487457912755e-07,1.42690516101124e-06,"ENSMUSG00000034566"
3156.59303171226,-0.468300216393876,0.0934484308465896,4.35856505660095e-07,1.42782696702254e-06,"ENSMUSG00000030647"
114.238879182833,1.39104328965616,0.291630924190762,4.37001071791654e-07,1.43128841984397e-06,"ENSMUSG00000037593"
5247.00417515142,0.271414283386721,0.053805914433937,4.43987454146431e-07,1.45387804839984e-06,"ENSMUSG00000019818"
2251.23773695088,-0.461994836247849,0.0922595497085795,4.44996975256794e-07,1.45689074079447e-06,"ENSMUSG00000042404"
2556.56249414536,-0.600125278449981,0.120602735024878,4.45115328130009e-07,1.45698518224418e-06,"ENSMUSG00000059003"
1056.0437275991,-0.700566106755499,0.14144001844344,4.46182977163181e-07,1.46018626905152e-06,"ENSMUSG00000030930"
1755.659811617,0.471082307545511,0.0939682688815612,4.48389663325519e-07,1.46711295268599e-06,"ENSMUSG00000020704"
7721.86208034688,0.471235922324437,0.0941320877389298,4.50312913158091e-07,1.47286707937209e-06,"ENSMUSG00000007815"
15501.9250631422,0.742491541792485,0.150177391425041,4.50329245241115e-07,1.47286707937209e-06,"ENSMUSG00000021573"
435.002533843162,0.713528527218125,0.14411797717888,4.51503511278482e-07,1.47641103989376e-06,"ENSMUSG00000031875"
82.1242841688476,1.02431490457198,0.210329077237041,4.51707401845029e-07,1.47678109805852e-06,"ENSMUSG00000016206"
1654.52244011524,-0.883986620993691,0.180523299211641,4.58075767070294e-07,1.49730066995386e-06,"ENSMUSG00000085328"
966.927502688487,0.493584530591515,0.0987970717521224,4.64075557304431e-07,1.51660749283307e-06,"ENSMUSG00000033032"
1125.65038549605,-0.950812694330178,0.195075044640082,4.6428338960486e-07,1.51698213889762e-06,"ENSMUSG00000110444"
122.343263347393,1.61390747919348,0.345064542153489,4.65265957976339e-07,1.5198874701864e-06,"ENSMUSG00000059852"
151.092228018815,0.779354733547468,0.158131930191593,4.65531798974884e-07,1.52045076719766e-06,"ENSMUSG00000048731"
3129.94584647275,-0.427880003560746,0.0854692699084084,4.66567671955887e-07,1.52352829771272e-06,"ENSMUSG00000007411"
1588.1404771301,0.623221992812645,0.124352761851153,4.68975688399817e-07,1.53108428715849e-06,"ENSMUSG00000034818"
772.73673573727,-0.563956301607953,0.113343694362351,4.72116852867724e-07,1.54103030498913e-06,"ENSMUSG00000069206"
1472.5126890896,0.494412240249317,0.0990542579595071,4.72986692420122e-07,1.54356001989069e-06,"ENSMUSG00000109901"
1310.24106578876,0.864453510370426,0.176505110554978,4.73179913308906e-07,1.54388106410952e-06,"ENSMUSG00000056755"
192.520726058955,0.731317497075643,0.148051230403163,4.73500059717545e-07,1.54461602646938e-06,"ENSMUSG00000042476"
1979.93111817844,0.695609200345481,0.140636717143201,4.73614689527996e-07,1.54468040796168e-06,"ENSMUSG00000020723"
14947.1448543445,0.491625785949819,0.0984635877953974,4.75284108829252e-07,1.54981464814154e-06,"ENSMUSG00000025855"
21.4879387199052,-2.84778105805622,0.640224499642435,4.75798410949562e-07,1.55118096003144e-06,"ENSMUSG00000032818"
203.097236330902,-0.75254461550408,0.152741742419783,4.80130812594662e-07,1.56467855203522e-06,"ENSMUSG00000026049"
627.118515660571,-0.452823364046555,0.0906407121145651,4.80049271173423e-07,1.56467855203522e-06,"ENSMUSG00000049657"
3370.67991745166,-0.431739973155819,0.0863739726546393,4.80404161723301e-07,1.5651942520289e-06,"ENSMUSG00000032030"
611.638267009471,-0.579159465897826,0.116514207920981,4.80481366100776e-07,1.5651942520289e-06,"ENSMUSG00000042111"
3391.06627632733,-0.854888326349311,0.174769863860025,4.84898271282618e-07,1.57926651859513e-06,"ENSMUSG00000073411"
2622.93184688828,-0.383837610598385,0.0766821448286727,4.85614545749053e-07,1.58128297173496e-06,"ENSMUSG00000034300"
10607.25938276,-0.377549680012978,0.0754744136914567,4.86488578595063e-07,1.58381221647409e-06,"ENSMUSG00000038453"
114.537040327837,1.1522611253543,0.239817429836702,4.87423132275414e-07,1.58653744194745e-06,"ENSMUSG00000037686"
5883.11717635605,-0.513885827857821,0.103183629493976,4.87530709515183e-07,1.58657034975773e-06,"ENSMUSG00000045767"
14.2536673153625,5.32434260404827,1.10847042098671,4.88968627325044e-07,1.59093170409696e-06,"ENSMUSG00000032852"
2769.33997143833,1.71607206689576,0.365466362334672,4.9048368149743e-07,1.59554223969128e-06,"ENSMUSG00000036699"
3575.75573355866,0.294626166692547,0.0585975845815422,4.93703330279722e-07,1.60569486719147e-06,"ENSMUSG00000032470"
1659.55923508759,-0.635480127805121,0.12827301148908,4.99863550274728e-07,1.62540528792889e-06,"ENSMUSG00000037306"
1191.60304129332,-0.411180868397615,0.0823357816356026,5.01035943701846e-07,1.62889216927874e-06,"ENSMUSG00000026584"
3836.72105959798,0.492754494562671,0.0989275119310801,5.02006058110411e-07,1.63172017051144e-06,"ENSMUSG00000004360"
2133.97199397236,-0.410129692229979,0.0821444486929044,5.04181370100357e-07,1.6384636339576e-06,"ENSMUSG00000049323"
755.113159408227,-0.887810215921114,0.182259940802156,5.04609818680256e-07,1.63952866835872e-06,"ENSMUSG00000098950"
1240.78284276081,-0.477506318663063,0.0959426207485592,5.12496633344478e-07,1.66482143236508e-06,"ENSMUSG00000053870"
12.5996333803347,-5.25700825059837,1.0971471996104,5.17576557567059e-07,1.68098786992749e-06,"ENSMUSG00000037583"
1158.31180827021,-0.373281116340683,0.074774602945997,5.20865294025726e-07,1.6913315890985e-06,"ENSMUSG00000049672"
574.018122768145,-0.524562072147233,0.105677002947161,5.23657735544839e-07,1.70005995596308e-06,"ENSMUSG00000039725"
103.506030312727,1.26466511853761,0.26553661304263,5.26430270159351e-07,1.70872022685023e-06,"ENSMUSG00000042320"
3670.25283512512,0.443568003384906,0.0889504298709758,5.29141403683209e-07,1.71717778491931e-06,"ENSMUSG00000039770"
281.256333631136,0.614148158951721,0.124248559126718,5.33902120858053e-07,1.73228198591337e-06,"ENSMUSG00000036390"
696.514625747982,-0.826232488840584,0.169201585356934,5.35845692495246e-07,1.73824156684687e-06,"ENSMUSG00000048218"
50.0730658995616,1.43552445970905,0.304703023638705,5.40089006996527e-07,1.75165747278132e-06,"ENSMUSG00000038704"
1115.32819684357,-2.52347400808649,0.560692887695983,5.41950271512183e-07,1.75734392822218e-06,"ENSMUSG00000028341"
303.313271849221,0.729551462459957,0.148638439468344,5.43492987852192e-07,1.76199539061103e-06,"ENSMUSG00000096145"
127.113420473743,0.991684515185354,0.205037292037924,5.44562460584341e-07,1.76511105802308e-06,"ENSMUSG00000051735"
3581.57645817541,-0.402048629683795,0.0807689688951993,5.45427005580363e-07,1.76756137703308e-06,"ENSMUSG00000047284"
170.903806867157,1.25864997293265,0.264717904822772,5.46837489278847e-07,1.7717244087234e-06,"ENSMUSG00000031860"
1000.31916247759,-0.594782571949902,0.120394552190737,5.46929300518188e-07,1.7717244087234e-06,"ENSMUSG00000037818"
647.929342863133,-0.536774172138167,0.108389834014402,5.48093124694075e-07,1.7751412422941e-06,"ENSMUSG00000026097"
1848.53827111832,0.849185968228644,0.174174142814777,5.49983006649669e-07,1.78078531654495e-06,"ENSMUSG00000002012"
23.0651848701588,-2.29816155835658,0.503409213478029,5.50054587270428e-07,1.78078531654495e-06,"ENSMUSG00000084375"
2012.61895766678,0.651378230259992,0.132179871880324,5.52961721852704e-07,1.78984110326473e-06,"ENSMUSG00000044149"
2725.30342560793,-0.413655699516352,0.0832026145809923,5.56313671404155e-07,1.80033279187213e-06,"ENSMUSG00000028675"
210.082392808517,1.02942468224651,0.21352210320317,5.5809141617254e-07,1.80572690766381e-06,"ENSMUSG00000028339"
867.663704336855,-0.407451690385549,0.0819659383019423,5.63905852587336e-07,1.82417715986023e-06,"ENSMUSG00000022131"
8214.10151258111,-0.42943572723954,0.086466979967154,5.65221852195017e-07,1.82807099344933e-06,"ENSMUSG00000041571"
2997.74064243141,0.620676109587843,0.125888758361306,5.68791805158817e-07,1.83925168938721e-06,"ENSMUSG00000094950"
1967.65377397996,-1.81504893895012,0.3939171564261,5.6984108019837e-07,1.84227867000379e-06,"ENSMUSG00000022829"
102.748088558069,-0.864768980477656,0.178091327535681,5.83698198830627e-07,1.8867035902631e-06,"ENSMUSG00000028687"
2706.93875785332,0.381246809139278,0.076762390838652,5.88364749940414e-07,1.90140984703793e-06,"ENSMUSG00000032177"
1509.72591768519,-0.777574579143619,0.159391989714235,5.89440560472298e-07,1.9045084246463e-06,"ENSMUSG00000074738"
1390.21939941069,2.62663338350302,0.584344875929148,5.90813976519173e-07,1.90856715812247e-06,"ENSMUSG00000040856"
11.9646090901865,-3.45283737531083,0.753061875160278,5.92807734265394e-07,1.91462783697859e-06,"ENSMUSG00000020429"
3275.93225523273,0.517696758112015,0.105253451958548,5.96116882448821e-07,1.92493366643561e-06,"ENSMUSG00000040351"
5684.93015397186,0.620291922710145,0.125585230938254,5.98387461650885e-07,1.93188240792406e-06,"ENSMUSG00000022565"
1820.98718270287,0.40455247169733,0.081540402184569,6.03087973418409e-07,1.94667182853557e-06,"ENSMUSG00000039637"
2145.39733657758,-0.543529166511858,0.110210514460719,6.06178570881621e-07,1.95625986851924e-06,"ENSMUSG00000052917"
5845.48463110932,-0.563507966851512,0.114394956463827,6.10511718029282e-07,1.96985326978804e-06,"ENSMUSG00000028053"
328.131238261455,1.07569443021133,0.224665554475421,6.11242649915665e-07,1.9718208195258e-06,"ENSMUSG00000028555"
48.6513008259302,-1.34170837816829,0.284439982422623,6.11472892983061e-07,1.97217272676407e-06,"ENSMUSG00000045377"
199.551804789274,0.841937490791148,0.173583974419377,6.13339544665722e-07,1.9778013288567e-06,"ENSMUSG00000072066"
4915.78671590662,-0.609812204736021,0.12257295146698,6.1486713011976e-07,1.98233455022568e-06,"ENSMUSG00000007836"
3397.43535498273,0.336575405751155,0.0677613651857827,6.15922886253136e-07,1.9853450975106e-06,"ENSMUSG00000017760"
216.074376644018,1.16909404830414,0.24620966259566,6.16906039220265e-07,1.98812047246634e-06,"ENSMUSG00000031075"
2614.9067529198,-0.399459505930338,0.0806499898285301,6.20577477604562e-07,1.99955664696102e-06,"ENSMUSG00000060475"
818.224476290568,0.559526134127647,0.113632916555241,6.25546888796077e-07,2.01516965284436e-06,"ENSMUSG00000034110"
59.3707602807066,1.34998092004947,0.287355215052464,6.28308211320059e-07,2.02366463471862e-06,"ENSMUSG00000092009"
10607.1620280117,-0.403309253373748,0.0816724588603059,6.44919396773679e-07,2.07675528005578e-06,"ENSMUSG00000024268"
41.2358425065092,1.31553300727495,0.279003442751078,6.47499898725611e-07,2.08465256160117e-06,"ENSMUSG00000042106"
1935.35162560464,-0.352365057120394,0.0711708438817695,6.52625253414945e-07,2.10073835773947e-06,"ENSMUSG00000024561"
52.906260274557,1.66004117410408,0.361674879867626,6.54853918465756e-07,2.10749546951079e-06,"ENSMUSG00000043850"
525.759341193073,0.817167111682265,0.168467008339818,6.5743414641515e-07,2.1153811099715e-06,"ENSMUSG00000025227"
2951.30717445443,0.342477356103135,0.0691523092172491,6.57585070810433e-07,2.11544857364669e-06,"ENSMUSG00000031555"
3983.24568498966,-0.462093855342342,0.0937025012367108,6.57972646956357e-07,2.11627716798174e-06,"ENSMUSG00000030753"
5338.24186800932,-0.520990696663378,0.106240800306499,6.62183541399534e-07,2.12940017520775e-06,"ENSMUSG00000024045"
1674.82936859162,0.591466649744239,0.12003779416256,6.65199060810736e-07,2.13867476039446e-06,"ENSMUSG00000045034"
1201.59633958488,0.39006376930009,0.0789187800356768,6.71092175808956e-07,2.15719558408732e-06,"ENSMUSG00000040370"
7224.31933309835,-0.419498216979428,0.0850119501388624,6.73918127879389e-07,2.16585178393301e-06,"ENSMUSG00000025026"
981.274153123375,0.622926912418603,0.127223239945934,6.74600433679743e-07,2.16761663234087e-06,"ENSMUSG00000006471"
1144.17834017104,0.731217539704251,0.150204058215399,6.75766936706393e-07,2.17093629281758e-06,"ENSMUSG00000001520"
1568.55628541554,-0.621452230282283,0.127062007497073,6.76751391710323e-07,2.17366991994093e-06,"ENSMUSG00000033364"
21.3836853385716,2.31021015770117,0.511040731055153,6.77318287438487e-07,2.17506156696068e-06,"ENSMUSG00000045350"
1336.46922127644,-0.748208189257811,0.152473274836489,6.78008652561673e-07,2.17684908212996e-06,"ENSMUSG00000029283"
3585.95829010886,-0.42152407180822,0.085480029473861,6.8047187686994e-07,2.18432680175288e-06,"ENSMUSG00000039275"
254.767203251321,1.16062381349277,0.244891995745873,6.85178127594763e-07,2.19900030776568e-06,"ENSMUSG00000040483"
178.689366318022,0.710799302519782,0.145967485547215,6.85674008280292e-07,2.20015799463564e-06,"ENSMUSG00000005413"
3097.44725044541,-0.609595483489682,0.124184963002965,6.90620815207122e-07,2.2155943299057e-06,"ENSMUSG00000039285"
109.677590439241,0.947608899682235,0.19743727291545,6.9131510445462e-07,2.21738468380538e-06,"ENSMUSG00000073002"
307.682971796246,1.17163917499446,0.247605146846093,6.95805680793744e-07,2.2313484775336e-06,"ENSMUSG00000033327"
3061.46810068377,0.492954552312541,0.100093501101213,7.00768583539617e-07,2.24682115478784e-06,"ENSMUSG00000047388"
998.841747926715,0.635068466334157,0.130003400728758,7.04149551839898e-07,2.25721670044306e-06,"ENSMUSG00000027544"
2490.3234929854,1.78962269819232,0.389203466247292,7.04582818078112e-07,2.25816088062128e-06,"ENSMUSG00000052229"
3338.4950355379,-0.609322636229436,0.122946871993842,7.05886236942666e-07,2.26189294585683e-06,"ENSMUSG00000040850"
585.244108945258,-0.45998815646802,0.093610523594117,7.10196699585184e-07,2.27525720839355e-06,"ENSMUSG00000039810"
11.3897288655329,3.76673712055225,0.819274127193998,7.12907830985205e-07,2.28349344210491e-06,"ENSMUSG00000079697"
553.269255108171,-0.45858807742868,0.0933591876097096,7.20260502621567e-07,2.30659068693171e-06,"ENSMUSG00000030145"
509.242372140582,0.973886193584515,0.203611827487806,7.22744854448984e-07,2.31409141241553e-06,"ENSMUSG00000022076"
354.638815854168,-0.515920367552704,0.105246240523964,7.2716804013627e-07,2.32779574382266e-06,"ENSMUSG00000055305"
14.0746738501804,-3.28753138268968,0.732794166057877,7.27731000860573e-07,2.32913984113417e-06,"ENSMUSG00000030785"
776.442625797028,-0.463210523808151,0.0943213732924674,7.28975489346908e-07,2.33266424525043e-06,"ENSMUSG00000037017"
401.823417654046,-0.525848198990876,0.107331404447739,7.29560569582396e-07,2.33407762414745e-06,"ENSMUSG00000019792"
1684.47710263892,-0.568671089719323,0.116312625070797,7.30592376794637e-07,2.33691937698234e-06,"ENSMUSG00000046111"
427.338013348231,0.505724629717268,0.103117099994318,7.32489169503302e-07,2.34252626742137e-06,"ENSMUSG00000030727"
258.921893825852,-0.774153365949979,0.160128828476756,7.34051449721333e-07,2.34706138255036e-06,"ENSMUSG00000089951"
1540.0742972599,-0.412068850447324,0.0837611172335181,7.34575947445961e-07,2.34827715485573e-06,"ENSMUSG00000026662"
16.432598318981,2.47884978939492,0.550482211266639,7.38852533315777e-07,2.36148469218815e-06,"ENSMUSG00000073117"
4651.56914492561,-0.533457867123033,0.108992259969337,7.40160672330591e-07,2.3652013003921e-06,"ENSMUSG00000038717"
769.9973298588,0.572958134962203,0.117254466324928,7.45932874211621e-07,2.38317867054304e-06,"ENSMUSG00000030556"
3126.3840085719,-0.654884298291244,0.134646797453982,7.4784768874692e-07,2.38882744847378e-06,"ENSMUSG00000045098"
3036.56598002835,0.439490102454702,0.0894623674404846,7.49362905247264e-07,2.3931978362988e-06,"ENSMUSG00000024812"
2858.56308359689,-0.503847274667643,0.102872285718896,7.51393833805709e-07,2.39921318687511e-06,"ENSMUSG00000035726"
673.437680211901,-0.423449426255183,0.0862191189527768,7.68484615973343e-07,2.45330311410356e-06,"ENSMUSG00000049300"
18.693604711102,2.37881544630249,0.527986101127599,7.70665753695212e-07,2.4597837526766e-06,"ENSMUSG00000046561"
432.141272118087,-0.716973887318686,0.148271954519082,7.79081136016318e-07,2.48615619134947e-06,"ENSMUSG00000021483"
296.960777170328,-0.642397719324964,0.132232055236238,7.79780779223858e-07,2.48790112195334e-06,"ENSMUSG00000007050"
5131.72010586898,-0.434274408762651,0.0885712918172846,7.80769581309869e-07,2.49056775319656e-06,"ENSMUSG00000000708"
820.169023853952,-0.704117325321954,0.145508698155853,7.90058803784429e-07,2.5197055658313e-06,"ENSMUSG00000067424"
312.376748924358,0.693763207836539,0.143087105763956,7.9277590941297e-07,2.52787585767372e-06,"ENSMUSG00000043518"
188.817869836165,1.0624814650525,0.224125329904289,7.93098245844584e-07,2.52840839127656e-06,"ENSMUSG00000034460"
1163.42720337827,-0.432748311684708,0.0883155871559994,7.93761006592244e-07,2.53002578134101e-06,"ENSMUSG00000039834"
736.780830058612,0.978812100860493,0.205676343721019,7.95450642430658e-07,2.53491494860733e-06,"ENSMUSG00000059588"
136.884687849746,0.933423800943128,0.195316261211763,7.96162807933849e-07,2.53668784254202e-06,"ENSMUSG00000026189"
576.56252026536,-0.556042757180926,0.114080787684972,7.966259062339e-07,2.53766663437875e-06,"ENSMUSG00000040795"
251.515164595511,0.723126361031038,0.14958146941286,8.09172518831108e-07,2.57712977138188e-06,"ENSMUSG00000092060"
123.373796638566,3.49833600145603,0.807208575826973,8.10832511507104e-07,2.58191150671217e-06,"ENSMUSG00000047986"
14568.2529900687,0.559119258423915,0.114669656106747,8.13682666391087e-07,2.59048043096306e-06,"ENSMUSG00000026667"
17.5080095259015,2.30838216788678,0.510640395649954,8.20213294174167e-07,2.61076104860522e-06,"ENSMUSG00000029193"
2804.05413698023,-0.487814063665128,0.0999030791621597,8.25212186095245e-07,2.62615913299284e-06,"ENSMUSG00000021549"
2407.8843711983,-0.470351575794196,0.0963336519468938,8.34852419652893e-07,2.65631893805899e-06,"ENSMUSG00000029438"
62.8498970147408,1.53431989154742,0.335276296592302,8.44135020909241e-07,2.68532926917347e-06,"ENSMUSG00000031027"
901.930942728364,-0.420897342703572,0.0860857623480373,8.45628759780859e-07,2.68955548099117e-06,"ENSMUSG00000025878"
806.199611180541,-0.63256951745135,0.130796009421201,8.49722235461979e-07,2.70204699137529e-06,"ENSMUSG00000104063"
399.975645610554,-0.617029094648012,0.127342141709823,8.51769064536375e-07,2.70802672510217e-06,"ENSMUSG00000029910"
33.7454207595568,-2.34365175653336,0.532191663956439,8.54787704073448e-07,2.71709319408467e-06,"ENSMUSG00000055978"
301.302616232515,-0.803941742300154,0.167709119773362,8.55346997485857e-07,2.71834018451284e-06,"ENSMUSG00000070427"
846.510581753343,1.69715082857303,0.373172719003322,8.55772371164846e-07,2.71916116685953e-06,"ENSMUSG00000074607"
327.701284441992,-0.578178020874181,0.11909578159759,8.57299684826909e-07,2.72348248821476e-06,"ENSMUSG00000039634"
373.570461553456,-0.541688375108889,0.111341851588896,8.57533144776026e-07,2.7236925913491e-06,"ENSMUSG00000025010"
1512.27513424682,-0.439203697550101,0.0899658618485137,8.58574102434891e-07,2.72646688244931e-06,"ENSMUSG00000024805"
2692.32954552992,-0.444050784648025,0.0910789872669377,8.59830296483183e-07,2.72948575646059e-06,"ENSMUSG00000046138"
1461.62235670344,0.380511049954907,0.0776773291746339,8.59860115439851e-07,2.72948575646059e-06,"ENSMUSG00000110195"
6806.3754837416,0.273479569285885,0.055729711551292,8.61730762150752e-07,2.73489049449989e-06,"ENSMUSG00000030207"
80.2906762414565,1.18702535257955,0.253568909984245,8.68194532361148e-07,2.75486756291906e-06,"ENSMUSG00000020251"
2222.60359275747,-0.355807669328222,0.0726937233574406,8.69061528545381e-07,2.75708118527806e-06,"ENSMUSG00000031148"
15208.3340476504,0.44351876395619,0.0912705318115941,8.76865881826832e-07,2.78129829001893e-06,"ENSMUSG00000050953"
1704.38914922107,0.423642879414986,0.0867350921929246,8.79044869715916e-07,2.78766654767888e-06,"ENSMUSG00000036943"
92.2216017956605,1.03942043557295,0.220076232311936,8.83811151435564e-07,2.80223566869266e-06,"ENSMUSG00000018169"
2952.07534323448,-0.538303497637392,0.110855233785529,8.95884077858988e-07,2.83996125012436e-06,"ENSMUSG00000038025"
530.312069850097,-0.542639547176891,0.111764344283198,8.98497111608634e-07,2.84769002779699e-06,"ENSMUSG00000004100"
1499.80126476268,-0.499891006425788,0.102803926248303,8.99426592450094e-07,2.85008099511439e-06,"ENSMUSG00000059474"
1205.07267207765,-0.355004302646348,0.0726608902295761,9.02543211656331e-07,2.8594002334258e-06,"ENSMUSG00000018428"
14823.0862280484,0.729556294163889,0.151389538151967,9.0565800986479e-07,2.86871007678129e-06,"ENSMUSG00000046447"
109.507958999312,1.80590496918875,0.400870269225899,9.05913094356009e-07,2.86895979570566e-06,"ENSMUSG00000058145"
175.830034904911,0.832101993087561,0.174222393526895,9.06120739220712e-07,2.86905920891553e-06,"ENSMUSG00000078453"
563.012637402496,-0.569394521306743,0.117475803935608,9.08317209958294e-07,2.87489549751139e-06,"ENSMUSG00000049922"
315.11072932576,0.665763578580827,0.138047321584342,9.08195014985251e-07,2.87489549751139e-06,"ENSMUSG00000104252"
4585.78245143092,-0.722495073490798,0.150389270397641,9.09997046063329e-07,2.87965239421051e-06,"ENSMUSG00000048271"
51.5131008961058,-1.66499804906008,0.365644826117785,9.20242968214645e-07,2.91150923937765e-06,"ENSMUSG00000025243"
61.8129311131945,-1.51500873760857,0.331766911794366,9.25877367317559e-07,2.9281973548077e-06,"ENSMUSG00000006398"
1837.89230864738,-0.684284621111512,0.142166876863377,9.25868274429349e-07,2.9281973548077e-06,"ENSMUSG00000048118"
3614.96957327831,-0.309876091704151,0.0633861687753505,9.26668908694477e-07,2.93013140942671e-06,"ENSMUSG00000038909"
728.041557017107,0.598207988638042,0.123760657625554,9.3990832202666e-07,2.971417297718e-06,"ENSMUSG00000022911"
2080.27672718741,0.451672319491238,0.092935184149064,9.40760296041254e-07,2.97353322309894e-06,"ENSMUSG00000023927"
4675.33693738772,0.506726158608354,0.104339351239596,9.41000377192665e-07,2.97371464568864e-06,"ENSMUSG00000030770"
195.461352875276,-0.81426413651515,0.170537110867531,9.49445811747118e-07,2.99982121964666e-06,"ENSMUSG00000042256"
186.671488421805,-0.75600867009207,0.157768886023381,9.50490104087608e-07,3.00253792244092e-06,"ENSMUSG00000043432"
1333.21930070252,-0.408604810299955,0.0839283261382205,9.51542384940547e-07,3.00527880133144e-06,"ENSMUSG00000040250"
605.403149740448,-0.41955246352654,0.086227295324154,9.57620098094249e-07,3.0238874794914e-06,"ENSMUSG00000019826"
103.870078639831,-1.00632713760499,0.213866918065929,9.58572439104373e-07,3.02630763455023e-06,"ENSMUSG00000051811"
38.2109306939713,1.43413056479234,0.311800210809913,9.71494014768319e-07,3.06650757657528e-06,"ENSMUSG00000044103"
12.4504073255214,5.14523789084276,1.10069153406112,9.7584257516006e-07,3.07963657201541e-06,"ENSMUSG00000042372"
1052.33859104931,0.684140563288634,0.142346754636495,9.80112768265571e-07,3.09251320834018e-06,"ENSMUSG00000029416"
10.8407922038209,-4.04747605244698,0.895937131375485,9.83692887419204e-07,3.10320791112593e-06,"ENSMUSG00000043911"
24.5012591258077,2.18887832881399,0.49330941353119,9.86580261686089e-07,3.11171352445769e-06,"ENSMUSG00000022367"
299.092044969944,-1.41525524596922,0.308677311509436,9.90817929794188e-07,3.12447389794456e-06,"ENSMUSG00000000214"
2633.21058057457,0.500620031236399,0.10332975486069,9.96224565402595e-07,3.14091487035124e-06,"ENSMUSG00000024219"
926.333278578939,0.509815234550708,0.105188391178994,1.00124763471916e-06,3.15614039464728e-06,"ENSMUSG00000029073"
256.808869687885,-0.604072366509115,0.125410167663231,1.00776730665184e-06,3.17607671203846e-06,"ENSMUSG00000029725"
62.9043967719793,1.28144370524814,0.277503767073416,1.01260363415012e-06,3.19070111434294e-06,"ENSMUSG00000001473"
328.345564409649,0.911691700646156,0.19281351809263,1.01308813034995e-06,3.19160994500416e-06,"ENSMUSG00000029798"
1049.7760654802,-0.78403255996705,0.164521494984984,1.02500676885146e-06,3.22853331721442e-06,"ENSMUSG00000034522"
8733.01617306264,-0.381656990625926,0.0785636095394028,1.02534635532074e-06,3.22897813347089e-06,"ENSMUSG00000030884"
1972.22702254815,0.485086420911521,0.100190688016746,1.02707292457741e-06,3.23378976136772e-06,"ENSMUSG00000028273"
8804.51107334951,0.869472040566795,0.183621763569719,1.02738595024746e-06,3.2341497772439e-06,"ENSMUSG00000029657"
2514.58675257812,0.340103934266922,0.0698872267755641,1.02766196420498e-06,3.23439316576348e-06,"ENSMUSG00000031149"
199.563961908022,-0.989819014179355,0.210506324670914,1.02960242695581e-06,3.23987402010181e-06,"ENSMUSG00000044367"
249.62498438093,-0.7796920990937,0.163592884276461,1.03284489341255e-06,3.24944900946453e-06,"ENSMUSG00000043458"
11.4309276104634,-5.05308019154308,1.09413700553294,1.03894107149071e-06,3.26799666893252e-06,"ENSMUSG00000025127"
7350.70462318559,-0.581225601980532,0.121010452883679,1.04359094532991e-06,3.28198868007733e-06,"ENSMUSG00000042109"
199.365913438196,1.60117953494413,0.352739843544174,1.0456094551982e-06,3.28770150892725e-06,"ENSMUSG00000029727"
2095.112027722,-0.466671864298071,0.0964954752112798,1.05501148012694e-06,3.31662357541644e-06,"ENSMUSG00000024201"
5053.22977213568,0.269333252771429,0.0553226820434427,1.06096479546349e-06,3.33469491032142e-06,"ENSMUSG00000032870"
520.634165748602,-0.446710290125678,0.09230298213873,1.06351456167001e-06,3.3420637132943e-06,"ENSMUSG00000028187"
544.48618141833,-0.905867890049506,0.192036095841,1.07031434046001e-06,3.36278263540013e-06,"ENSMUSG00000092074"
33.5578717547578,-1.60710192466493,0.354391256994005,1.07168586101769e-06,3.36644200031763e-06,"ENSMUSG00000045288"
727.363459734431,0.607892831675239,0.126471292012751,1.073666407359e-06,3.37201269129651e-06,"ENSMUSG00000059554"
446.805471730921,0.539982054128333,0.111994966049385,1.07756257622631e-06,3.38359637650691e-06,"ENSMUSG00000023971"
8.81074777045434,-4.13897184977501,0.913822539652243,1.09499773974007e-06,3.43768046431801e-06,"ENSMUSG00000110298"
582.329450237132,0.487122837266915,0.100907360866331,1.10140958149268e-06,3.45714330264902e-06,"ENSMUSG00000022546"
4030.89086390381,0.454870664322004,0.0941073196327106,1.10679560213962e-06,3.47337937374757e-06,"ENSMUSG00000028851"
9721.8180608047,0.465942599644431,0.097496201942763,1.11720265195332e-06,3.50536329385044e-06,"ENSMUSG00000018865"
237.414907846075,2.62144539538475,0.604767183996155,1.12251084136389e-06,3.52133965614209e-06,"ENSMUSG00000028197"
592.690522664023,0.830366095370706,0.175550588825372,1.13688243888235e-06,3.56573648172e-06,"ENSMUSG00000027792"
7202.70038714139,-0.465353997372833,0.0965090274372043,1.14438867002762e-06,3.58858770385468e-06,"ENSMUSG00000008658"
26.3913645934232,1.75984098112924,0.391196874172704,1.14797192092402e-06,3.599130764407e-06,"ENSMUSG00000047220"
1989.83944220696,-0.521913155020904,0.108518181053029,1.15029385310346e-06,3.60571602942772e-06,"ENSMUSG00000027751"
5740.89371029739,-0.294752222832137,0.0609351735320625,1.15152122530908e-06,3.60875972323696e-06,"ENSMUSG00000021076"
5381.52334906563,0.418221091949872,0.0865419309720664,1.15170824193488e-06,3.60875972323696e-06,"ENSMUSG00000034730"
1826.62698622644,-0.433019362861614,0.0898523405950426,1.17786957819558e-06,3.69002328596376e-06,"ENSMUSG00000029501"
9195.0547764426,-0.675561125918518,0.141883979801854,1.17849936245216e-06,3.69128586145783e-06,"ENSMUSG00000058740"
682.077334986179,-0.476284693073761,0.0989251241621412,1.18549890402017e-06,3.71249541355143e-06,"ENSMUSG00000062040"
1248.67856777324,-0.378070712790603,0.0783016426871064,1.18956684945135e-06,3.72451801795906e-06,"ENSMUSG00000020448"
361.232283262309,-0.867950297140914,0.18411749381266,1.18979609501102e-06,3.72451939126718e-06,"ENSMUSG00000003032"
1154.57347545575,-0.448110931725236,0.0930583556406345,1.19610265566109e-06,3.74354143988678e-06,"ENSMUSG00000030822"
4722.26569118365,-0.537306286481644,0.112021659398134,1.1973085656036e-06,3.74659531543549e-06,"ENSMUSG00000096210"
1100.58290416891,0.668703342931135,0.1402293481466,1.20005705235941e-06,3.75447409154458e-06,"ENSMUSG00000000340"
2366.42262253796,0.54341304690503,0.113254541263148,1.20552239592401e-06,3.77084810931033e-06,"ENSMUSG00000025351"
74.298653466236,2.12187509382778,0.491071067243818,1.21625911575589e-06,3.80370141907288e-06,"ENSMUSG00000070687"
494.748799177391,-0.613205175496962,0.12836604000984,1.21806488774629e-06,3.80861702703307e-06,"ENSMUSG00000079104"
9688.91816711218,-0.596465855097026,0.124801951977609,1.21900505705974e-06,3.81082472034155e-06,"ENSMUSG00000041268"
104.300230673453,0.970695631300294,0.207353458449858,1.22503614357571e-06,3.82894361465542e-06,"ENSMUSG00000063652"
3679.72991034856,-0.467276128651701,0.097191038900201,1.22602580073361e-06,3.83130120643918e-06,"ENSMUSG00000031328"
186.092474355161,-0.687960496148187,0.144671187956618,1.23185643487368e-06,3.84878292646329e-06,"ENSMUSG00000034639"
1498.32850886342,0.611767960136674,0.128007166802748,1.23243376513776e-06,3.84984778908318e-06,"ENSMUSG00000026792"
1736.16194998175,-0.330457112694076,0.0684288331320331,1.23556514552449e-06,3.85888899440668e-06,"ENSMUSG00000031357"
2016.10980616592,0.409421111183619,0.0849578445901534,1.23900270307537e-06,3.86888279314422e-06,"ENSMUSG00000021275"
1366.06713570262,-0.512405168599593,0.106808349210355,1.23958014395308e-06,3.86994353342315e-06,"ENSMUSG00000033510"
404.871283399624,-0.768905511709702,0.162443110477452,1.24346442648359e-06,3.88132577838924e-06,"ENSMUSG00000027330"
4260.78273592178,-0.453946708186203,0.0944586588480025,1.25337802386836e-06,3.91151983752475e-06,"ENSMUSG00000026867"
353.585217867612,-1.11690332867654,0.241810425825763,1.25499385810606e-06,3.91581177348101e-06,"ENSMUSG00000000628"
19.8567161812637,2.08666122677474,0.470574091757027,1.26186828069048e-06,3.93650668322723e-06,"ENSMUSG00000056043"
31.0658058855732,-2.41220435073792,0.563436443843962,1.26330685436647e-06,3.94023931315911e-06,"ENSMUSG00000035296"
325.171085059743,-0.627029006854517,0.131604275181151,1.26757427478463e-06,3.952791962633e-06,"ENSMUSG00000078779"
2563.42702082867,-0.288645697465056,0.0597681631269396,1.2683057701381e-06,3.95431551930817e-06,"ENSMUSG00000002455"
1932.53300252804,-0.437528059017869,0.091044527943313,1.27090929652269e-06,3.96167398100275e-06,"ENSMUSG00000021537"
4320.4518720653,-0.412202837468588,0.0857203959065294,1.28206638060746e-06,3.99524861203738e-06,"ENSMUSG00000034825"
293.726921426216,0.875101749387808,0.18626801110298,1.28217095154707e-06,3.99524861203738e-06,"ENSMUSG00000055912"
87.1408594779486,1.07793877699501,0.232673936767794,1.29839631298075e-06,4.04503257085181e-06,"ENSMUSG00000017446"
1025.659253338,-0.444462393538414,0.0925141389772665,1.30332924032587e-06,4.05962368427564e-06,"ENSMUSG00000022722"
996.820739529589,-0.450634471401474,0.0939385563779886,1.30720668733264e-06,4.07092222238392e-06,"ENSMUSG00000001964"
62.9865104118194,1.15056730400534,0.2497188047982,1.31062249087892e-06,4.08077905633647e-06,"ENSMUSG00000020227"
2044.1027107337,-0.403730851644756,0.0839260121543318,1.31594211665496e-06,4.09655876360861e-06,"ENSMUSG00000027257"
423.737351758795,0.555151440450639,0.116183819310442,1.32136379685426e-06,4.11265007365079e-06,"ENSMUSG00000037816"
230.052732083966,1.55867265424974,0.346801426726623,1.33550647379287e-06,4.15587351948008e-06,"ENSMUSG00000021032"
4829.42407887345,-0.338820047101876,0.0704484597135866,1.33863892616064e-06,4.16482500765345e-06,"ENSMUSG00000035967"
6531.94328978063,-0.25445355989393,0.0527853424620805,1.34621600675764e-06,4.18759873074733e-06,"ENSMUSG00000021314"
10176.1123570677,-0.661733362630716,0.139537540802094,1.35680125731592e-06,4.21971930962717e-06,"ENSMUSG00000033863"
1545.59260524325,-0.714146948095185,0.151025846474136,1.35740270217791e-06,4.22078341662886e-06,"ENSMUSG00000096910"
7652.57386342531,-0.489593261884368,0.102321191017078,1.35864685878411e-06,4.22384521911531e-06,"ENSMUSG00000018501"
967.914717132978,-0.553221264072216,0.116012989320137,1.36065888767075e-06,4.22929260521376e-06,"ENSMUSG00000017801"
3383.38036216391,-0.435755595607083,0.0909971748858752,1.3632500447458e-06,4.23653765337385e-06,"ENSMUSG00000027593"
3141.07012190533,-0.702196305000532,0.148435230278319,1.36677673108552e-06,4.24668670139532e-06,"ENSMUSG00000025332"
749.505903463028,0.485314139244426,0.101403595518622,1.37140410886936e-06,4.26025116110218e-06,"ENSMUSG00000074671"
3087.75217534086,-0.556496240944241,0.116810497762191,1.37272956921076e-06,4.26355503293509e-06,"ENSMUSG00000015377"
672.936848335164,-0.707212568626322,0.149634729438835,1.37674055659889e-06,4.27519702028172e-06,"ENSMUSG00000061143"
732.783041311485,0.539314635932917,0.113005082627398,1.3799960215852e-06,4.28448888791987e-06,"ENSMUSG00000032017"
1250.2022986994,-0.486196247056815,0.101716077683955,1.38117303334231e-06,4.28732544560378e-06,"ENSMUSG00000085795"
582.669077451724,-0.856457672818995,0.182949172137188,1.38208939267407e-06,4.28935197978045e-06,"ENSMUSG00000074227"
2941.03134146279,0.304376126859588,0.0632664842967564,1.38369670543011e-06,4.29352172531286e-06,"ENSMUSG00000022052"
1044.93556584981,-0.402536093194981,0.0839574717822813,1.38965722898751e-06,4.31119503972912e-06,"ENSMUSG00000024234"
40.8365386889338,1.28322390003579,0.281340402835063,1.39566488523823e-06,4.32900781286356e-06,"ENSMUSG00000097532"
125.908294121967,1.70314502615074,0.382457775659017,1.40515366408621e-06,4.35760932444186e-06,"ENSMUSG00000021070"
799.845634234015,-0.456938134930063,0.0955481182399848,1.4122068749887e-06,4.37864828782209e-06,"ENSMUSG00000033972"
7412.50771249292,-0.717241948746489,0.152017549730731,1.41781560629141e-06,4.39520137863486e-06,"ENSMUSG00000025738"
4978.69162277695,0.419043572582184,0.0874439242308054,1.42036766988689e-06,4.4016533848391e-06,"ENSMUSG00000026821"
928.548074210455,-0.730286674306424,0.154935709037596,1.42043772149894e-06,4.4016533848391e-06,"ENSMUSG00000059423"
1385.66916107693,0.410646376379418,0.0857127670638938,1.42337870791312e-06,4.40992740909967e-06,"ENSMUSG00000040009"
640.77366205995,1.27702064092997,0.280436757388807,1.43453963976679e-06,4.44366056253546e-06,"ENSMUSG00000044071"
1259.48403101196,-0.632968494124857,0.133758318230217,1.43897269783609e-06,4.45654443975948e-06,"ENSMUSG00000037808"
1083.9923309776,0.740035167593959,0.157040425492879,1.44972591608873e-06,4.48899343011077e-06,"ENSMUSG00000045007"
1993.92795318743,-0.555241768107152,0.116789857228136,1.45242332663731e-06,4.4964904737547e-06,"ENSMUSG00000034653"
750.100564169581,0.574637928681797,0.120875375124506,1.45321304900335e-06,4.49807986531212e-06,"ENSMUSG00000043079"
2732.63440175364,-0.38958425626141,0.0814086004439775,1.45672010083052e-06,4.50807790899605e-06,"ENSMUSG00000046201"
930.680027181531,0.563579595697788,0.118544510112413,1.45861243996915e-06,4.51307608778139e-06,"ENSMUSG00000004054"
209.512293055073,0.770884530666487,0.164076359242264,1.46638288627789e-06,4.53625629472282e-06,"ENSMUSG00000044350"
17.2967298049145,2.50860816141521,0.575308849496887,1.47145808086063e-06,4.55109151439281e-06,"ENSMUSG00000091071"
649.847221080674,-0.520365396080875,0.109291650725609,1.47473054010054e-06,4.56034645360117e-06,"ENSMUSG00000024085"
690.477751275525,0.473639489384245,0.0993063747374679,1.48340079930936e-06,4.58628645985901e-06,"ENSMUSG00000030649"
1222.76649851251,-0.597496759857217,0.126067145133882,1.48403991273417e-06,4.58739113169137e-06,"ENSMUSG00000028693"
1501.12048311658,0.563206681881227,0.118539681559804,1.48487792361289e-06,4.58911008934321e-06,"ENSMUSG00000026269"
1742.44572653071,-0.508811036363234,0.106945923400517,1.50226292615934e-06,4.64195822172013e-06,"ENSMUSG00000021905"
424.281086159982,-0.503298787231121,0.105773794407871,1.50419362795368e-06,4.64704191987663e-06,"ENSMUSG00000046010"
1234.01494527461,-0.519762584601509,0.109570082105779,1.50824349359964e-06,4.65866937169164e-06,"ENSMUSG00000026048"
1301.71690713878,-0.38493490768532,0.0805531223601005,1.52249486466377e-06,4.70179688996337e-06,"ENSMUSG00000019897"
78.1545172462424,-1.33833745020265,0.2968124688288,1.52736220859674e-06,4.71593361751475e-06,"ENSMUSG00000090958"
659.873300011592,-0.517497626239668,0.108770857307062,1.5317564004322e-06,4.72860434026841e-06,"ENSMUSG00000022814"
558.723129716223,-0.503098553710678,0.105824419735357,1.5385769233709e-06,4.74875903652474e-06,"ENSMUSG00000024258"
84.0144785842111,1.58289197519851,0.355941182683246,1.53956079152137e-06,4.75089489372225e-06,"ENSMUSG00000050994"
2036.59195315392,0.420758777489752,0.0881639115819319,1.54094807894409e-06,4.75427460747762e-06,"ENSMUSG00000039414"
8121.68293440593,-0.317088788054945,0.0663378530459664,1.54288249183305e-06,4.75934076218655e-06,"ENSMUSG00000026150"
310.558378616682,0.562962738054372,0.11867525470918,1.54814925728891e-06,4.77468238161215e-06,"ENSMUSG00000049999"
2724.52551251405,-0.422359680774386,0.0885570641122089,1.55200071269236e-06,4.7856540256121e-06,"ENSMUSG00000021895"
4547.23848103716,-0.57484565614354,0.121392167899717,1.55274247854846e-06,4.78703448216132e-06,"ENSMUSG00000035284"
688.753214441436,-0.647911659766091,0.13734752653564,1.55691327232269e-06,4.79898395131011e-06,"ENSMUSG00000032688"
6145.87131452916,0.481311017447418,0.10156943457031,1.56436714542907e-06,4.82104664772706e-06,"ENSMUSG00000037736"
583.974515239541,-0.835084062539094,0.179067178058495,1.56512579383339e-06,4.82247163960248e-06,"ENSMUSG00000020272"
13.1776347724912,-4.1064772734414,0.938170286393854,1.59168892862098e-06,4.90338992810226e-06,"ENSMUSG00000115737"
2756.63797779106,0.515218706397043,0.108531739960094,1.5951875825001e-06,4.91323812070701e-06,"ENSMUSG00000031626"
26.0786344218187,-1.76562388274226,0.40096888867963,1.59923278444928e-06,4.92476565744711e-06,"ENSMUSG00000031286"
178.398017108654,-2.83844569713948,0.669644408656864,1.60122644665181e-06,4.92997240374468e-06,"ENSMUSG00000040569"
522.024827700806,-0.431818475335051,0.0904813023995927,1.60927931386683e-06,4.9538291738132e-06,"ENSMUSG00000050846"
1604.56891536312,-0.487276737858868,0.10260650831545,1.61005977176914e-06,4.95529456699907e-06,"ENSMUSG00000037885"
434.027416905491,-0.614732911011388,0.130247713953706,1.62044246597625e-06,4.98630670343316e-06,"ENSMUSG00000051242"
276.068741706941,-0.850000563991927,0.182770184073031,1.62780104797749e-06,5.00800329975008e-06,"ENSMUSG00000025784"
615.9297100243,-0.493063086712739,0.103930633689825,1.63760041514175e-06,5.03719946290199e-06,"ENSMUSG00000046387"
2438.99651133862,-0.415808823372912,0.0873905831256327,1.64333319312274e-06,5.05387827652596e-06,"ENSMUSG00000039473"
809.216551473322,0.538093016328288,0.113593737018626,1.64647906578739e-06,5.06259656835798e-06,"ENSMUSG00000029101"
429.879054263722,-0.500222326447356,0.105531386151433,1.66222799826757e-06,5.11005615784693e-06,"ENSMUSG00000024963"
89.528194013349,-1.50945806379807,0.33912530241459,1.66638981569839e-06,5.12188319862886e-06,"ENSMUSG00000117789"
30.0316131321429,1.67465666963381,0.379167813725982,1.6675799186434e-06,5.12457351626906e-06,"ENSMUSG00000025930"
3140.88474797446,-0.36635194238711,0.0769115120794827,1.67066340624142e-06,5.13308020513359e-06,"ENSMUSG00000005354"
544.477774641902,0.616097029073467,0.130613260916277,1.67108825313241e-06,5.13341660397987e-06,"ENSMUSG00000068220"
3623.65001524172,-0.764659349557645,0.163704959089619,1.6871293574496e-06,5.18171541142729e-06,"ENSMUSG00000025958"
150.188037095409,0.781448598589694,0.167532835991278,1.68933992469895e-06,5.18752599401049e-06,"ENSMUSG00000021418"
1720.18400246578,0.406992220049993,0.0856098363698554,1.70310818956422e-06,5.22881839112155e-06,"ENSMUSG00000038365"
383.233000518675,-0.915598649097304,0.198284201969089,1.70837628011133e-06,5.24400322226141e-06,"ENSMUSG00000072568"
20422.2596952184,-0.552693432742676,0.115729687098392,1.71390574610803e-06,5.25998449003516e-06,"ENSMUSG00000022961"
123.901544849293,0.790776292275558,0.169667761958599,1.72096854337931e-06,5.28066464639554e-06,"ENSMUSG00000050410"
208.92537349108,0.845450330389455,0.182183753978825,1.7361283471302e-06,5.32617739061164e-06,"ENSMUSG00000044328"
200.497432367455,-0.84058311389246,0.1809655342552,1.73662650391768e-06,5.32670175820087e-06,"ENSMUSG00000038208"
423.026668433768,-0.567911721834486,0.120486378253009,1.74434933444569e-06,5.34876421793427e-06,"ENSMUSG00000024660"
1032.09338327455,-0.777543609584841,0.166936476765539,1.74447654705818e-06,5.34876421793427e-06,"ENSMUSG00000052920"
21.1318025813563,2.18806279369252,0.503136720058359,1.75370878529626e-06,5.37605868306074e-06,"ENSMUSG00000035594"
116.310093175024,1.40964175381627,0.315974978884641,1.75461510467989e-06,5.37782426548283e-06,"ENSMUSG00000063600"
1125.43733260413,-0.470791985886973,0.0994174521297164,1.75616574760353e-06,5.38156363695223e-06,"ENSMUSG00000021752"
2712.41211592056,0.425004804232814,0.0896089390245775,1.78204903994533e-06,5.45985211222099e-06,"ENSMUSG00000002833"
2230.46915457102,-0.360983801834331,0.075979996409815,1.78253066207902e-06,5.46029998444153e-06,"ENSMUSG00000028522"
43.9616443546953,-1.51666456243852,0.341830079567752,1.79184687016192e-06,5.48780495813655e-06,"ENSMUSG00000098900"
279.046814305796,-0.561883010549703,0.119273071463073,1.79347951670401e-06,5.49177192868847e-06,"ENSMUSG00000025887"
396.109760317369,-0.85133647497709,0.183896038656884,1.80516216428529e-06,5.52650549374382e-06,"ENSMUSG00000051278"
92.9531342368989,1.05142452888708,0.229944536473503,1.80832291267341e-06,5.53514110050728e-06,"ENSMUSG00000024352"
2691.10067604617,0.373604751699778,0.0787191073740423,1.82318030127288e-06,5.5795692694341e-06,"ENSMUSG00000004843"
6903.45301360272,-0.41857635270175,0.0884116362064711,1.84217408478095e-06,5.63663717144066e-06,"ENSMUSG00000017776"
4826.27202112945,-0.287383507311418,0.0604572425883826,1.85180701782228e-06,5.66504691526238e-06,"ENSMUSG00000096188"
5003.29000307363,0.325425705238119,0.0685152799960158,1.85613690272597e-06,5.67722594937492e-06,"ENSMUSG00000025421"
1130.62896565668,-0.616257204711508,0.131465482818386,1.86688613146371e-06,5.70903108171449e-06,"ENSMUSG00000027787"
161.054498105303,1.10733414315273,0.243406596706402,1.87076752842887e-06,5.71982603827294e-06,"ENSMUSG00000039745"
65.3876352998918,1.21943443773028,0.270558209845328,1.87732451399598e-06,5.73879595095336e-06,"ENSMUSG00000032066"
1771.0556501801,0.583617085924736,0.124216874901647,1.87871581397322e-06,5.74197071345402e-06,"ENSMUSG00000024070"
1861.25455803938,0.682279505801505,0.145907945230123,1.88145711257764e-06,5.74926954731347e-06,"ENSMUSG00000035828"
1770.0936223208,0.36650259998407,0.0773271987761127,1.89196585999901e-06,5.78029659704652e-06,"ENSMUSG00000056629"
160.630036177304,-0.705565302605473,0.151407713766656,1.89921715376902e-06,5.80136176187878e-06,"ENSMUSG00000025577"
27.5161515801651,1.804676053928,0.414706369549027,1.90240915426502e-06,5.81002180358838e-06,"ENSMUSG00000028747"
871.219540455696,0.718652580610791,0.154116914832128,1.90301186623035e-06,5.8107723051018e-06,"ENSMUSG00000022103"
967.110445089294,-0.48048280464465,0.101928048571038,1.92731132039494e-06,5.88386603026796e-06,"ENSMUSG00000023938"
597.857509788624,-0.567530932178803,0.120858951927927,1.93334215947095e-06,5.90117076164787e-06,"ENSMUSG00000055835"
658.609576243576,0.516189181655537,0.109679751307259,1.93895837824208e-06,5.9172036897309e-06,"ENSMUSG00000026887"
997.172265640612,-1.69246245451373,0.38726000359444,1.94089050196078e-06,5.92198980148409e-06,"ENSMUSG00000039323"
1032.1596767557,0.424561565987437,0.0898750855557669,1.94738922674181e-06,5.94070499117375e-06,"ENSMUSG00000032463"
134.404180204179,0.785395903697094,0.16942065539782,1.95853478536006e-06,5.97358614129492e-06,"ENSMUSG00000041440"
13.9517668469461,-2.64522395458885,0.615816016856611,1.96145794715664e-06,5.98138112847803e-06,"ENSMUSG00000045052"
1058.28657201003,-0.538249164961,0.114572832625986,1.96197983639553e-06,5.98185199041888e-06,"ENSMUSG00000030527"
5497.9029687719,-0.471811652685669,0.100203748773932,1.96732844848136e-06,5.99703604576397e-06,"ENSMUSG00000041935"
67.0521677208923,-2.26551495900448,0.527041621497023,1.97232389412901e-06,6.01113805441529e-06,"ENSMUSG00000033227"
3075.53405788558,-0.460266216840231,0.0976961117307521,1.98953550617595e-06,6.06245956000225e-06,"ENSMUSG00000051469"
1204.11223272517,0.608112419869301,0.129929876088034,1.99619194429661e-06,6.08160442995698e-06,"ENSMUSG00000038323"
4626.82749901069,-0.419907150671801,0.088847410066992,1.9966650752376e-06,6.08190757760435e-06,"ENSMUSG00000030779"
434.20628126886,-0.68025627119459,0.146024144723357,1.99877518529645e-06,6.08719597123585e-06,"ENSMUSG00000070709"
702.610602832732,-0.508497883075762,0.1082424576123,2.02389421306805e-06,6.16254208760226e-06,"ENSMUSG00000054893"
18328.1815332127,0.318980390712559,0.0673154752712013,2.02526801886378e-06,6.16557187414711e-06,"ENSMUSG00000005034"
50.9363272886865,1.37352935025734,0.308476553863414,2.02617441934778e-06,6.16717786053536e-06,"ENSMUSG00000027186"
247.999403692994,-0.659447586663706,0.141468794669429,2.02981263397345e-06,6.17709666401567e-06,"ENSMUSG00000078902"
597.661328503981,-0.477879577334181,0.101557048992843,2.03230731776556e-06,6.18353243338091e-06,"ENSMUSG00000047473"
6059.47284113719,-0.593355707002764,0.126844491660964,2.03586853649572e-06,6.19321024800548e-06,"ENSMUSG00000071337"
520.446647477007,0.628542630039729,0.134619346629293,2.04373186122642e-06,6.21596921469425e-06,"ENSMUSG00000024055"
123.396551458557,1.20405624104422,0.268437664342962,2.0457098091489e-06,6.2208227672942e-06,"ENSMUSG00000040663"
3658.64215890515,-0.439875914255187,0.0934103371929421,2.04893194150235e-06,6.22945725509436e-06,"ENSMUSG00000079084"
11.6019351920563,2.91679299952157,0.686434171809149,2.06791101863141e-06,6.28598609921234e-06,"ENSMUSG00000047730"
1070.99062023435,-0.440990049590741,0.093640267740757,2.07154079087496e-06,6.29584409892879e-06,"ENSMUSG00000035062"
3393.05165110705,-0.53420555412686,0.113423588633724,2.07979551759036e-06,6.31975199464921e-06,"ENSMUSG00000022558"
7.62274330329045,-5.21840948675,1.40692444137304,2.09639309041738e-06,6.36899714927475e-06,"ENSMUSG00000052276"
2401.81645297147,0.291506092747639,0.0616516253746923,2.10264553353799e-06,6.38680052153973e-06,"ENSMUSG00000025793"
6743.18405978783,-0.404078475963334,0.0858333460202431,2.12660456634353e-06,6.45837110651864e-06,"ENSMUSG00000000568"
2424.53737016976,-0.472536874866779,0.100653048888086,2.13419222795864e-06,6.48020538830641e-06,"ENSMUSG00000039449"
817.711386549233,0.506007796254602,0.107881210268681,2.14665778461609e-06,6.516839876535e-06,"ENSMUSG00000061024"
310.563225441959,-0.883782444280096,0.192970995742938,2.14725912984713e-06,6.51744995630274e-06,"ENSMUSG00000102758"
10600.7652359631,0.390289700973766,0.0828561354340001,2.1508952831866e-06,6.52726946676202e-06,"ENSMUSG00000025743"
1859.31772632144,-0.349725321929967,0.0742126459505994,2.16408206589786e-06,6.56606297645579e-06,"ENSMUSG00000017478"
104.037414969554,1.21473114009101,0.271188849810712,2.17113687435075e-06,6.58624041011583e-06,"ENSMUSG00000058099"
71.2337193512874,0.937384790135651,0.205071273996914,2.17947846920793e-06,6.61031312125333e-06,"ENSMUSG00000025588"
6541.3265478761,0.722771304980387,0.156068950119347,2.1929538789815e-06,6.64994471722445e-06,"ENSMUSG00000039252"
304.359357021495,0.827223710418353,0.180126516799462,2.20062332337554e-06,6.67195873680519e-06,"ENSMUSG00000029130"
581.449622044655,0.488450010773454,0.104250718374211,2.20287583247644e-06,6.6775442832498e-06,"ENSMUSG00000061461"
2626.87984627652,-0.381110260204648,0.081016184778339,2.20556506759544e-06,6.68445134431551e-06,"ENSMUSG00000032405"
634.595242465984,-0.546687629743404,0.116883626442423,2.23215506580447e-06,6.76377888331443e-06,"ENSMUSG00000019518"
804.530793920818,-0.347963365352411,0.0739334049410848,2.24441976353703e-06,6.79868780823331e-06,"ENSMUSG00000029624"
4110.18459521576,-0.46381388264393,0.0989790202057533,2.24451089086164e-06,6.79868780823331e-06,"ENSMUSG00000042390"
2428.46205983652,-0.584166740900517,0.124120278179702,2.26181188620158e-06,6.84981839694683e-06,"ENSMUSG00000040524"
749.511045348455,-0.444726027612901,0.0948702835266833,2.263879192894e-06,6.85480385080517e-06,"ENSMUSG00000059939"
674.264737387992,-0.43502073064742,0.0927694033596096,2.26480330749683e-06,6.85632662068688e-06,"ENSMUSG00000046753"
130.786740233713,0.996716324185686,0.220073021524415,2.26905261825347e-06,6.8679134473652e-06,"ENSMUSG00000032400"
1343.21597140205,3.51367576939225,0.855859733045852,2.27305630650169e-06,6.87875265983166e-06,"ENSMUSG00000023945"
514.471943045898,-0.504034005298977,0.107825252093089,2.27424618066442e-06,6.88107422469431e-06,"ENSMUSG00000028453"
213.455921572594,0.897270311473812,0.196316636958791,2.2781881152228e-06,6.89172015231309e-06,"ENSMUSG00000020374"
3738.67306334304,-0.544087101056845,0.117631114007344,2.29276761812173e-06,6.93453572794232e-06,"ENSMUSG00000033382"
173.8372471195,1.18714913752975,0.265180089205805,2.29796693475224e-06,6.94897004716645e-06,"ENSMUSG00000032360"
2511.13764210422,-0.438712270512882,0.0933899154298674,2.29934763620545e-06,6.95185379311894e-06,"ENSMUSG00000021171"
4639.5338299436,0.246832788973536,0.0523591433587155,2.30153581519484e-06,6.95717734442741e-06,"ENSMUSG00000000374"
731.94500110795,0.680083650445746,0.146813641192178,2.30459024849668e-06,6.96511698199571e-06,"ENSMUSG00000073436"
738.481027939004,0.686262016076603,0.148281173199497,2.31598596879472e-06,6.99825869687033e-06,"ENSMUSG00000067377"
317.63008348799,-0.509927837586237,0.10918491651986,2.32411510298674e-06,7.02151923652899e-06,"ENSMUSG00000036721"
1262.37800254019,0.816654971777722,0.177909888906085,2.33456614301237e-06,7.05178468657551e-06,"ENSMUSG00000053297"
1746.70957385986,0.493595502205872,0.105600001909062,2.33934014168676e-06,7.06489403086772e-06,"ENSMUSG00000063856"
1344.3051459832,-0.805725605123577,0.175638412282194,2.34452198880472e-06,7.07923000069806e-06,"ENSMUSG00000036273"
1515.25052036973,0.482294813702386,0.103140991908028,2.34587039117122e-06,7.08198780183331e-06,"ENSMUSG00000029781"
14.2581156354816,2.63907160292744,0.623352110303452,2.36215759020494e-06,7.12983520366328e-06,"ENSMUSG00000095550"
28.6043904243973,2.08758580753528,0.488421553363268,2.36640179635277e-06,7.14132155006125e-06,"ENSMUSG00000092094"
597.056539571303,0.558111748733624,0.119845094510769,2.36739661778154e-06,7.14167571242549e-06,"ENSMUSG00000003762"
13738.4279952198,-0.49873996257506,0.10629104427277,2.36705239354468e-06,7.14167571242549e-06,"ENSMUSG00000021134"
41.5159462826087,1.34354094281555,0.303212889440445,2.37405432454518e-06,7.16043288770547e-06,"ENSMUSG00000003436"
1417.31216782309,-0.395859794009529,0.0845061899470474,2.38594651740957e-06,7.19496802711986e-06,"ENSMUSG00000029253"
1085.74444939633,0.591534622220676,0.127261661409396,2.38969279142295e-06,7.20493040540521e-06,"ENSMUSG00000113949"
2498.46476472526,0.322014091358801,0.0685558635359255,2.39944227253658e-06,7.23298542821306e-06,"ENSMUSG00000039703"
84.4976477402478,1.05655056171282,0.234475196564606,2.4126403784755e-06,7.27142382537017e-06,"ENSMUSG00000019320"
368.22977268907,0.851687383028238,0.186320561764898,2.42036172909836e-06,7.29334472903796e-06,"ENSMUSG00000051262"
29.1413041288073,2.60974619306566,0.620971939389008,2.42228327429822e-06,7.29778403461529e-06,"ENSMUSG00000037469"
2101.25689108305,-0.572307914421012,0.123056390741311,2.43788294786854e-06,7.34342313571504e-06,"ENSMUSG00000031864"
129.561234066524,0.807588692955579,0.176278010737855,2.44070535817824e-06,7.34972825711988e-06,"ENSMUSG00000006784"
354.488885034348,0.719765622816243,0.156231615428054,2.44087915947844e-06,7.34972825711988e-06,"ENSMUSG00000020085"
164.004300184688,-3.86207878620611,0.953294576804162,2.44652162789089e-06,7.36535584590492e-06,"ENSMUSG00000006764"
3700.95322928482,0.396672343132153,0.0847125184505167,2.46007769681821e-06,7.4047974757409e-06,"ENSMUSG00000038576"
333.848762849983,0.770712051431857,0.167866980633449,2.47261795941743e-06,7.44116752512423e-06,"ENSMUSG00000032265"
14011.9736435815,-0.68995934682016,0.14971962202773,2.49602984803079e-06,7.51023546511003e-06,"ENSMUSG00000028248"
7459.76016632269,-0.391795653052388,0.0839711418578705,2.51693463900358e-06,7.57173573345042e-06,"ENSMUSG00000024335"
2356.36354266857,-0.496978001864524,0.10693602848737,2.51825286407542e-06,7.57430157454171e-06,"ENSMUSG00000030304"
220.923891762896,-0.624030346326057,0.134996160459455,2.52841930211829e-06,7.60347485680426e-06,"ENSMUSG00000032577"
641.876846660341,0.559674145406344,0.120586224646951,2.53997302291206e-06,7.63680843497647e-06,"ENSMUSG00000042705"
2870.30627617418,-0.353565707481073,0.0755679359730989,2.54740637716399e-06,7.65774349168523e-06,"ENSMUSG00000027255"
3407.1963107565,0.268795497628058,0.0573005490932788,2.55358019904289e-06,7.67488524372604e-06,"ENSMUSG00000025607"
1571.76279109237,-0.48279447548948,0.103727955279499,2.56855546747195e-06,7.71846887567073e-06,"ENSMUSG00000040102"
3304.86476483258,-0.479206070247559,0.103025078619884,2.58828772865782e-06,7.77632846937836e-06,"ENSMUSG00000116275"
1947.53510630325,-0.365203894583205,0.0782095546469361,2.622955242677e-06,7.87903034513678e-06,"ENSMUSG00000039879"
557.636758011463,0.677728181351906,0.147181544810105,2.64735917238886e-06,7.95086948489776e-06,"ENSMUSG00000032308"
131.805514662983,1.19020224745311,0.26757544641127,2.65644416467376e-06,7.97668292059757e-06,"ENSMUSG00000046854"
1069.48785739498,-0.466598738728397,0.10041387659997,2.68739849263203e-06,8.06814324291112e-06,"ENSMUSG00000074785"
7634.10466499384,-0.580363951395617,0.12561449117164,2.70039730311454e-06,8.10567348332999e-06,"ENSMUSG00000045636"
3118.19620413382,-0.596291753418257,0.126657992468424,2.70910381836735e-06,8.13030825136131e-06,"ENSMUSG00000015243"
426.582357007511,-0.553305899687141,0.119593574096648,2.71374523488044e-06,8.14273639325047e-06,"ENSMUSG00000040482"
490.427535111913,-0.554249443055117,0.119851831637357,2.73943597345783e-06,8.21830792037348e-06,"ENSMUSG00000051238"
3355.00428880605,0.411240982982203,0.0883329929263176,2.74429270633466e-06,8.23136109705464e-06,"ENSMUSG00000051234"
97.3948019419871,0.80724175554391,0.177132484915145,2.7753386833992e-06,8.32294824767357e-06,"ENSMUSG00000050549"
123.160687273036,1.06264713384402,0.237237059626934,2.79247085619272e-06,8.37278331131058e-06,"ENSMUSG00000062252"
1745.96814858008,-0.553632789844982,0.119870333375267,2.79761917104784e-06,8.3866749293401e-06,"ENSMUSG00000033257"
1001.02678636873,-0.442187223955762,0.0952370181509558,2.80275802087756e-06,8.40053306275914e-06,"ENSMUSG00000042831"
3877.09266158079,-0.355303242001028,0.0762665301548338,2.80888416329339e-06,8.4173446999429e-06,"ENSMUSG00000062762"
9134.66792661347,0.308462468617918,0.0660436385370649,2.81062514523675e-06,8.42101161681645e-06,"ENSMUSG00000031812"
1241.34016671401,0.404711834743405,0.0870320857385928,2.83221086354105e-06,8.48412374617614e-06,"ENSMUSG00000026201"
48.3506818875401,1.331609770919,0.302476859646615,2.84129105845353e-06,8.50975820598096e-06,"ENSMUSG00000034959"
1596.72372970609,-0.501772767513319,0.108408798461287,2.85180410884215e-06,8.53967389325471e-06,"ENSMUSG00000026848"
402.670723277596,0.680492390122749,0.148396917725215,2.86565051045444e-06,8.5795583978623e-06,"ENSMUSG00000036306"
599.568813820407,-0.480206940096812,0.103671968070762,2.89209679847407e-06,8.65714448061068e-06,"ENSMUSG00000072941"
11.0345946940384,3.15232493530289,0.744479570102735,2.90016870951208e-06,8.67971065516412e-06,"ENSMUSG00000041064"
1320.53421828476,-0.451586713309157,0.0974692571185344,2.92141165541688e-06,8.74167994979339e-06,"ENSMUSG00000052713"
4346.40991496242,0.300301715256756,0.0644494546346172,2.93071004373604e-06,8.76789158094749e-06,"ENSMUSG00000013275"
37.162368355928,-1.44959558020015,0.333773181978751,2.94263870905732e-06,8.80196121022329e-06,"ENSMUSG00000058620"
1145.00243496192,-0.372222633593304,0.080118620753822,2.94496404221042e-06,8.80729830591607e-06,"ENSMUSG00000029712"
1177.62638984553,-0.554197330302348,0.120277309328218,3.02722831881183e-06,9.04999496301544e-06,"ENSMUSG00000026492"
6586.89018281438,-0.404017608907005,0.0871797218062691,3.02711654597641e-06,9.04999496301544e-06,"ENSMUSG00000040712"
452.796162843818,0.868424229738115,0.192098798575316,3.02893807162711e-06,9.05344361548772e-06,"ENSMUSG00000060487"
1762.19123780085,0.421900175870243,0.0910909010597327,3.05929573212265e-06,9.1425033830535e-06,"ENSMUSG00000050029"
2269.28336337028,-0.37898886189074,0.0817418298654284,3.08298047697544e-06,9.21159254849601e-06,"ENSMUSG00000040433"
1601.67820492252,-0.381813933531495,0.0823549631056331,3.0835578802779e-06,9.2116269361651e-06,"ENSMUSG00000073139"
1858.93009787332,-0.63162482868822,0.137899969708927,3.0882589122462e-06,9.22397771991628e-06,"ENSMUSG00000008976"
10.1230241700252,3.89250922307399,0.904699689453025,3.11882402144401e-06,9.31356034141728e-06,"ENSMUSG00000060204"
3115.56512750363,-0.574670559303461,0.124616343594313,3.12581125425528e-06,9.33271379251053e-06,"ENSMUSG00000030513"
3702.81489036697,-0.414801153850058,0.0897368376382263,3.12869291220986e-06,9.33960447917698e-06,"ENSMUSG00000028986"
3562.494115012,-0.357034819913577,0.0770391592339807,3.15669164044077e-06,9.42145700826823e-06,"ENSMUSG00000002475"
1517.72068264871,-0.41540231803938,0.0898537874963699,3.1795531684992e-06,9.48794985826397e-06,"ENSMUSG00000025626"
11005.8499080194,0.649516682971485,0.142017547203405,3.19137297917831e-06,9.52147532167605e-06,"ENSMUSG00000039278"
730.766527405571,0.462915168604155,0.100289473554809,3.19591053854767e-06,9.53326585055506e-06,"ENSMUSG00000023009"
3561.58596571851,-0.315710056837361,0.068067799620128,3.20124286472911e-06,9.54742238037019e-06,"ENSMUSG00000022757"
1587.18086952482,0.652612912787213,0.142801743070625,3.20893842568329e-06,9.56862057030089e-06,"ENSMUSG00000041895"
4465.73989317827,-0.465643198869137,0.100981182772565,3.21255671916174e-06,9.57765536163276e-06,"ENSMUSG00000020390"
2414.37309184699,-0.328226934204435,0.0708215434051342,3.22148300230267e-06,9.60250875507834e-06,"ENSMUSG00000032120"
4187.71770923747,-0.779332491384251,0.172218771237424,3.22682217945536e-06,9.61666265784957e-06,"ENSMUSG00000030213"
5004.4165347657,-0.545458378998878,0.118735785696687,3.22907119805051e-06,9.62160369062166e-06,"ENSMUSG00000070923"
2694.22873712616,-0.340417033788274,0.073494604398608,3.23081524215291e-06,9.6250385270434e-06,"ENSMUSG00000037826"
9684.07145157312,-0.489652485547174,0.106341391157181,3.24033860596281e-06,9.6516435183646e-06,"ENSMUSG00000028528"
16.1204912880254,2.66573604944026,0.644440504488318,3.28144665354878e-06,9.77229941940488e-06,"ENSMUSG00000070390"
958.329167569201,0.540632015540433,0.117660386373699,3.29101948576333e-06,9.79608875839243e-06,"ENSMUSG00000020519"
84.4792969054817,-1.0507015892796,0.236875996151357,3.29019955316615e-06,9.79608875839243e-06,"ENSMUSG00000023918"
4366.53932447629,-0.447304944758493,0.0970246282827335,3.29124028871165e-06,9.79608875839243e-06,"ENSMUSG00000032293"
531.809454733293,-0.558191471557946,0.121600761307291,3.29202024898255e-06,9.7966189420362e-06,"ENSMUSG00000010911"
1156.64610488911,-0.850747585371357,0.188982836741557,3.3020670044255e-06,9.82472065400079e-06,"ENSMUSG00000089756"
18.6223539092571,2.08847432734976,0.492895336244199,3.31719619762434e-06,9.8679312326259e-06,"ENSMUSG00000026387"
14.535506693433,-4.47463732108155,1.06632022876681,3.34680361490643e-06,9.95418769293749e-06,"ENSMUSG00000012520"
187.559443030218,0.926716815738399,0.206806335833916,3.35416176102157e-06,9.97425011799582e-06,"ENSMUSG00000115018"
49.5005807102044,-1.58165817558973,0.36985973012098,3.36062777385607e-06,9.99165276764001e-06,"ENSMUSG00000031636"
569.714093528958,-0.688043199409609,0.151296521626585,3.3772195758412e-06,1.00391490605447e-05,"ENSMUSG00000038175"
7938.34480286216,-0.348629305888403,0.0754729962421258,3.39775843816293e-06,1.00983589294169e-05,"ENSMUSG00000072214"
25926.0058598082,0.447963584774028,0.0968284178792791,3.41056653704708e-06,1.01327253312744e-05,"ENSMUSG00000034187"
5808.30037023222,0.464410929901474,0.100899118134695,3.4102732189091e-06,1.01327253312744e-05,"ENSMUSG00000067925"
61.1799162559593,1.26025886238762,0.28871107503562,3.41678148541819e-06,1.01493374123426e-05,"ENSMUSG00000055612"
985.994915644611,1.81679406413311,0.430091631168651,3.44673550585266e-06,1.02364460069822e-05,"ENSMUSG00000058897"
3026.64637686042,0.457086351270825,0.0993824487240206,3.46990911990719e-06,1.03033893932596e-05,"ENSMUSG00000029001"
359.918868512986,0.511829928527433,0.111585886913112,3.48075755678599e-06,1.03337172185596e-05,"ENSMUSG00000034401"
267.718751757205,0.671787252374727,0.147813081652579,3.48357665612395e-06,1.03402007309237e-05,"ENSMUSG00000074358"
10924.4743907652,0.534300158888965,0.116546634533553,3.48432641373092e-06,1.03405406313057e-05,"ENSMUSG00000054423"
535.941708713201,-0.748340404738696,0.165567974340007,3.50024662360478e-06,1.03858940100325e-05,"ENSMUSG00000030946"
289.467114176974,0.823673977173462,0.182927429957803,3.51168884872017e-06,1.04179462510419e-05,"ENSMUSG00000028358"
2191.23301024558,-0.646831615770461,0.142211962253138,3.52383818779511e-06,1.0452084187487e-05,"ENSMUSG00000033799"
955.197288171785,-0.931591445119396,0.208855705298335,3.5379636374837e-06,1.04920699746693e-05,"ENSMUSG00000039831"
22.8609344215082,2.36564989984602,0.583109197034694,3.54350402224799e-06,1.05065862430151e-05,"ENSMUSG00000039865"
157.345422807059,0.958491689117547,0.215303984726799,3.54708893499619e-06,1.05153002520248e-05,"ENSMUSG00000041974"
2352.70417815229,-0.322552865880228,0.0698912363457192,3.55059272447732e-06,1.05237706425786e-05,"ENSMUSG00000022023"
3397.02874593937,-0.748188923889598,0.165597719602256,3.55570214308087e-06,1.05369960832096e-05,"ENSMUSG00000026610"
273.333660492869,-0.661736827117637,0.145615983900154,3.56084485840039e-06,1.0550315363131e-05,"ENSMUSG00000079511"
1922.70837645204,-0.35403859481188,0.0768049115136164,3.56216583337654e-06,1.05523085415293e-05,"ENSMUSG00000032184"
3158.19925805919,-0.482230990220331,0.105149485843151,3.57920176179613e-06,1.06008453927434e-05,"ENSMUSG00000025571"
12943.5565127356,0.417593024307768,0.0923869336948108,3.61589003827741e-06,1.07075601315408e-05,"ENSMUSG00000070802"
320.995996997331,-0.877338779100315,0.196021149886246,3.62583228812753e-06,1.07350487424772e-05,"ENSMUSG00000037992"
1346.05797879267,-0.451818689038664,0.0984779545558338,3.62862975046945e-06,1.07413775373962e-05,"ENSMUSG00000003200"
1422.95043960984,0.652022454602335,0.143481305719872,3.66272138325241e-06,1.08395498469495e-05,"ENSMUSG00000027488"
1798.06146500008,-0.483701423069589,0.105540138573315,3.66312591891322e-06,1.08395498469495e-05,"ENSMUSG00000034674"
1759.20124524019,0.451633161658666,0.0983930519667098,3.67452709470315e-06,1.08713108047215e-05,"ENSMUSG00000029098"
3737.62830475397,0.447868660836617,0.0975617348026393,3.68208065257169e-06,1.08916788774418e-05,"ENSMUSG00000042082"
3154.30848736178,-0.651903096384576,0.143488794017558,3.69329423428552e-06,1.09228640162972e-05,"ENSMUSG00000022521"
1943.38886856582,-0.407939062877477,0.088819633220883,3.7096736832238e-06,1.09693130273419e-05,"ENSMUSG00000024370"
7.19368120473211,5.0355675444243,1.39426364187792,3.71357145251496e-06,1.09788441888918e-05,"ENSMUSG00000113814"
831.197995439083,-0.686105745064086,0.15160860900222,3.71676990195079e-06,1.09863047873534e-05,"ENSMUSG00000032712"
825.463055180835,0.787428813370679,0.175085103114573,3.72191970205328e-06,1.09995295769832e-05,"ENSMUSG00000071711"
549.911061333034,-0.584558083526546,0.128387932176464,3.74384061019665e-06,1.10623048561955e-05,"ENSMUSG00000042500"
236.618361246961,-0.722168546571969,0.160060061706138,3.76028390074866e-06,1.11088750156782e-05,"ENSMUSG00000026500"
325.658427858205,0.837198366367853,0.186753007563325,3.76141389691178e-06,1.11101969540791e-05,"ENSMUSG00000025857"
2692.18924979271,-0.326684656620341,0.0709956770444251,3.78195770743341e-06,1.11688511541366e-05,"ENSMUSG00000036817"
324.753796037178,0.619154302962418,0.136328666473742,3.79054683462855e-06,1.1192185992034e-05,"ENSMUSG00000040181"
130.542667858326,-1.85170879943256,0.44210771161421,3.80983678721665e-06,1.12471025067669e-05,"ENSMUSG00000020000"
623.572492123839,-0.429560362926271,0.0937254616225655,3.824027507767e-06,1.12869482813112e-05,"ENSMUSG00000078490"
156.53924588027,-1.21178122225554,0.278522776256383,3.83993919149735e-06,1.13318582594623e-05,"ENSMUSG00000039997"
818.759290542656,-0.458785490842758,0.100261821359849,3.85295568485534e-06,1.13682096498233e-05,"ENSMUSG00000042606"
304.087492040457,0.90921464828729,0.204175013233326,3.8606554667791e-06,1.13888636622382e-05,"ENSMUSG00000041710"
1148.73406038715,0.60638351282089,0.133475029552575,3.86982246319784e-06,1.14138376618834e-05,"ENSMUSG00000016256"
1636.78873323415,0.503499594595903,0.110297233785929,3.95661937412817e-06,1.16677264804454e-05,"ENSMUSG00000079055"
759.93458808987,0.543579775021143,0.119369226992583,3.96300873215373e-06,1.16844513932256e-05,"ENSMUSG00000032353"
3039.22518216519,-0.337894264601113,0.0736584154183741,3.97447911152693e-06,1.17161483117413e-05,"ENSMUSG00000050144"
4952.33956632899,0.491088912075356,0.107549845321521,3.97704837530586e-06,1.17215993940302e-05,"ENSMUSG00000035969"
70.1203850299339,1.24070273696032,0.286102839781237,3.98602308221594e-06,1.17459239196798e-05,"ENSMUSG00000026147"
134.969865654587,-0.910625122055681,0.20511836921433,3.98716325592169e-06,1.17471571909309e-05,"ENSMUSG00000055200"
1063.53473115468,0.500973692112942,0.109841772171882,4.00676591858951e-06,1.18027751760405e-05,"ENSMUSG00000019590"
42.5633976172448,-1.51654166922898,0.355578942239375,4.01249005586767e-06,1.181749830458e-05,"ENSMUSG00000011267"
6907.72175310779,-0.37038636426633,0.0808111504637374,4.04049231825632e-06,1.18978172859219e-05,"ENSMUSG00000030327"
237.877049491947,0.54342216480143,0.119451880641582,4.0443788611307e-06,1.19071078136165e-05,"ENSMUSG00000003070"
759.853718186031,-0.446062504113931,0.0976742644455302,4.0524348758984e-06,1.19286681573009e-05,"ENSMUSG00000014470"
4669.93954110654,-0.601272344070482,0.132674116864212,4.05544689451231e-06,1.19353759806312e-05,"ENSMUSG00000037656"
300.702450644127,-0.550374511538064,0.121117201857569,4.06852654931584e-06,1.19717055621409e-05,"ENSMUSG00000046541"
185.039515663252,0.800652408382822,0.178715277574091,4.0782644878374e-06,1.19981907343245e-05,"ENSMUSG00000030525"
2295.6572436222,-0.473849191349847,0.103932106911025,4.09680969273855e-06,1.2050572493386e-05,"ENSMUSG00000015697"
33.2795420382237,1.96777287028774,0.472806105926481,4.10337329012203e-06,1.20676983589172e-05,"ENSMUSG00000060621"
1372.22583828989,0.408496486821905,0.0893372671440755,4.12676041211808e-06,1.21342857638111e-05,"ENSMUSG00000022035"
5854.10069083517,-0.382737924083195,0.0836851846463342,4.15479893954616e-06,1.22145235936305e-05,"ENSMUSG00000032855"
1003.66749461687,-0.540622883153836,0.119018799747523,4.1649045786061e-06,1.22420218003883e-05,"ENSMUSG00000050132"
2000.33988824312,-0.411318448632886,0.0900930782664927,4.17101917262399e-06,1.22577812045447e-05,"ENSMUSG00000026594"
2679.83870701065,-0.34326791386285,0.074994373548303,4.18256933439081e-06,1.22895060695331e-05,"ENSMUSG00000003360"
13936.533617015,-0.313365855965096,0.0684051929548044,4.19938795524773e-06,1.23366968300889e-05,"ENSMUSG00000000826"
1250.09033999351,-0.586296039469076,0.129574696428451,4.22113939481683e-06,1.23983592690055e-05,"ENSMUSG00000035314"
5869.7964582686,-0.426866072235651,0.0935773743502587,4.22355695404275e-06,1.24032220995685e-05,"ENSMUSG00000032244"
1925.53446231981,-0.51019806507169,0.112289087663828,4.2333718530543e-06,1.24298028542601e-05,"ENSMUSG00000048106"
1124.35043671618,-0.499330030913889,0.109837160039477,4.2499146326326e-06,1.24761245067617e-05,"ENSMUSG00000061731"
22.0066346694641,-2.76247559127943,0.67547640763655,4.25890159407746e-06,1.25002524609435e-05,"ENSMUSG00000029671"
11.1215661379595,-2.96852854673467,0.717314434843615,4.2625283050489e-06,1.250864174321e-05,"ENSMUSG00000055194"
6784.92310045244,-0.330612633003426,0.0722958416251154,4.2756797303816e-06,1.25449738015774e-05,"ENSMUSG00000037270"
5943.1644804124,-0.489430787218973,0.107616019077256,4.27946649736008e-06,1.25538215253248e-05,"ENSMUSG00000002413"
2374.38290405665,0.774504217572895,0.173131388233552,4.2938600840091e-06,1.25937755761262e-05,"ENSMUSG00000027852"
2966.22633536422,-0.758394077048607,0.169594593881682,4.33526280619059e-06,1.27129180254315e-05,"ENSMUSG00000032908"
816.89395029136,0.957611964933193,0.217048455692825,4.34648378934784e-06,1.27435272195613e-05,"ENSMUSG00000002799"
293.59942267519,-0.823044234044498,0.184811265885522,4.35482517280526e-06,1.27656841640418e-05,"ENSMUSG00000059049"
49.3242872723181,1.98024360041425,0.473156490527247,4.35686516002733e-06,1.27693646155789e-05,"ENSMUSG00000048502"
7415.8970569584,0.528778194629169,0.116568189109953,4.38356101872128e-06,1.28452936566598e-05,"ENSMUSG00000000308"
152.662051264162,-0.876910929128812,0.197831016586844,4.38757464322861e-06,1.28547408283793e-05,"ENSMUSG00000033762"
42.3546355178936,1.76211713727265,0.420644678786389,4.40210249336848e-06,1.2894983693909e-05,"ENSMUSG00000041481"
1752.04124408129,-0.426030644585954,0.0936721499423367,4.40730049559942e-06,1.29078872737257e-05,"ENSMUSG00000040022"
3129.47971490114,0.433425296589189,0.0952124936154076,4.42981972957204e-06,1.29715066663022e-05,"ENSMUSG00000028430"
732.758907797741,-0.451862296422578,0.099373601891925,4.45249111432381e-06,1.30355486257128e-05,"ENSMUSG00000029625"
3621.97258455322,-0.331961444148178,0.072719571872254,4.45410355205958e-06,1.3037924405759e-05,"ENSMUSG00000042216"
1269.9283524121,-0.382245757554479,0.0838617942365853,4.46396820375226e-06,1.3064450632988e-05,"ENSMUSG00000038722"
1836.19536160211,-0.409767851097985,0.0900303122599238,4.50063018793175e-06,1.31693795073077e-05,"ENSMUSG00000038975"
24.0399183685621,1.90752266479856,0.458616832813652,4.5443138234389e-06,1.32948131592269e-05,"ENSMUSG00000024747"
11.3570605874156,3.03993301927542,0.739080396252016,4.5535764697052e-06,1.33195180186633e-05,"ENSMUSG00000037124"
34.1018872618231,1.51454196128219,0.358360697985694,4.57412301422397e-06,1.33772142338372e-05,"ENSMUSG00000022441"
375.317042109599,0.979759548587442,0.222938025782564,4.58128775216767e-06,1.33957610975005e-05,"ENSMUSG00000039410"
505.925240210453,-0.595287821617825,0.132108673250067,4.61392091790432e-06,1.34887580283129e-05,"ENSMUSG00000016239"
885.058228130144,-0.653718231887646,0.145667045912648,4.64989332440338e-06,1.35914820496747e-05,"ENSMUSG00000024170"
707.553608358635,0.602108546779763,0.13368258835873,4.66661270590006e-06,1.36379033441007e-05,"ENSMUSG00000038665"
1790.13969878811,-0.324979065646879,0.0713166497255622,4.67777961533026e-06,1.36680841102757e-05,"ENSMUSG00000017264"
1208.53974265421,0.335977293140456,0.073851460132576,4.69052198374777e-06,1.37028565777901e-05,"ENSMUSG00000020627"
3641.14467899167,-0.446047306373509,0.0983724585139327,4.72917567958488e-06,1.38133001457532e-05,"ENSMUSG00000017754"
1222.33318902772,0.646634066082299,0.144022735833021,4.74201665943012e-06,1.38483220635457e-05,"ENSMUSG00000028532"
2868.98841294172,-0.308955179232567,0.0678247253744505,4.75122677786091e-06,1.38727299533668e-05,"ENSMUSG00000034163"
1868.7381620958,-0.681517219885682,0.152398865756593,4.81086335828848e-06,1.40443389071413e-05,"ENSMUSG00000035064"
625.728962261433,-0.461635647888533,0.101981935609305,4.8252325520584e-06,1.40837610691064e-05,"ENSMUSG00000031245"
2029.28908784472,-0.440995467918468,0.0974087332814098,4.89740839098474e-06,1.4291785642626e-05,"ENSMUSG00000025939"
3150.81333353569,-0.403389874236595,0.0889328714593351,4.89825974322462e-06,1.4291785642626e-05,"ENSMUSG00000034908"
98.1052400024933,1.10944566568619,0.255500203540174,4.90566234548768e-06,1.43108192938797e-05,"ENSMUSG00000019732"
1972.12421431703,-0.390224479892472,0.0860203186009719,4.915172636117e-06,1.43359935801313e-05,"ENSMUSG00000063550"
8423.54302409098,-0.447135653410449,0.0988691274638301,4.94774255548989e-06,1.44284043923799e-05,"ENSMUSG00000024858"
46.1798228194039,-1.4234741261994,0.33585883373262,4.95341385586453e-06,1.44423554980768e-05,"ENSMUSG00000039457"
865.64395399245,0.497165717385066,0.110109493941457,4.99167841357226e-06,1.45513146877022e-05,"ENSMUSG00000027452"
1172.60792048535,-0.487021456930288,0.107831400421493,4.99739234680293e-06,1.45653630476738e-05,"ENSMUSG00000096146"
863.658185027748,0.588575905652537,0.131021647313783,5.00318999061602e-06,1.45796503163708e-05,"ENSMUSG00000023764"
712.710353937841,0.511076239260593,0.113288706955162,5.01620846084015e-06,1.46149707044131e-05,"ENSMUSG00000070814"
2855.44243359196,-0.268199246302028,0.0589647458424312,5.03690370303709e-06,1.46726411020111e-05,"ENSMUSG00000022338"
1703.7676717543,-0.742453716046271,0.168788742095765,5.06371598567989e-06,1.47481067838428e-05,"ENSMUSG00000001151"
573.129128453439,0.717556572577566,0.161154554978906,5.10346682396406e-06,1.48612223542911e-05,"ENSMUSG00000055541"
1504.44702549614,0.388356124332264,0.0857770251639547,5.11836332429111e-06,1.49019349298535e-05,"ENSMUSG00000021259"
3085.34193612312,-0.492087915377703,0.109167661119337,5.13259729835993e-06,1.49407043674361e-05,"ENSMUSG00000039477"
157.29325088711,-0.806414961113172,0.182452752041387,5.13640927273541e-06,1.49491275060946e-05,"ENSMUSG00000033318"
4961.39528251081,0.362570131866371,0.0799814367274785,5.15941946588448e-06,1.50134125966513e-05,"ENSMUSG00000022680"
148.846771265735,0.712250839813583,0.159933924931441,5.17399093552241e-06,1.50531232258148e-05,"ENSMUSG00000025225"
1348.56722920566,-0.519919430611107,0.115590986805387,5.22080105850533e-06,1.51865975036365e-05,"ENSMUSG00000103088"
16.2038122869007,-2.66735986341543,0.665695766096215,5.22390350460833e-06,1.51929071373976e-05,"ENSMUSG00000019489"
7458.98844359609,-0.32977081858188,0.0727169069744973,5.23024080020799e-06,1.5208620890637e-05,"ENSMUSG00000004535"
2800.55270133029,-0.370847380198308,0.0819491871034198,5.26037204750367e-06,1.52935053026013e-05,"ENSMUSG00000039108"
1023.81870863276,0.545489464439412,0.121385637726471,5.27035775494535e-06,1.53198006312501e-05,"ENSMUSG00000028708"
355.205959436157,-0.664136071154724,0.149006897190188,5.28675012186478e-06,1.53647060317291e-05,"ENSMUSG00000024292"
290.764666562593,0.627415470184694,0.140359221991596,5.29216324906825e-06,1.53776924970248e-05,"ENSMUSG00000037366"
2061.70076652205,-0.344919632129054,0.0761757486190759,5.29444201382383e-06,1.53815682850302e-05,"ENSMUSG00000038611"
1658.916184559,0.344498219203327,0.0760714466302128,5.30024345698565e-06,1.53956750522506e-05,"ENSMUSG00000028405"
290.801130288819,1.05718822240493,0.244316876484622,5.30493455193762e-06,1.54065521206852e-05,"ENSMUSG00000036246"
14073.1369253243,0.306866900310454,0.0676654119299882,5.31662043807276e-06,1.54377359063411e-05,"ENSMUSG00000020333"
150.202692490344,1.1031057279364,0.255708206580415,5.34505586623487e-06,1.55175351151367e-05,"ENSMUSG00000057751"
1742.33012930359,-0.420908351821207,0.0933339800288701,5.35915227384438e-06,1.5555684863345e-05,"ENSMUSG00000040128"
989.120834965032,-0.384821749725812,0.0851447943429225,5.36546360281261e-06,1.55712277636983e-05,"ENSMUSG00000035171"
77.4720296516647,1.29850512357842,0.304870845959661,5.38033891039316e-06,1.56116143998895e-05,"ENSMUSG00000048001"
1348.54140174684,-0.383347966966342,0.0848627157200945,5.41858261807568e-06,1.57197804058164e-05,"ENSMUSG00000020955"
1728.31620039722,0.833823243609264,0.189363521132046,5.43683104175371e-06,1.57699101385722e-05,"ENSMUSG00000039178"
1837.02324061355,-0.441436718395033,0.0979059649341074,5.43908358337399e-06,1.57736330964122e-05,"ENSMUSG00000024955"
6267.76994224442,-0.423806326646073,0.0939910365577099,5.44430550573111e-06,1.57859645568741e-05,"ENSMUSG00000021027"
1221.86131143533,-0.335557073788494,0.0741740346799983,5.47215126244818e-06,1.5863878584173e-05,"ENSMUSG00000041132"
5489.76925906277,-0.569300821131506,0.127199117357218,5.47975046066006e-06,1.58830801279602e-05,"ENSMUSG00000026728"
2524.25466436955,-0.356222930084194,0.0788579819958079,5.49391958369847e-06,1.59213143997585e-05,"ENSMUSG00000043542"
5263.89041377361,-0.449003310583358,0.100127539202771,5.51777526216673e-06,1.59876015873175e-05,"ENSMUSG00000042675"
2035.56693970943,-0.49770037536197,0.110902184998498,5.5191321253087e-06,1.59886870859183e-05,"ENSMUSG00000024038"
961.829086361786,0.719767166495398,0.162297405059253,5.55397790105672e-06,1.60867708671532e-05,"ENSMUSG00000059970"
1901.0722349777,0.555741127115602,0.124097757486342,5.57311331586413e-06,1.6139323706749e-05,"ENSMUSG00000058325"
9074.7788338652,-0.230053448350478,0.0506347736044109,5.60852221471736e-06,1.62389762737761e-05,"ENSMUSG00000015733"
2405.43681433338,0.45080093490254,0.100085784307437,5.61933253406741e-06,1.62673830676773e-05,"ENSMUSG00000052302"
970.677592602583,0.458814401715098,0.102023694791507,5.64373378695442e-06,1.63323668242682e-05,"ENSMUSG00000052676"
138.344354095169,-1.15364861176967,0.268957400748644,5.64378691402561e-06,1.63323668242682e-05,"ENSMUSG00000061878"
2961.0941020814,0.514164995211582,0.114645949209059,5.65461720073019e-06,1.63594937151055e-05,"ENSMUSG00000003378"
3169.378668517,-0.373970689589835,0.0829278472865783,5.6551708523712e-06,1.63594937151055e-05,"ENSMUSG00000028826"
1499.47135142721,-0.577180632156529,0.129072725027878,5.6617478742176e-06,1.63756097897146e-05,"ENSMUSG00000026743"
2163.37773965883,-0.329428831770123,0.0729446663246617,5.66341572006794e-06,1.63775237326818e-05,"ENSMUSG00000064145"
174.435582685994,0.871979544996397,0.198808121975662,5.68130525651347e-06,1.64263387150135e-05,"ENSMUSG00000056306"
13.4634849706782,2.95739303840975,0.7348431366323,5.75094804227476e-06,1.66247437812375e-05,"ENSMUSG00000079259"
402.586590755434,0.580162275546238,0.130130548624113,5.77806289950486e-06,1.67001611999538e-05,"ENSMUSG00000021550"
57.3165935621634,2.13177744964776,0.526405256660863,5.83393837357606e-06,1.68586630294818e-05,"ENSMUSG00000048721"
409.678929302391,0.544350250811023,0.121796864081542,5.83667362647769e-06,1.68635735342215e-05,"ENSMUSG00000039908"
137.279824484636,0.795570915990435,0.180913732757629,5.84877341253661e-06,1.68955339146887e-05,"ENSMUSG00000073771"
377.732889000676,1.0745598250645,0.24940507070839,5.85388996811736e-06,1.69073138575256e-05,"ENSMUSG00000028047"
1895.71836387634,-0.329508097660098,0.0731119068613746,5.88157425385757e-06,1.6984258595759e-05,"ENSMUSG00000034893"
219.23725709529,0.801328720453844,0.182164045300947,5.88273715911281e-06,1.69846036672647e-05,"ENSMUSG00000021226"
844.232063591363,-0.654737089506833,0.147560521492752,5.88404358864801e-06,1.69853629253435e-05,"ENSMUSG00000050714"
6365.31816514953,0.57684149365354,0.129365406574853,5.89237914385026e-06,1.7006409167304e-05,"ENSMUSG00000024140"
2381.23738033588,-0.452725056795169,0.10095534175271,5.93162359721075e-06,1.7116640474277e-05,"ENSMUSG00000044465"
48.136294182191,-1.27326265497378,0.301239791186416,5.93891004800692e-06,1.71346291672202e-05,"ENSMUSG00000015340"
332.75460909354,-0.6018258397485,0.135339978438501,5.99426943076783e-06,1.72912843866806e-05,"ENSMUSG00000019738"
351.820084923927,1.08837802339582,0.253529343526225,6.01677047539252e-06,1.73529815042735e-05,"ENSMUSG00000015468"
94.7137044289537,1.4408828053907,0.344479698465675,6.01778969109374e-06,1.73529815042735e-05,"ENSMUSG00000018927"
3305.60308545394,-0.511514675775101,0.114609426947708,6.05086233360027e-06,1.7445259841719e-05,"ENSMUSG00000064368"
623.926322405457,0.774592526962984,0.176104827521894,6.06216692104452e-06,1.74747570640628e-05,"ENSMUSG00000052026"
1023.54660706514,-0.503614264822626,0.11270280437274,6.0783067862473e-06,1.75181795089472e-05,"ENSMUSG00000032590"
475.290139463721,-0.744048004455139,0.168983655703438,6.08484043398079e-06,1.75339055734359e-05,"ENSMUSG00000026475"
4314.42142706617,0.605130619495099,0.136063547622673,6.09420161417504e-06,1.75577723673524e-05,"ENSMUSG00000053141"
2035.36227322265,-0.385384961498222,0.0858452700100567,6.12585322600885e-06,1.76458394643376e-05,"ENSMUSG00000066441"
4956.6420222031,-0.416131611365855,0.0924908245841044,6.15581940185461e-06,1.77290212709465e-05,"ENSMUSG00000024283"
477.659183837837,-0.49727971740975,0.11135510895922,6.1864395002646e-06,1.78140566398916e-05,"ENSMUSG00000062116"
6098.41931803721,-0.475413742551285,0.106311240901691,6.189358163844e-06,1.78193088417143e-05,"ENSMUSG00000026787"
2939.85397962412,-0.470055578290616,0.105100648537648,6.19273613055342e-06,1.78258812967548e-05,"ENSMUSG00000020982"
956.91857724435,-0.764519885107786,0.17402183143911,6.20912777835822e-06,1.78699048755508e-05,"ENSMUSG00000038777"
12.85306654378,2.85339548430488,0.716881537988459,6.26336003257034e-06,1.80227991179388e-05,"ENSMUSG00000026114"
327.085711424918,-0.520123287370321,0.116648655760725,6.29459021853377e-06,1.81094626329609e-05,"ENSMUSG00000020834"
50.5304290236245,1.18915806321394,0.279373656449276,6.30616932883156e-06,1.81395695944018e-05,"ENSMUSG00000073413"
3442.68454475457,-0.321466162109679,0.0715471372774556,6.33710435129468e-06,1.82253329735645e-05,"ENSMUSG00000008690"
130.386859985543,1.30571269074611,0.309778429588072,6.36548781870573e-06,1.83037291490712e-05,"ENSMUSG00000053964"
344.497954355337,-0.729216042785241,0.165845537301574,6.39399531807648e-06,1.83824542189419e-05,"ENSMUSG00000116673"
4724.53204260084,-0.519632639442144,0.116656272011423,6.39708731732291e-06,1.83880959476218e-05,"ENSMUSG00000026159"
576.459870453235,0.798482558884451,0.182479390117959,6.40429346433903e-06,1.84055595007964e-05,"ENSMUSG00000059326"
476.732758298532,0.473295418497108,0.105965015528922,6.41819456451299e-06,1.84422543903164e-05,"ENSMUSG00000024135"
319.625039015173,-0.492180026083395,0.110421530118369,6.45971302651605e-06,1.85582789702838e-05,"ENSMUSG00000028322"
2063.72284815035,-0.402569921000857,0.0899548689833413,6.5133126373765e-06,1.87089647275833e-05,"ENSMUSG00000036270"
5414.89939313947,-0.63584669443203,0.143927333271332,6.51802727217426e-06,1.87192039407997e-05,"ENSMUSG00000040760"
51.7206508234379,1.25351813928885,0.297153266432763,6.52577557148449e-06,1.8738150423818e-05,"ENSMUSG00000063681"
37.4973694278651,-1.3829415973054,0.330460312021939,6.53681211374149e-06,1.87665304387097e-05,"ENSMUSG00000021815"
10.3928276515337,3.26576383373927,0.813805473344473,6.55469508041224e-06,1.88145523750574e-05,"ENSMUSG00000078144"
71.8644792902354,1.06161888087522,0.247352976330022,6.56663630401386e-06,1.88455052462513e-05,"ENSMUSG00000030047"
1105.45225542649,-0.533090764661663,0.119926463082049,6.61962956091339e-06,1.89942411409392e-05,"ENSMUSG00000003135"
3597.84009164703,-0.309488874778708,0.0690057220049802,6.64446929272495e-06,1.90621556480396e-05,"ENSMUSG00000039219"
1183.41889698696,-0.465142946709367,0.104350799674905,6.65648900331679e-06,1.90932736556812e-05,"ENSMUSG00000027937"
2057.4906341845,0.588658602610446,0.132785647115451,6.6578274024668e-06,1.90937481425924e-05,"ENSMUSG00000028822"
5869.07987568362,0.425690301923335,0.0956066022603718,6.67278658875939e-06,1.91332781560376e-05,"ENSMUSG00000016534"
88.5091603230774,1.45831520172955,0.35353044914724,6.7389998913935e-06,1.93197323409833e-05,"ENSMUSG00000051506"
181.383836463115,0.749110264088283,0.170911064381492,6.79348584406768e-06,1.94725061753361e-05,"ENSMUSG00000020363"
1452.20546591561,-0.378340152597199,0.0846760705162261,6.83338745349092e-06,1.95834297478741e-05,"ENSMUSG00000044629"
10870.2775077923,0.326089932161685,0.0728145482733247,6.8544123030119e-06,1.96402259229762e-05,"ENSMUSG00000039361"
4089.06030222907,0.616082032890578,0.139451897395818,6.91512089610701e-06,1.98106895365769e-05,"ENSMUSG00000037697"
29.7540187537846,-2.22980776918236,0.55721029040306,6.92219522491937e-06,1.98274668082417e-05,"ENSMUSG00000037185"
537.912243609247,-0.502235795825591,0.113075836217413,6.94251954786795e-06,1.98821838846225e-05,"ENSMUSG00000025384"
921.591188690599,0.496068443752779,0.11157520186622,6.97176030572617e-06,1.99624123582429e-05,"ENSMUSG00000066235"
488.011710534723,0.498169433538884,0.112174741218282,6.99195638509732e-06,2.00167193170268e-05,"ENSMUSG00000048668"
2364.4881234242,-0.646322575574423,0.146722485102323,6.99337462765921e-06,2.00172590450214e-05,"ENSMUSG00000029655"
1515.92926075747,0.365473775413494,0.0818002849904413,7.03079795676379e-06,2.01208384564348e-05,"ENSMUSG00000028633"
11.6060143218434,3.54084909784665,0.892376111425625,7.071183793565e-06,2.02328581106787e-05,"ENSMUSG00000029503"
399.619660912499,0.565741237555655,0.127898531410583,7.10418769261473e-06,2.03237200809108e-05,"ENSMUSG00000028631"
3372.86859051908,-0.359117901888132,0.0804648795624057,7.1119477915268e-06,2.03423451327488e-05,"ENSMUSG00000036155"
826.577365501332,-0.448067854851834,0.100735595240241,7.13081767635733e-06,2.0392735441979e-05,"ENSMUSG00000025231"
4190.08055254517,0.78125752466043,0.177986057902146,7.13813269510125e-06,2.04100692097063e-05,"ENSMUSG00000057963"
18182.8116216158,-0.763401792896537,0.174940118274326,7.16407839328487e-06,2.04806582518249e-05,"ENSMUSG00000057230"
9385.24728723106,-0.345275908455245,0.0773544047937248,7.18674753144219e-06,2.05418571232337e-05,"ENSMUSG00000017639"
39.6669088075813,-1.26478303432105,0.300801908563442,7.19941748369999e-06,2.05744588833687e-05,"ENSMUSG00000073421"
14.1175275088123,2.31997105201572,0.57851026963863,7.21610195706243e-06,2.06185198625702e-05,"ENSMUSG00000113354"
370.917134607968,0.565709760323618,0.128100017649576,7.29971995257998e-06,2.08537805173915e-05,"ENSMUSG00000024854"
4881.45437383424,-0.34474982189712,0.0773261423254119,7.34424125057369e-06,2.09772870813895e-05,"ENSMUSG00000019796"
333.673642446009,0.524076787783263,0.118420464294176,7.41227748022725e-06,2.11679040040595e-05,"ENSMUSG00000029161"
1785.91822205751,0.35799009062722,0.0804143351379497,7.41954473564603e-06,2.11849410992538e-05,"ENSMUSG00000018849"
11713.3073078891,-0.404211461326721,0.0910210763195043,7.4229299473496e-06,2.11908898076038e-05,"ENSMUSG00000033419"
814.079028767577,-0.583826993725967,0.132337380115786,7.43667342571976e-06,2.1226401897925e-05,"ENSMUSG00000041308"
149.028629610934,-0.736465190324998,0.168707767215073,7.50452298117592e-06,2.14163087460697e-05,"ENSMUSG00000044026"
379.085351058088,-0.691985357513715,0.158214709696442,7.5291890823987e-06,2.14829342477276e-05,"ENSMUSG00000022297"
2453.95456045704,-0.55548770502839,0.124862856842061,7.63364017219917e-06,2.17771459381455e-05,"ENSMUSG00000038150"
1519.69334669852,-0.496954835824567,0.112371425926594,7.65350161055218e-06,2.18299805881493e-05,"ENSMUSG00000026305"
13765.1739571884,-0.265362303186964,0.0597377207175499,7.66165524994925e-06,2.18494085772029e-05,"ENSMUSG00000021282"
8107.98110875854,-0.463410726881737,0.10478808218437,7.67413638167312e-06,2.18811686846865e-05,"ENSMUSG00000022314"
922.772345789288,-0.586496507587357,0.133361889657388,7.7036849623203e-06,2.19615733479247e-05,"ENSMUSG00000038879"
1298.25597424265,0.36988815331934,0.0832107948269645,7.71618047937004e-06,2.19894933198854e-05,"ENSMUSG00000034118"
1754.8165519466,-0.490412991446255,0.110928372335783,7.71607166361605e-06,2.19894933198854e-05,"ENSMUSG00000069539"
880.947939051359,0.707050824246852,0.161882022038104,7.73090901429134e-06,2.20276101758506e-05,"ENSMUSG00000034295"
171.381519525876,-1.01164723099456,0.237224905749002,7.75988304109032e-06,2.21062961398089e-05,"ENSMUSG00000031758"
44.4488841646733,1.51706153742676,0.367952507233644,7.90000938485146e-06,2.2501549040527e-05,"ENSMUSG00000020672"
1267.63602538734,-0.607228575460148,0.1381009551198,7.9111118948563e-06,2.25292301302433e-05,"ENSMUSG00000058706"
28849.7001621231,-0.334375361156731,0.0751954366759528,7.94292533951109e-06,2.26158717293268e-05,"ENSMUSG00000031144"
157.574427698345,0.682984528784865,0.156376475988049,8.00536340830777e-06,2.2789665190702e-05,"ENSMUSG00000040165"
133.315835129496,-0.922669374586172,0.21522860257405,8.07395863561869e-06,2.29809230058753e-05,"ENSMUSG00000054958"
1454.50273777232,0.619736614868594,0.141408600196439,8.08468614907426e-06,2.30074337647956e-05,"ENSMUSG00000053617"
17096.4337699878,0.452164360903426,0.102101435418261,8.09089760606951e-06,2.30210856898443e-05,"ENSMUSG00000034377"
1306.96610487128,-0.458979328006759,0.103920771799036,8.1007699464125e-06,2.30451473589134e-05,"ENSMUSG00000001156"
381.818837652277,0.637298261784199,0.145661706127021,8.19507269607376e-06,2.33093470813714e-05,"ENSMUSG00000034371"
4288.22642717316,-0.382340294972588,0.0863717253808923,8.23119744388392e-06,2.34080069866426e-05,"ENSMUSG00000020385"
1204.21116082416,-0.6924827548108,0.159130273517192,8.24903643844928e-06,2.34546402000135e-05,"ENSMUSG00000095253"
3601.01463756279,0.651922628049548,0.149276836289889,8.27365856655218e-06,2.35205403678548e-05,"ENSMUSG00000026463"
1601.66685676305,0.424237311134695,0.0959540403723725,8.27677940084726e-06,2.35253038391814e-05,"ENSMUSG00000021911"
649.487610232091,0.53829165899671,0.122459452803015,8.28939951693728e-06,2.35570609875533e-05,"ENSMUSG00000031546"
22.2734057268565,2.10577044363247,0.535877437433957,8.32769431390654e-06,2.36617573820511e-05,"ENSMUSG00000114619"
1983.29759938889,-0.577324916411807,0.131737210129253,8.34505984706901e-06,2.37069605917259e-05,"ENSMUSG00000028328"
1772.31565085757,-0.331223590049492,0.0748498977472196,8.34811392065754e-06,2.37114985867149e-05,"ENSMUSG00000028080"
4307.54991500836,-0.473728904207111,0.107479356736508,8.35141229969269e-06,2.37167287882759e-05,"ENSMUSG00000062901"
414.579131671892,-0.52919006352323,0.120481196425573,8.36771539591832e-06,2.37588821236278e-05,"ENSMUSG00000040138"
1119.42023604282,-0.357680547702478,0.0808250176094539,8.44256393133295e-06,2.39672228242479e-05,"ENSMUSG00000071723"
395.716056829335,-0.462301638064376,0.104861410917305,8.47077171267829e-06,2.40431075743639e-05,"ENSMUSG00000026333"
445.533987119621,-0.485687738607731,0.110353003394823,8.47999745965978e-06,2.4065097393365e-05,"ENSMUSG00000110277"
4952.62581507565,0.418553537415941,0.0947516810005926,8.49257871617314e-06,2.40966003733426e-05,"ENSMUSG00000026827"
971.461136888561,0.386534148821752,0.0874150219780214,8.50061599294704e-06,2.41152016614137e-05,"ENSMUSG00000044066"
541.978373629121,-0.434988585865257,0.0986763673134524,8.57639901503424e-06,2.43259493233538e-05,"ENSMUSG00000002679"
143.446821965028,-0.850138229426069,0.198106406906959,8.57938531130569e-06,2.43301801563474e-05,"ENSMUSG00000038451"
6293.78011893434,-0.601657827733974,0.137659715208643,8.58592070574367e-06,2.43444726089698e-05,"ENSMUSG00000025422"
80.336781053383,-0.996997037556269,0.234907536784046,8.65926822226841e-06,2.45481658171517e-05,"ENSMUSG00000055184"
341.019446875786,0.931850847864426,0.218136617912558,8.6656297900699e-06,2.45619226402155e-05,"ENSMUSG00000000811"
2384.72543505747,-0.340051046112819,0.07691718258579,8.68333534764206e-06,2.46078225607447e-05,"ENSMUSG00000021982"
251.64989879395,-0.765670723368974,0.177236987765669,8.71415636837823e-06,2.46908681226216e-05,"ENSMUSG00000059854"
894.399966043021,-0.381406634781178,0.0863625852579871,8.73577096680542e-06,2.47478036543088e-05,"ENSMUSG00000042447"
657.4239240203,-0.387218960875642,0.0876645632768562,8.7409861793944e-06,2.47582691888258e-05,"ENSMUSG00000030960"
920.871514700683,0.433955494147737,0.0984805567784782,8.76638322086122e-06,2.48250469449038e-05,"ENSMUSG00000046532"
5236.03797057415,0.472990792329622,0.107470722779528,8.76761241468559e-06,2.48250469449038e-05,"ENSMUSG00000067924"
3298.07612643076,-0.281399484906123,0.0635491781003179,8.79110354295489e-06,2.48872319082121e-05,"ENSMUSG00000019777"
383.182214141853,0.771138192469159,0.178628696534691,8.81504402900266e-06,2.49506671368641e-05,"ENSMUSG00000031750"
111.520207687791,0.856629979598444,0.199725317502918,8.91392725509803e-06,2.52261661784572e-05,"ENSMUSG00000029510"
1786.0239703708,0.30579171820816,0.0691170499617117,8.92239349981369e-06,2.52457363792747e-05,"ENSMUSG00000032737"
2931.0902100209,-0.478546359761438,0.109004809138201,8.97677138744001e-06,2.53951832889726e-05,"ENSMUSG00000026753"
10359.4689324122,-0.284990041393698,0.0645342495445081,8.9926706856288e-06,2.54313226929579e-05,"ENSMUSG00000020496"
5110.35510065202,0.663249410005804,0.152581135005532,8.99225535528692e-06,2.54313226929579e-05,"ENSMUSG00000050192"
1589.31170651269,-0.440626082211108,0.100196213453408,8.99539921611633e-06,2.54346201910616e-05,"ENSMUSG00000037361"
1053.11484908081,0.512719161832706,0.116925778825415,9.00609785994479e-06,2.5460448239698e-05,"ENSMUSG00000035934"
1907.0587450981,-0.396794051588429,0.0901865858066924,9.02233041621918e-06,2.5501909101444e-05,"ENSMUSG00000024487"
1212.06784060131,0.42519930527262,0.0965689168877835,9.06865794321172e-06,2.5628405208264e-05,"ENSMUSG00000029802"
625.255169354578,-0.387887554886091,0.0880295417426742,9.07907377677949e-06,2.56533870748857e-05,"ENSMUSG00000015126"
25.4588289470633,1.88403568636795,0.472573182812849,9.13889463517943e-06,2.58179324664094e-05,"ENSMUSG00000102422"
1743.887502239,-0.376898606935371,0.0855631571388161,9.14134331081797e-06,2.58203689768341e-05,"ENSMUSG00000024993"
2687.56880454265,0.392883434434554,0.0893086426929157,9.15797881618658e-06,2.58583832037962e-05,"ENSMUSG00000037622"
8350.849818292,0.588269346478442,0.134713855191484,9.15658931477054e-06,2.58583832037962e-05,"ENSMUSG00000072966"
15.3466545719249,2.11908849495789,0.539883631665283,9.18391117082705e-06,2.59271082273192e-05,"ENSMUSG00000067006"
9546.97072086567,-0.656201475986683,0.151807142654601,9.22783388174656e-06,2.60465892018503e-05,"ENSMUSG00000042744"
42.5410502012749,2.2287386754406,0.581000992326421,9.27141450875953e-06,2.61650633449354e-05,"ENSMUSG00000055632"
210.993875046683,0.599608594812467,0.137707427255336,9.3060610429487e-06,2.6258287685408e-05,"ENSMUSG00000042510"
1091.60544882861,-0.461377162956961,0.105212964710487,9.37035222973909e-06,2.64351115417145e-05,"ENSMUSG00000057691"
1376.82618757139,-0.862088184547609,0.201889138143847,9.37515161631679e-06,2.64440682741994e-05,"ENSMUSG00000080316"
8065.56689828251,-0.50975671210764,0.117527122589005,9.38586200912371e-06,2.64696919238593e-05,"ENSMUSG00000017291"
36.7483729808055,1.26333108367808,0.304591405240757,9.44359296067841e-06,2.66278895225919e-05,"ENSMUSG00000023873"
7418.39905513527,-0.276340364760505,0.0612335374245256,9.45690103491151e-06,2.66607958168149e-05,"ENSMUSG00000056342"
1725.7815729416,-0.462908396048144,0.105637990021072,9.49106063946732e-06,2.67524649505193e-05,"ENSMUSG00000041203"
2282.73654946904,-0.465624006144685,0.106371939635299,9.65927004679207e-06,2.72218832793769e-05,"ENSMUSG00000037692"
540.114053628397,0.488855661419572,0.111789986807663,9.6671839503031e-06,2.72347560302932e-05,"ENSMUSG00000030720"
7565.32032155214,-0.446995398284834,0.102030633634888,9.66623712718381e-06,2.72347560302932e-05,"ENSMUSG00000038738"
1290.10327189833,-0.401531144682877,0.0914911269050474,9.73623764224016e-06,2.74245503271129e-05,"ENSMUSG00000020607"
11.0104959235224,-2.90805784377411,0.745330903445979,9.7477136695371e-06,2.74521251060078e-05,"ENSMUSG00000039783"
399.350991018649,-0.839858468468622,0.196876219449533,9.82806866578352e-06,2.76736380801979e-05,"ENSMUSG00000001128"
5212.0655423752,-0.382094136725908,0.0871521513457059,9.84911055607551e-06,2.77280909083011e-05,"ENSMUSG00000042079"
1971.99234092782,-0.614100446674063,0.14146939203504,9.8612296449168e-06,2.77574089849482e-05,"ENSMUSG00000009112"
3575.51698651681,0.338507600995688,0.0771104262009555,9.88155837303485e-06,2.78098214378045e-05,"ENSMUSG00000031078"
2598.61414830602,-0.457304794275073,0.104581387020487,9.93531578870184e-06,2.79562783765754e-05,"ENSMUSG00000022799"
171.742217078907,-0.981583658094819,0.232793050674226,1.00080511953342e-05,2.81560762802713e-05,"ENSMUSG00000062101"
26.9681546419823,1.63587258155075,0.407070840313382,1.00244180661747e-05,2.81972485365806e-05,"ENSMUSG00000034923"
41.8864090103161,1.51053966039085,0.373835179584515,1.00359100174768e-05,2.8224696486608e-05,"ENSMUSG00000063458"
18.1276965016549,2.1631901233637,0.54936271336248,1.00408659783766e-05,2.82337565030255e-05,"ENSMUSG00000048070"
1450.29715340676,0.370917181754398,0.0845103382209814,1.00751227102907e-05,2.83251895471696e-05,"ENSMUSG00000028049"
587.098259490593,0.481076598366001,0.110248894893437,1.01759575051086e-05,2.86037361885957e-05,"ENSMUSG00000033985"
30.8302260868034,1.44007519699957,0.352866168024146,1.01878841466253e-05,2.86323166676048e-05,"ENSMUSG00000029005"
5744.47211419276,0.321223209758757,0.0731070411006206,1.0218593802406e-05,2.87136664794691e-05,"ENSMUSG00000067242"
380.768922665545,0.477227169392042,0.109345144490566,1.02790279210435e-05,2.88784978423794e-05,"ENSMUSG00000035845"
543.836188765909,0.411723684454297,0.0941241295835057,1.03210600159702e-05,2.89915815254467e-05,"ENSMUSG00000016262"
1264.84276228158,0.333492022351607,0.0759335416067995,1.03378455014094e-05,2.90337213719708e-05,"ENSMUSG00000028048"
1215.85032144576,0.624623971306208,0.144400094405975,1.03491714818358e-05,2.90605163673148e-05,"ENSMUSG00000020037"
2971.79454395073,-0.474618526022011,0.108957126216317,1.03864032650699e-05,2.91579358253714e-05,"ENSMUSG00000000632"
851.637892235573,0.659603646682027,0.15282802565708,1.03877030877462e-05,2.91579358253714e-05,"ENSMUSG00000031375"
561.548306199224,0.49192978690359,0.112868075466067,1.03892387140407e-05,2.91579358253714e-05,"ENSMUSG00000057789"
9.26931934191111,4.09699568512622,1.01477962885988,1.041721522543e-05,2.92314134527753e-05,"ENSMUSG00000090796"
4924.00807517522,-0.677057544811744,0.15725442831064,1.04233536495204e-05,2.92435971573411e-05,"ENSMUSG00000042359"
1428.35539316924,-0.325594828367093,0.074245948026253,1.04543871544007e-05,2.93256098740883e-05,"ENSMUSG00000022779"
416.549350418112,0.641143214030933,0.148579699988717,1.0532469790635e-05,2.9539549147477e-05,"ENSMUSG00000062488"
1430.43409369068,0.454553797442399,0.10406722971123,1.05410994713588e-05,2.9558659292813e-05,"ENSMUSG00000028063"
480.787820135071,-0.635931998583491,0.14740107682636,1.06049155031207e-05,2.97324861453323e-05,"ENSMUSG00000032469"
554.173274106977,0.502724814666599,0.1155013524534,1.06266338811831e-05,2.97882463092645e-05,"ENSMUSG00000024875"
74.0792422606418,-1.1393898807929,0.274428560033962,1.06481814834843e-05,2.98435086412117e-05,"ENSMUSG00000093866"
562.748398246453,0.397285260318426,0.0908942636163775,1.06591031441421e-05,2.98689758960829e-05,"ENSMUSG00000038525"
144.118243963816,1.37273269803722,0.336705289799934,1.08685170241707e-05,3.0450554237427e-05,"ENSMUSG00000016496"
2546.08609269434,-0.507845242802257,0.116839818897371,1.09223653429091e-05,3.05961560922171e-05,"ENSMUSG00000039849"
1308.38939149929,-0.467838747984865,0.107553483018213,1.0949067468636e-05,3.06656779515582e-05,"ENSMUSG00000042185"
3698.46862123211,-0.385507743543922,0.0885484639199721,1.10506244527479e-05,3.09447900983709e-05,"ENSMUSG00000021302"
615.815431641785,-0.852296065294824,0.201156147639009,1.10643113044794e-05,3.09777879969582e-05,"ENSMUSG00000034320"
365.005525440631,0.529686386202684,0.122136124369324,1.10716155243786e-05,3.09915992097523e-05,"ENSMUSG00000014633"
2103.09046808514,-0.358013555599256,0.08196982741175,1.10730520336601e-05,3.09915992097523e-05,"ENSMUSG00000027465"
475.227450394461,-0.655353326941067,0.152337117717863,1.10777382446568e-05,3.09993851034079e-05,"ENSMUSG00000067199"
1718.68405930412,0.448011451748229,0.102927557655022,1.11369845196906e-05,3.11598202151122e-05,"ENSMUSG00000024269"
2094.41538616334,-0.44080055232142,0.101053302068114,1.11419828833316e-05,3.11684477358434e-05,"ENSMUSG00000024442"
2060.12863729567,0.47464219029024,0.109210232293849,1.11526721419392e-05,3.11929891969908e-05,"ENSMUSG00000032481"
906.037793255072,-0.417288435630241,0.095858817389244,1.12760099736307e-05,3.15271196067951e-05,"ENSMUSG00000020561"
1083.48134562275,-0.505560577445777,0.116605946636898,1.12754034396093e-05,3.15271196067951e-05,"ENSMUSG00000028101"
46626.0715510297,-0.307116304139712,0.0702559669016281,1.13239357757947e-05,3.16556803294499e-05,"ENSMUSG00000025393"
75.0501100894704,3.869675361952,1.04750774849945,1.13267668391937e-05,3.16581577280897e-05,"ENSMUSG00000056569"
143.737878053182,-0.939483097132524,0.223503153081582,1.13287593220837e-05,3.16582908574899e-05,"ENSMUSG00000059555"
3321.66144278967,-0.330254980531669,0.0756553423693705,1.13371439610479e-05,3.1676283796419e-05,"ENSMUSG00000040390"
2989.42396179545,0.708306949725032,0.16551084020912,1.14822423206161e-05,3.20761868019544e-05,"ENSMUSG00000059361"
1121.19435229291,-0.460100738140653,0.106014124407325,1.14918226059378e-05,3.20974413828853e-05,"ENSMUSG00000066148"
1371.13193861487,0.420910306776148,0.0966758227127891,1.15039523787642e-05,3.21258083413148e-05,"ENSMUSG00000033068"
221.711669444694,-0.696837153766636,0.162886308739418,1.15442150222665e-05,3.22327156316389e-05,"ENSMUSG00000109179"
678.98157554806,-0.411819653476718,0.0947574571644935,1.1681226794652e-05,3.26096741147908e-05,"ENSMUSG00000029446"
21.6119148583576,-1.96927556357638,0.502786791291766,1.16933873655651e-05,3.26380246119116e-05,"ENSMUSG00000022144"
5400.48957681982,-0.558959259500108,0.129155714505674,1.17696419577164e-05,3.28452308910864e-05,"ENSMUSG00000021111"
8953.04616493727,-0.301368287863642,0.0690959167994735,1.18047530206814e-05,3.29375676500945e-05,"ENSMUSG00000025781"
116.125770268175,1.56116159686623,0.390434792813607,1.18224578414493e-05,3.29813142661716e-05,"ENSMUSG00000021803"
89.3777402119713,1.1356536405136,0.275541355202701,1.18692698566933e-05,3.31062328182407e-05,"ENSMUSG00000066537"
3361.6557417058,-0.305749374085846,0.0701683175857696,1.19554997478137e-05,3.33410356167401e-05,"ENSMUSG00000021264"
5165.68569550453,0.608327082257825,0.14150842228362,1.19695085699463e-05,3.33743851492954e-05,"ENSMUSG00000000631"
1018.25052230956,1.5479659870507,0.387284744504408,1.19874171513777e-05,3.34185950317052e-05,"ENSMUSG00000038112"
77.8174508827666,1.02349533653483,0.246836920580687,1.21102719186119e-05,3.3749530267277e-05,"ENSMUSG00000059022"
95.6560490276385,0.844791624668439,0.200302388279419,1.21088794678804e-05,3.3749530267277e-05,"ENSMUSG00000083674"
367.582743760005,-0.681848087142757,0.159642972209511,1.21629019309527e-05,3.38904001424253e-05,"ENSMUSG00000017550"
1334.30265856262,-0.382665180149557,0.0881993085321172,1.22677107817413e-05,3.41765867029239e-05,"ENSMUSG00000027651"
1910.56090319483,0.375276453524689,0.0863710111368045,1.2270053472214e-05,3.4177263932358e-05,"ENSMUSG00000032348"
1762.11924542665,-0.351036473260863,0.0806397853791441,1.23099989180725e-05,3.42826625129829e-05,"ENSMUSG00000030138"
320.070968073456,-0.649319745158253,0.151911993294252,1.23787405392383e-05,3.44682070642698e-05,"ENSMUSG00000027381"
11.1182244117713,2.55586706906073,0.656466467500238,1.2388666083258e-05,3.44899446730414e-05,"ENSMUSG00000113632"
6983.94923005724,-0.557787318413702,0.129478652281262,1.23924054058051e-05,3.44944554028208e-05,"ENSMUSG00000029861"
23.4455985445041,1.87029498183745,0.479715936070204,1.24664548432496e-05,3.46887097330627e-05,"ENSMUSG00000020679"
509.106229272,-0.404135094518372,0.0933206799483408,1.2465269700698e-05,3.46887097330627e-05,"ENSMUSG00000040124"
5233.88086307447,0.479577740328298,0.110996728960361,1.24917376962024e-05,3.47531201877939e-05,"ENSMUSG00000032504"
1606.11768849816,-0.381699597502045,0.0880230597701192,1.25071672630387e-05,3.47901005994094e-05,"ENSMUSG00000038759"
48.496186593432,-1.6231686636666,0.411917812663033,1.25532754131097e-05,3.49123897445071e-05,"ENSMUSG00000007888"
10612.6946647627,0.468060358092477,0.108285532602114,1.2566566940945e-05,3.49433851494195e-05,"ENSMUSG00000024423"
1567.55757312941,0.407430500485766,0.0938797687482585,1.25817504000962e-05,3.49796298911641e-05,"ENSMUSG00000020346"
35251.1441135737,0.475102783599076,0.109949743943354,1.26328676714272e-05,3.51157479432193e-05,"ENSMUSG00000020315"
113.291402587741,-1.14833978341999,0.280110057408878,1.26562618364337e-05,3.51747703898697e-05,"ENSMUSG00000039062"
2949.8618653507,-0.322269153327349,0.0742241946550218,1.27963294222273e-05,3.55579805966227e-05,"ENSMUSG00000032512"
292.888391883827,-0.87382031486591,0.208644533985882,1.28460953232847e-05,3.56901757420086e-05,"ENSMUSG00000010048"
423.387534359124,-0.451161963748708,0.104466597945874,1.2855371391861e-05,3.57098524772548e-05,"ENSMUSG00000059288"
92.659931578024,-1.07868063475514,0.261872675035988,1.28709130945477e-05,3.57469243052461e-05,"ENSMUSG00000006235"
787.065449359973,0.615393587263281,0.143833441773117,1.29855211627181e-05,3.60590777015908e-05,"ENSMUSG00000023826"
1200.5571370976,-0.500225147327549,0.116018009931127,1.30591493035989e-05,3.62573481773807e-05,"ENSMUSG00000006456"
284.862181891459,-0.655229303453224,0.153901918396106,1.30813626902102e-05,3.63128277406618e-05,"ENSMUSG00000027079"
43.4170789943878,1.41161313246995,0.352445947772883,1.31420167695838e-05,3.64749785124101e-05,"ENSMUSG00000025877"
4075.0051966527,-0.513160191487157,0.1191312217451,1.31565430226894e-05,3.65090704608487e-05,"ENSMUSG00000054823"
18.529777257363,-3.57489319593752,0.950073799737091,1.32359374457898e-05,3.67231276193226e-05,"ENSMUSG00000051367"
1068.93916280601,0.692391569858176,0.162983009570315,1.34056718106095e-05,3.71877174050956e-05,"ENSMUSG00000079470"
1474.44355791319,0.458007437875134,0.105975471226758,1.34262728574298e-05,3.72385192661856e-05,"ENSMUSG00000022994"
75.7987236262588,0.915178232578525,0.219220307792977,1.34823075582062e-05,3.73875642985487e-05,"ENSMUSG00000029851"
2520.30820547305,-0.356687562208414,0.0824881286870648,1.35095424498529e-05,3.7456707886e-05,"ENSMUSG00000040746"
95.7984126047654,0.788337703048606,0.187057318253029,1.36769997938127e-05,3.79145440469489e-05,"ENSMUSG00000041957"
122.888231320638,1.04635898346734,0.25414734630238,1.38009103166914e-05,3.82515270109148e-05,"ENSMUSG00000056215"
6761.16853680576,0.332652846962589,0.0769977682273595,1.38560919247588e-05,3.83979340059967e-05,"ENSMUSG00000041236"
690.391228873311,-0.474843885894937,0.110559171619132,1.39281009470186e-05,3.85846143895178e-05,"ENSMUSG00000034826"
1297.97445127745,0.784244483257493,0.186256322110218,1.39281972080603e-05,3.85846143895178e-05,"ENSMUSG00000040488"
769.393353282466,-0.390746781364145,0.0906195386180427,1.39549452817347e-05,3.86521353234774e-05,"ENSMUSG00000034349"
775.528293706107,-0.582003105705497,0.136455856042432,1.40221784886259e-05,3.88317491387977e-05,"ENSMUSG00000026999"
2105.93870362058,0.433144023856392,0.100601145933555,1.4064447688161e-05,3.89421805524552e-05,"ENSMUSG00000039611"
1001.09532272453,-0.340487873958609,0.0788670447912728,1.4132629087942e-05,3.91243088934559e-05,"ENSMUSG00000034430"
669.398792736421,-0.590196244123721,0.138545337410646,1.42532152588199e-05,3.94514262851675e-05,"ENSMUSG00000041930"
1606.36904696809,0.493022896534653,0.115195327448507,1.42956675075787e-05,3.95622025991783e-05,"ENSMUSG00000049090"
1307.0042966828,0.390156670927531,0.0905832832818458,1.43218368607018e-05,3.96278872035533e-05,"ENSMUSG00000035232"
2101.01641724274,-0.315222300617688,0.0730226059958785,1.43748931061642e-05,3.97679316760947e-05,"ENSMUSG00000021629"
49.6645107251507,2.04258014707306,0.5460711581284,1.44127061619337e-05,3.98657656591259e-05,"ENSMUSG00000114544"
507.159680233486,-1.06893547887041,0.260676234670333,1.44844811768708e-05,4.005748973787e-05,"ENSMUSG00000042644"
5322.3028231678,0.667712779400107,0.157558443576854,1.45930234605135e-05,4.03508129591028e-05,"ENSMUSG00000015829"
4081.38164882737,-0.508965587639734,0.118837411338363,1.46121781484429e-05,4.0396915064598e-05,"ENSMUSG00000039114"
835.16742470878,0.510195393518694,0.119213321436326,1.46667228268225e-05,4.05408242783184e-05,"ENSMUSG00000095139"
3657.1784072997,-0.317961029255735,0.073761821966824,1.47054975015612e-05,4.0641101584111e-05,"ENSMUSG00000047454"
2088.84535580887,-0.403971413285803,0.0940661853055054,1.47349309345849e-05,4.07155331443174e-05,"ENSMUSG00000002996"
108.742170845929,-0.954997848518732,0.230916163983638,1.47970400169659e-05,4.08802134073609e-05,"ENSMUSG00000024846"
1243.12582961731,0.325740005209487,0.0755897613898754,1.48233368424631e-05,4.09459150045162e-05,"ENSMUSG00000026078"
314.464241366348,-0.638592873088056,0.15057224469688,1.48722132105784e-05,4.10669867076837e-05,"ENSMUSG00000026072"
1900.32849207771,0.513866337227343,0.120210057363049,1.48716623542445e-05,4.10669867076837e-05,"ENSMUSG00000034171"
892.291311343513,-0.470443326957118,0.109925022704959,1.49834906124185e-05,4.13672422301473e-05,"ENSMUSG00000024236"
7141.71088463032,0.430762322000902,0.102700069520446,1.49957263946007e-05,4.13940027558606e-05,"ENSMUSG00000033352"
1529.0815964471,0.327303025847737,0.0759928499073536,1.50017264235273e-05,4.14035440356353e-05,"ENSMUSG00000021189"
660.425840764052,0.412868426801102,0.096186188883234,1.51596293688687e-05,4.18322506978208e-05,"ENSMUSG00000075419"
584.331477558197,-0.458858835703081,0.107247638747599,1.5199772432133e-05,4.19359145169934e-05,"ENSMUSG00000030393"
1306.13237412114,-0.338985579354025,0.0788321547892886,1.52505015341842e-05,4.20687449539823e-05,"ENSMUSG00000030245"
5340.98032030802,-0.354595428749317,0.0825164040257449,1.52795342009699e-05,4.2141690566484e-05,"ENSMUSG00000038807"
601.165816121728,-0.60082111804334,0.141625864244838,1.52941686249362e-05,4.21749071449621e-05,"ENSMUSG00000039578"
648.415506766378,0.470073264168978,0.109893128056465,1.52969363435888e-05,4.217539461398e-05,"ENSMUSG00000060477"
3483.14233200983,-0.482408963881375,0.112930086945428,1.53295237985329e-05,4.22580844017812e-05,"ENSMUSG00000021690"
10.1234299660788,2.68907668945076,0.700111072722174,1.53377023019131e-05,4.22734707196988e-05,"ENSMUSG00000055523"
385.974627873854,-0.571586884379447,0.13451991591893,1.53404342097439e-05,4.22738425708839e-05,"ENSMUSG00000018449"
71.9064851701316,1.03108515191596,0.251469676365835,1.53804065124784e-05,4.23768207870893e-05,"ENSMUSG00000027994"
2785.15859869594,0.343438190759025,0.0799149941289789,1.55431097540581e-05,4.28178609877404e-05,"ENSMUSG00000028969"
735.677250087768,0.554206443611813,0.130222624495403,1.55469868453164e-05,4.28212947323284e-05,"ENSMUSG00000062376"
1411.44892655731,-0.381040588556335,0.0888536048181389,1.55676887481936e-05,4.2871060301657e-05,"ENSMUSG00000004895"
33.4066020925932,2.51137743826181,0.667933706882801,1.55833806286214e-05,4.29070145251519e-05,"ENSMUSG00000042064"
3591.59219776607,-0.275762258924701,0.0641043901295092,1.56063326753115e-05,4.29629432248809e-05,"ENSMUSG00000028035"
218.263374092139,0.736954393237755,0.175656157166618,1.56494510187471e-05,4.30743597705723e-05,"ENSMUSG00000072663"
384.347633695417,0.761674901957573,0.181800704489321,1.58012605938921e-05,4.34848554433433e-05,"ENSMUSG00000034595"
63.3152265526602,0.975012994197407,0.236517364551495,1.58085347665669e-05,4.349752010314e-05,"ENSMUSG00000039539"
78.0133119836566,0.994960127578553,0.242655334083774,1.59273844405094e-05,4.38171309654576e-05,"ENSMUSG00000095730"
283.845613922281,0.538537585015854,0.126675075597832,1.5959613793512e-05,4.38983767034114e-05,"ENSMUSG00000045031"
8243.56408621322,0.657811095154845,0.15573657567799,1.59626875129752e-05,4.38994133022826e-05,"ENSMUSG00000022791"
1868.09092794577,-0.546092450470758,0.128625722743407,1.59776933075059e-05,4.39332587262805e-05,"ENSMUSG00000026020"
2125.03685623566,-0.494767053290466,0.116170567160713,1.60078571050301e-05,4.4008765065982e-05,"ENSMUSG00000027742"
1031.65215206598,0.44839356919291,0.104996038941056,1.60117551242277e-05,4.40120482796654e-05,"ENSMUSG00000011589"
796.557052884096,0.568662775518041,0.134001057081729,1.6016384992437e-05,4.40173417030034e-05,"ENSMUSG00000008540"
6004.80628332307,0.410447124117244,0.0958860352481777,1.60503292419249e-05,4.41031835584156e-05,"ENSMUSG00000071415"
40.4678816993378,1.5772270654437,0.401360278061148,1.61608919859264e-05,4.43858696940182e-05,"ENSMUSG00000006642"
185.410618679025,0.749045409800313,0.17894934145138,1.61613865140954e-05,4.43858696940182e-05,"ENSMUSG00000038569"
5344.20168730298,-0.297125993843733,0.069037375141394,1.61601368531097e-05,4.43858696940182e-05,"ENSMUSG00000066306"
2069.3709672753,0.285202054160216,0.0663423555383824,1.62175742631925e-05,4.45326710283817e-05,"ENSMUSG00000028015"
8.30893994776532,3.9133584447294,0.992560911377354,1.62234390375424e-05,4.45412617057033e-05,"ENSMUSG00000031230"
2178.15980015806,-0.431864620698954,0.100936294767978,1.63102520844397e-05,4.47720545414012e-05,"ENSMUSG00000052684"
188.713857373409,0.8921758007667,0.215719559733524,1.63385433022666e-05,4.48421527355076e-05,"ENSMUSG00000040189"
13272.0450804974,0.39327346616822,0.0918624444676677,1.63540935180869e-05,4.48772647146694e-05,"ENSMUSG00000007891"
15364.8854752375,-0.361426865954565,0.0844514766007654,1.63661027972856e-05,4.49026498119357e-05,"ENSMUSG00000026490"
3114.54046477107,0.450926459138948,0.104290858054612,1.65047706418336e-05,4.52754729537863e-05,"ENSMUSG00000054863"
117.025136096929,-1.19699742673164,0.297150018900129,1.65710247340207e-05,4.5434249725516e-05,"ENSMUSG00000024610"
3085.4518210272,0.295911233101499,0.0690061554317934,1.65688462706467e-05,4.5434249725516e-05,"ENSMUSG00000059316"
71.9743962331775,1.00416363761401,0.245036490435669,1.65667196747572e-05,4.5434249725516e-05,"ENSMUSG00000078945"
613.974183639715,-0.428476193751448,0.100435633505112,1.66370737740476e-05,4.56076603054812e-05,"ENSMUSG00000067148"
34.0162665851841,1.23877033156652,0.308005137611284,1.67918600454651e-05,4.60242293012429e-05,"ENSMUSG00000050926"
3699.25715810799,-0.508295066813076,0.119379784843526,1.68477785471408e-05,4.61697204024171e-05,"ENSMUSG00000032666"
1281.72990593482,-0.41321554765166,0.0969185540327932,1.68980431537503e-05,4.62996711760222e-05,"ENSMUSG00000053483"
19.2772813639354,2.05200806815681,0.539575141083418,1.69086908020983e-05,4.63210482794608e-05,"ENSMUSG00000048703"
387.583400412091,-0.655898349407011,0.156102750184425,1.69327653903652e-05,4.6379194855185e-05,"ENSMUSG00000071291"
708.411448805256,-0.469917062272105,0.110544936769987,1.69868794655284e-05,4.6519586800113e-05,"ENSMUSG00000014856"
144.881085655144,0.686566645648432,0.163720016855319,1.7008587922857e-05,4.6571201717118e-05,"ENSMUSG00000024505"
258.832988087263,-0.574899775917066,0.13603626767897,1.70854966908876e-05,4.67739177824198e-05,"ENSMUSG00000041949"
1361.35190747731,-0.344027377681117,0.08053756412111,1.72619999648691e-05,4.72491736048663e-05,"ENSMUSG00000057229"
8505.90328308055,-0.328457419669982,0.0769287744538621,1.73593270499797e-05,4.75075867047024e-05,"ENSMUSG00000009079"
5104.16703170795,-0.447862540502648,0.105703779335592,1.74120524615461e-05,4.76438712336608e-05,"ENSMUSG00000037989"
87.3902982157767,-1.03326192066713,0.254631646363351,1.75189467764821e-05,4.79283051474918e-05,"ENSMUSG00000020847"
2207.08055459682,-0.421914011717505,0.099055090066632,1.75425694842824e-05,4.79848674281883e-05,"ENSMUSG00000040667"
1843.56463266181,-0.463395109717319,0.10918117570023,1.75664661157114e-05,4.80421598507309e-05,"ENSMUSG00000063894"
109.32587741528,0.970215224180398,0.237485920555479,1.76091664364198e-05,4.81508502019221e-05,"ENSMUSG00000038011"
142.899549015601,-0.851017430018034,0.205922838200256,1.7656346032316e-05,4.82690354907425e-05,"ENSMUSG00000032845"
524.923095173329,0.519515030531346,0.122645561100209,1.76583183651168e-05,4.82690354907425e-05,"ENSMUSG00000047155"
2766.70435641467,-0.289137982959199,0.0676486224588097,1.76867143855382e-05,4.83385387454316e-05,"ENSMUSG00000030583"
1990.06520158648,-0.649962354705016,0.155017320727689,1.76900137108523e-05,4.83394398497991e-05,"ENSMUSG00000062519"
1238.43937135886,-0.455305544583132,0.107244410940054,1.77127968651207e-05,4.83935729054103e-05,"ENSMUSG00000055629"
3649.22663457962,-0.277444218181075,0.0660718719684368,1.77220356686801e-05,4.84106891449528e-05,"ENSMUSG00000017686"
20320.7787310001,0.395665528772676,0.0937500922550186,1.77251337154824e-05,4.84110279564802e-05,"ENSMUSG00000032549"
477.781319643433,0.711956405550723,0.170306217947338,1.77747775970534e-05,4.85384716867698e-05,"ENSMUSG00000033458"
2384.06284849357,0.323822238206466,0.0758434854921524,1.77940185515434e-05,4.85828638010773e-05,"ENSMUSG00000034064"
1896.95757984221,-0.343078544680547,0.0804794517605748,1.78867423205027e-05,4.88278369098011e-05,"ENSMUSG00000023147"
25.8536284387867,-3.06205142013474,0.831356478033239,1.79990798594355e-05,4.91262612260045e-05,"ENSMUSG00000034127"
2937.31905738441,-0.439835185511176,0.103628841320407,1.80447783751629e-05,4.92427330076951e-05,"ENSMUSG00000073557"
3336.7929395987,-0.434347788442148,0.102321768377913,1.80608653931992e-05,4.9278371919292e-05,"ENSMUSG00000039367"
697.732548044567,-0.779861693139866,0.188109108953753,1.81384251717065e-05,4.94816968233683e-05,"ENSMUSG00000043872"
7143.08743890094,0.472019991277975,0.111266316204465,1.81928992433609e-05,4.9621986240521e-05,"ENSMUSG00000055421"
1820.00560718702,-0.431450425711567,0.101713381906993,1.84032013952959e-05,5.01871858456402e-05,"ENSMUSG00000009905"
16.8557920237759,3.49330364117409,0.941454280065858,1.84355232819152e-05,5.02669092098854e-05,"ENSMUSG00000095318"
197.561032906442,0.585153484662248,0.139159442527965,1.84843193083494e-05,5.03905604842483e-05,"ENSMUSG00000020890"
82.6984912084113,0.868851886293793,0.210795042321065,1.84870639643649e-05,5.03905604842483e-05,"ENSMUSG00000024421"
611.767208225983,0.718784519267152,0.172457924986952,1.85363831778859e-05,5.05165319554039e-05,"ENSMUSG00000021876"
840.571947678047,-0.402007709192731,0.0946976498717694,1.85920068179457e-05,5.06596396020288e-05,"ENSMUSG00000031706"
1077.77162047759,-0.782257767260058,0.188852241483503,1.86091734848267e-05,5.06979290353152e-05,"ENSMUSG00000042817"
4158.8754621765,-0.525287272886567,0.124203312037534,1.8923386780989e-05,5.1545329655445e-05,"ENSMUSG00000038390"
549.918115955208,-0.59487177646333,0.141764165279685,1.89325690179368e-05,5.15617129787478e-05,"ENSMUSG00000092417"
1524.67859435118,-0.442789951085517,0.104618554434878,1.89370510412584e-05,5.15652922130486e-05,"ENSMUSG00000022241"
422.671103901823,0.595087525447836,0.141892463632391,1.90305226037582e-05,5.18111468379288e-05,"ENSMUSG00000092416"
1009.06523828896,0.413950362781689,0.0976942061891804,1.91820793145618e-05,5.22150312846883e-05,"ENSMUSG00000028411"
8859.63781732061,-0.331792976531441,0.0780733340811081,1.92166275588067e-05,5.23003282732412e-05,"ENSMUSG00000024403"
967.143545423279,-0.381224561600435,0.0898053043832042,1.92353822935791e-05,5.23426200225477e-05,"ENSMUSG00000038806"
152.423988652072,-0.730978677712034,0.176146425787865,1.92533647006852e-05,5.23827963559675e-05,"ENSMUSG00000019761"
137.417456131051,-0.665124303092696,0.159381086065897,1.92695390515639e-05,5.24180408892642e-05,"ENSMUSG00000028331"
2311.75549475408,0.785110698247338,0.18979220733255,1.93203868668892e-05,5.25475785161608e-05,"ENSMUSG00000018470"
127.940200415876,1.12666922853167,0.280718867993236,1.94256313915395e-05,5.2824996289923e-05,"ENSMUSG00000044250"
1965.70000550808,0.399054668686075,0.0942529550128861,1.94704937500892e-05,5.29381488665361e-05,"ENSMUSG00000003948"
4053.01688000604,-0.24903792810485,0.0585144952373418,1.95496120833925e-05,5.31443863549537e-05,"ENSMUSG00000019471"
124.211865328482,-0.95870311904576,0.236151864341907,1.96087609934226e-05,5.32962784189235e-05,"ENSMUSG00000050737"
1576.88219860253,-0.327270981303336,0.0771036781082878,1.97494237592665e-05,5.3660677675403e-05,"ENSMUSG00000031774"
2639.31759168475,-0.362341261637783,0.0855900961852842,1.97482818510865e-05,5.3660677675403e-05,"ENSMUSG00000041297"
422.417943359795,0.440251379591892,0.104214949188782,1.98745914802119e-05,5.39739459877835e-05,"ENSMUSG00000033554"
1020.85459919765,-0.680923321763005,0.163726691826124,1.98734898930428e-05,5.39739459877835e-05,"ENSMUSG00000039357"
557.97140860595,-0.723059758875715,0.174408021191228,1.98746671735332e-05,5.39739459877835e-05,"ENSMUSG00000055980"
1105.5688806443,-0.419778642417252,0.0992842554784953,1.99760337950322e-05,5.42401798357856e-05,"ENSMUSG00000078862"
574.757895307919,0.480785979300519,0.114039593948101,1.99839551601764e-05,5.4252638775409e-05,"ENSMUSG00000064036"
9.93803376113242,-2.53403034539344,0.672898391946337,2.01031656295381e-05,5.45671719389064e-05,"ENSMUSG00000036251"
465.17282966155,-0.507814040406094,0.120801783924011,2.02067826558296e-05,5.48392811056342e-05,"ENSMUSG00000097328"
24.4346416049071,2.60403288462353,0.721349480487036,2.0278749235603e-05,5.50254175791208e-05,"ENSMUSG00000042258"
1847.55644228373,0.41738005645495,0.0988096224068628,2.03007848815443e-05,5.50760293836297e-05,"ENSMUSG00000035151"
55.0210744742381,1.38041031153122,0.351764986266124,2.03089671335567e-05,5.50890463256183e-05,"ENSMUSG00000031101"
110.614660469376,0.829451198299332,0.201902791581394,2.03385437389586e-05,5.51600824696382e-05,"ENSMUSG00000031023"
3725.55640330693,-0.551497952693744,0.131602090661531,2.03813472106052e-05,5.5266961501621e-05,"ENSMUSG00000022533"
1303.25167165196,-0.361326117734596,0.0854047622585902,2.05114836941167e-05,5.56105815411112e-05,"ENSMUSG00000021811"
36.3595156097874,1.365690739886,0.347051339266881,2.05179042394397e-05,5.561872526388e-05,"ENSMUSG00000021384"
1126.93885740379,-0.43570011175473,0.103296026905796,2.05248492273106e-05,5.56282876660277e-05,"ENSMUSG00000045009"
568.101287048204,0.643736463796616,0.154471081260908,2.05611263039413e-05,5.57173321084662e-05,"ENSMUSG00000024785"
169.028657327741,1.0135345053514,0.251122493864997,2.06110937153983e-05,5.5843439330768e-05,"ENSMUSG00000029490"
8460.04002171285,-0.34845442476148,0.0821937480616098,2.07355837440055e-05,5.61713816250493e-05,"ENSMUSG00000027351"
124.432589396891,0.812558382801087,0.197992081761665,2.09769427860192e-05,5.68071739757992e-05,"ENSMUSG00000031847"
66.431917451034,1.27525866344625,0.322517095285515,2.09772651903507e-05,5.68071739757992e-05,"ENSMUSG00000039358"
103.244370463317,1.1664459669491,0.292805779160222,2.09826516070982e-05,5.6812309191674e-05,"ENSMUSG00000051439"
1724.92993398234,-0.419301746158066,0.0995092258616788,2.1005584614675e-05,5.68649436816365e-05,"ENSMUSG00000022280"
1348.51718421688,-0.493596204820435,0.117816510105682,2.10693154199848e-05,5.70279874304143e-05,"ENSMUSG00000048047"
1094.13834962102,0.555685401435162,0.132806877733205,2.1189665134685e-05,5.73442010078807e-05,"ENSMUSG00000026360"
730.825381976518,-0.53023087669694,0.126693145271243,2.13753131081766e-05,5.78369924825298e-05,"ENSMUSG00000014039"
6959.14921796073,-0.331422585060951,0.0784189921650417,2.13902922610937e-05,5.78679038434575e-05,"ENSMUSG00000018750"
172.966937301391,0.811192685107109,0.197965582674753,2.16629590848635e-05,5.85958205356277e-05,"ENSMUSG00000031887"
1162.12190560335,-0.314899446003383,0.0745785140562777,2.1898723954867e-05,5.92236963843372e-05,"ENSMUSG00000037957"
3977.77431666146,-0.300578675884556,0.0712371269883539,2.2069036653137e-05,5.9674381833848e-05,"ENSMUSG00000032228"
271.333099430852,0.920274297841344,0.227007521629341,2.20919566910932e-05,5.97264359770162e-05,"ENSMUSG00000042647"
17.5492019670456,-2.28026947354575,0.613747806810607,2.21548501859107e-05,5.98865246307297e-05,"ENSMUSG00000003477"
107.19372845187,-0.925820060349554,0.228642924595084,2.21623554752298e-05,5.98968657522482e-05,"ENSMUSG00000056899"
3491.17832094931,0.438134499584025,0.103900093543151,2.22582563454739e-05,6.01460652044529e-05,"ENSMUSG00000074746"
14.6010651074672,2.64491440474837,0.7158686541789,2.23652257888001e-05,6.04250863717989e-05,"ENSMUSG00000029491"
1990.49739629073,0.633312322244622,0.152514149446237,2.2435068013757e-05,6.06037233866473e-05,"ENSMUSG00000025889"
118.922739757882,0.863533569095365,0.21193309884226,2.24650972081299e-05,6.0674772250529e-05,"ENSMUSG00000047407"
443.690241733573,-0.799520964732318,0.19538666214369,2.25345991851825e-05,6.08523897704712e-05,"ENSMUSG00000083111"
52.5574625133492,1.57346092805332,0.409772326399231,2.26327934617019e-05,6.11074161502045e-05,"ENSMUSG00000093985"
6474.34080245562,0.533003505590271,0.127639508429621,2.2647888682925e-05,6.11380318375875e-05,"ENSMUSG00000028645"
214.365345431474,1.30200804834806,0.332554129134372,2.28663031196613e-05,6.17174070936573e-05,"ENSMUSG00000043687"
5070.20328196483,-0.338275744068384,0.0803622110590365,2.2995983909351e-05,6.2057132970228e-05,"ENSMUSG00000021748"
253.493414484223,0.712023209089177,0.172746207664806,2.30414903119374e-05,6.21696302499118e-05,"ENSMUSG00000044786"
3810.96262727456,-0.448897028013747,0.107434034725985,2.30696973715295e-05,6.22354215800062e-05,"ENSMUSG00000031197"
4936.48849092818,0.433799873434816,0.103488554942571,2.3185830390382e-05,6.25383508027568e-05,"ENSMUSG00000018171"
338.309305429383,0.761270404301143,0.185506986012657,2.33166205483661e-05,6.2880707303894e-05,"ENSMUSG00000035105"
214.401623232927,0.698858140489234,0.169646547031571,2.33972373448809e-05,6.30876643200216e-05,"ENSMUSG00000022574"
94.6241425083758,0.76190156240688,0.185777518375998,2.34177196996908e-05,6.3132434791581e-05,"ENSMUSG00000044364"
2051.05410118104,-0.6972677592646,0.169330350847207,2.34773811629611e-05,6.32827969151649e-05,"ENSMUSG00000097392"
9.05250892353993,-3.16092060592946,0.850670636740693,2.35576669047335e-05,6.34886923634524e-05,"ENSMUSG00000108398"
3262.98852102866,-0.606479847921552,0.144503317969508,2.356738871712e-05,6.34938685099768e-05,"ENSMUSG00000042508"
87.848996144221,3.09909703243607,0.873948536608301,2.35663622694044e-05,6.34938685099768e-05,"ENSMUSG00000090667"
94.0412448676438,-0.959757148342271,0.238619050680348,2.36865423903715e-05,6.38043251746595e-05,"ENSMUSG00000071112"
664.24524330241,0.368802447374851,0.0878580265307915,2.38629342626044e-05,6.42688358581526e-05,"ENSMUSG00000045594"
11569.7946733431,0.494762800534243,0.119415675556732,2.39413782118568e-05,6.44694383015062e-05,"ENSMUSG00000051853"
302.893183685505,0.650649623422015,0.15760489151581,2.39522705295276e-05,6.44881011709642e-05,"ENSMUSG00000034687"
12.0998237224104,-2.83127217703347,0.787845188477069,2.3965377928155e-05,6.45127206738063e-05,"ENSMUSG00000026237"
3338.4698270318,0.300506136917249,0.0714505957973945,2.40150694766378e-05,6.46357971132126e-05,"ENSMUSG00000026965"
378.630356639397,0.639688267749847,0.154919890099515,2.40344205503068e-05,6.46771859345171e-05,"ENSMUSG00000020205"
515.357584525232,0.775773447434724,0.189806812252423,2.41349510791391e-05,6.49369807712771e-05,"ENSMUSG00000051855"
504.136355406045,-0.676736016139537,0.164490217333971,2.4176627438523e-05,6.50383641454764e-05,"ENSMUSG00000021951"
3485.3273697476,-0.265913637146075,0.063238651166488,2.43718808660403e-05,6.55433547781508e-05,"ENSMUSG00000014349"
2944.37745973245,-0.325762006613403,0.0776697059581023,2.43723999552861e-05,6.55433547781508e-05,"ENSMUSG00000032560"
1571.33758233791,-0.374986642293068,0.0895221580467291,2.43950148552956e-05,6.55933352848532e-05,"ENSMUSG00000028455"
10569.0049118933,0.318899408853005,0.0759582911456166,2.44953273918169e-05,6.58521782467375e-05,"ENSMUSG00000028849"
322.783862889029,0.526299870751651,0.126507382315347,2.45294488807219e-05,6.59330199604344e-05,"ENSMUSG00000060260"
322.595917178809,-0.731908636836453,0.178902490240792,2.45336564922759e-05,6.59334423611139e-05,"ENSMUSG00000022550"
1464.92176307591,-0.307773240323703,0.0733176800057513,2.45566660747646e-05,6.59843859962065e-05,"ENSMUSG00000030965"
429.186005763507,0.455273889332266,0.109118049149284,2.45983082048439e-05,6.60853706813747e-05,"ENSMUSG00000036641"
3245.14441909723,0.359117804883115,0.0855987885610385,2.46279338798374e-05,6.61540441742563e-05,"ENSMUSG00000021772"
955.114601306514,-0.359765188292835,0.0858880982867238,2.46383447580106e-05,6.61710899143535e-05,"ENSMUSG00000049755"
339.048596858255,0.668946201755116,0.162543968075367,2.46719839864913e-05,6.62505040138741e-05,"ENSMUSG00000020630"
656.536624261011,-0.452183697199712,0.108447091712386,2.47435295699859e-05,6.64316632591508e-05,"ENSMUSG00000020492"
784.78755641636,0.453915546908348,0.108752595412158,2.47745901872857e-05,6.65040862580204e-05,"ENSMUSG00000026556"
1196.67497171862,-0.509343507519337,0.122535190900346,2.47960814648355e-05,6.65508019925132e-05,"ENSMUSG00000048355"
13.9246060393862,-2.14857438352708,0.575283948412258,2.4977701645702e-05,6.70272053064189e-05,"ENSMUSG00000026100"
42.3637360300062,-1.2647651154513,0.32332293287064,2.51532150964894e-05,6.74870669755489e-05,"ENSMUSG00000020447"
11009.5913506666,-0.386407171960693,0.0924774293478642,2.53840782363034e-05,6.80952579977829e-05,"ENSMUSG00000043940"
773.545628841408,0.527892646553955,0.127210994507326,2.53990278126021e-05,6.81241349041913e-05,"ENSMUSG00000054770"
2402.99987426067,-0.495080374160404,0.117995008217357,2.55757266031976e-05,6.85867673223807e-05,"ENSMUSG00000020130"
47.3554350232049,1.25953924619119,0.322844604101053,2.5657938974929e-05,6.8795903579953e-05,"ENSMUSG00000058159"
45.9299858712634,1.2572482318127,0.321900111176035,2.57146682707406e-05,6.89366551566397e-05,"ENSMUSG00000013707"
3118.16972209293,0.278784751930219,0.0664955465173819,2.57529216402678e-05,6.90278377178131e-05,"ENSMUSG00000021518"
2107.17668491728,-0.2709042169602,0.0647282591960111,2.57644737422247e-05,6.9047432264724e-05,"ENSMUSG00000045078"
1108.11461695944,0.393886847182115,0.0943832783050756,2.60354785082118e-05,6.97622253755838e-05,"ENSMUSG00000002365"
1190.3239180378,0.473906840192302,0.114035475690001,2.60985942248498e-05,6.99198348900765e-05,"ENSMUSG00000032006"
864.17911546404,-0.388767640142178,0.0932756139773888,2.62236423647901e-05,7.0243286229069e-05,"ENSMUSG00000015672"
273.298042784072,-0.474702239275065,0.114373508883834,2.6274307751864e-05,7.0367420464765e-05,"ENSMUSG00000037315"
19.760854714779,2.09110993901918,0.566761811941783,2.62932297658896e-05,7.04065132635551e-05,"ENSMUSG00000031779"
1686.88599204653,-0.390529277873576,0.093434870995407,2.64736405751944e-05,7.08779475794431e-05,"ENSMUSG00000041702"
2135.63591594163,-0.728258080085655,0.178657235923976,2.66150103880978e-05,7.12447194700636e-05,"ENSMUSG00000049658"
16.3713838264482,1.93991149078676,0.518501251308349,2.66273816025993e-05,7.12661160353685e-05,"ENSMUSG00000028784"
369.942076477686,-0.707012979751368,0.173118287437007,2.66409836712627e-05,7.12907993096851e-05,"ENSMUSG00000020937"
25730.5176113514,-0.370406049621812,0.0886970264196765,2.66656217945641e-05,7.13450019020241e-05,"ENSMUSG00000020321"
3322.44619932978,0.322559296632646,0.0773061595142308,2.6707867049949e-05,7.14462875659934e-05,"ENSMUSG00000030824"
508.933893256561,-0.384786288338534,0.0923455405040559,2.67271785992751e-05,7.14862000064083e-05,"ENSMUSG00000036376"
233.623628379659,-0.548348951511169,0.132754985332639,2.67600138596685e-05,7.15622647622283e-05,"ENSMUSG00000023336"
2603.23073509605,0.502719958324589,0.121400568935544,2.71381575972761e-05,7.2559902069455e-05,"ENSMUSG00000026657"
4377.52155147774,0.423889645700508,0.101927917278324,2.71423111353799e-05,7.2559902069455e-05,"ENSMUSG00000031451"
24.9577958636766,1.54830225671713,0.407670211953235,2.71464432733125e-05,7.2559902069455e-05,"ENSMUSG00000033544"
458.375723552323,0.603464475324579,0.146696121771835,2.71668963846799e-05,7.26026497044523e-05,"ENSMUSG00000027378"
1395.26225263992,0.543928929469898,0.131676355719606,2.72643323966126e-05,7.28510838397996e-05,"ENSMUSG00000045284"
5676.47720102813,-0.378861908856372,0.0910342039772374,2.73436459464188e-05,7.30510206328254e-05,"ENSMUSG00000037400"
856.223915890183,-0.411267340433733,0.0989933711155908,2.73702161154951e-05,7.31100062238314e-05,"ENSMUSG00000030986"
2221.32096148004,0.329626996640502,0.0790214939110835,2.74635975370743e-05,7.33474061867918e-05,"ENSMUSG00000018999"
75.0542884772944,1.51855575605813,0.40053389388725,2.76024485172364e-05,7.3706144515022e-05,"ENSMUSG00000031004"
267.701858915714,0.591738472188337,0.143835557716305,2.77380807747257e-05,7.40561716993578e-05,"ENSMUSG00000029545"
1621.42516984738,-0.354538783683047,0.0850527667662378,2.77861774132166e-05,7.41724165189145e-05,"ENSMUSG00000037070"
14.8621385004396,2.07069174228477,0.558664186944007,2.78033108237693e-05,7.42059835365333e-05,"ENSMUSG00000078796"
11.7244585487958,-2.39276825292293,0.656394190587381,2.78389294850407e-05,7.42888678946708e-05,"ENSMUSG00000074619"
1422.45683250571,-0.521416625931191,0.12629518360222,2.78562489897907e-05,7.43229013367994e-05,"ENSMUSG00000029920"
627.641042756513,-0.585889173699451,0.142591626865068,2.79336732636211e-05,7.45172621083619e-05,"ENSMUSG00000031628"
14.9338820286147,2.01098194473767,0.543427189981545,2.80597825140804e-05,7.48414123814845e-05,"ENSMUSG00000010651"
93.7680890914016,-0.875673354450503,0.218098861239387,2.81678376318876e-05,7.51173101198995e-05,"ENSMUSG00000054659"
1430.01061314819,0.384926665114226,0.0926086095104459,2.81954913627177e-05,7.51787401150399e-05,"ENSMUSG00000033819"
23.9713950907754,1.54970722058491,0.407256029577431,2.82035876969542e-05,7.51880118786473e-05,"ENSMUSG00000073802"
2125.33329146648,0.477012679925195,0.115264815084118,2.82416864602198e-05,7.52772510560762e-05,"ENSMUSG00000041817"
273.974241588581,0.622040806961062,0.151962225146734,2.8568286861672e-05,7.61353263808608e-05,"ENSMUSG00000040723"
4253.67635984849,0.270156116865159,0.0647563086803364,2.85731068579826e-05,7.61357068970766e-05,"ENSMUSG00000041530"
485.761791503573,0.498428660232829,0.120690922335234,2.87658810775676e-05,7.66368268708093e-05,"ENSMUSG00000081137"
1434.0143576578,-0.334656454535461,0.0805427538733855,2.88520512772504e-05,7.6853819455258e-05,"ENSMUSG00000017664"
7766.43154153434,0.34336951598747,0.0826960365653835,2.89119995064663e-05,7.70009044447411e-05,"ENSMUSG00000060279"
2973.96963803591,-0.518148966805525,0.12476201886553,2.90207434949361e-05,7.72778770833585e-05,"ENSMUSG00000026643"
176.673558511492,0.789761095007475,0.195566029398048,2.90520583483274e-05,7.73486106957923e-05,"ENSMUSG00000019080"
3208.30872315985,-0.286888957481476,0.0689477185027092,2.91299068854474e-05,7.75431928505825e-05,"ENSMUSG00000032612"
737.343865166251,-0.627066618467474,0.153383945481398,2.91587829063971e-05,7.76073688931216e-05,"ENSMUSG00000095199"
1644.71080182934,-0.388472228009139,0.0938090115436156,2.92527951425478e-05,7.7844858481346e-05,"ENSMUSG00000063888"
1460.44517120422,0.350712381267988,0.0844233645977967,2.92757702532936e-05,7.78932638416335e-05,"ENSMUSG00000031409"
4966.44032671601,-0.507806633248702,0.123609141856275,2.92888815060056e-05,7.79154131646933e-05,"ENSMUSG00000029238"
1071.30469557945,-0.551056131891354,0.13414616798058,2.93722747987663e-05,7.812449169515e-05,"ENSMUSG00000038685"
897.121495382034,-0.487851138731127,0.118367568054994,2.94074571105854e-05,7.81925166360844e-05,"ENSMUSG00000001034"
3896.10468092213,-0.401849767737428,0.0971198092982525,2.94062285190876e-05,7.81925166360844e-05,"ENSMUSG00000047213"
425.896561289483,0.488638869791617,0.118454108764764,2.94874998755321e-05,7.8392540090464e-05,"ENSMUSG00000069911"
200.54747030618,1.18541504697272,0.304803629133501,2.95753453063824e-05,7.86132382262072e-05,"ENSMUSG00000052942"
1015.17146417737,-0.400698501989052,0.0968049652326843,2.96113138645912e-05,7.86959946265822e-05,"ENSMUSG00000021510"
1337.16121127276,0.414497775680431,0.100134677537428,2.96663447988678e-05,7.88293765321531e-05,"ENSMUSG00000069020"
32.0699702563772,1.47433146436663,0.388022772088646,2.97346496258534e-05,7.89979805140595e-05,"ENSMUSG00000070942"
847.899589728227,-0.720956447187737,0.178007258273816,2.99679973363828e-05,7.96049380942622e-05,"ENSMUSG00000039841"
5562.2453575981,-0.322303369570155,0.0776754613739579,2.99839687864615e-05,7.96343683971318e-05,"ENSMUSG00000027180"
215.433783150277,-0.65107463977599,0.160026418074461,3.01359496604842e-05,8.00249573529139e-05,"ENSMUSG00000058331"
51.8003760434974,1.19971860812726,0.309642068783648,3.02329416064083e-05,8.02563312898098e-05,"ENSMUSG00000028487"
2004.93055546697,0.405020094867402,0.097898450576353,3.0231069359147e-05,8.02563312898098e-05,"ENSMUSG00000034424"
363.202604891497,-0.466081277317354,0.113113197183872,3.03955828721396e-05,8.06749222228418e-05,"ENSMUSG00000036975"
1285.89557270422,0.377454951969232,0.0911829873871123,3.04109221408136e-05,8.07024764604114e-05,"ENSMUSG00000014504"
636.017714361043,-0.441232961662568,0.106987929568292,3.04159423294474e-05,8.0702642092705e-05,"ENSMUSG00000031399"
5248.73893791117,0.368089183394714,0.0889345154507439,3.04227383521813e-05,8.07075187250339e-05,"ENSMUSG00000022043"
7292.76921680229,-0.268717471155273,0.0647086193484055,3.0494432028588e-05,8.08845306438579e-05,"ENSMUSG00000025968"
14666.5986557575,0.695942863985592,0.171405309567447,3.05031919221088e-05,8.08945842470003e-05,"ENSMUSG00000028399"
515.861137935395,-0.631648726694237,0.15499312306221,3.05247937493519e-05,8.09386858856411e-05,"ENSMUSG00000040699"
4959.71696855345,-0.316130544499684,0.0762478124645739,3.05313087443131e-05,8.09427758534086e-05,"ENSMUSG00000015094"
768.945198298835,-0.592424190312335,0.144942214963698,3.06226493628319e-05,8.11717124781269e-05,"ENSMUSG00000040675"
7644.31826870872,-0.276979066014426,0.0667663606837401,3.08548338045078e-05,8.17738496694526e-05,"ENSMUSG00000037373"
6504.73377579958,-0.357252030023112,0.0863362397795636,3.08613896140967e-05,8.17779098385588e-05,"ENSMUSG00000035247"
44.6664156892984,1.23566615589158,0.319374352258225,3.08899591470994e-05,8.18402921543756e-05,"ENSMUSG00000037731"
686.067546350024,0.359995608416316,0.0869502795722025,3.09500668673882e-05,8.19861982859798e-05,"ENSMUSG00000039059"
2256.79875626437,0.483056317630086,0.117222817982031,3.09921533890997e-05,8.20843268577553e-05,"ENSMUSG00000054752"
2116.62807614734,0.517812540769817,0.126185614918035,3.11992098750483e-05,8.26192839346082e-05,"ENSMUSG00000029780"
3050.22933706865,-0.434834960824463,0.105497987877069,3.12359210083826e-05,8.27030452463324e-05,"ENSMUSG00000068663"
874.771593304328,0.378915760383948,0.0917185979064797,3.16925348654886e-05,8.38983708798868e-05,"ENSMUSG00000026520"
9.13052748518294,-3.11685896840592,0.861279962278437,3.2032595109056e-05,8.47848102740185e-05,"ENSMUSG00000003051"
102.158361615102,1.66143811035745,0.448778690385669,3.21726654659249e-05,8.51417084139695e-05,"ENSMUSG00000033220"
540.647316617646,0.648793041292641,0.159773187340264,3.23125173937708e-05,8.54979125708389e-05,"ENSMUSG00000031557"
35.9562589373331,1.70458564494883,0.462578366910819,3.24214104565386e-05,8.57720980678588e-05,"ENSMUSG00000029414"
290.688698011121,0.58519593556515,0.143584697389966,3.24395795528988e-05,8.58062196883469e-05,"ENSMUSG00000023143"
34390.2895077972,-0.313720618575425,0.0759509696545329,3.24654329328254e-05,8.5860652685708e-05,"ENSMUSG00000025428"
929.928433861871,-0.455661687480616,0.110965359026096,3.25971243083916e-05,8.61949300669262e-05,"ENSMUSG00000035382"
144.657786463201,0.865220064730385,0.217319075838821,3.26664197332715e-05,8.63641351986672e-05,"ENSMUSG00000017453"
12983.0505152773,0.41048671722365,0.10094150248587,3.27617985755834e-05,8.66022340391924e-05,"ENSMUSG00000015837"
2817.24655678732,-0.248257460739862,0.0599755221696356,3.28303243519601e-05,8.67692839423944e-05,"ENSMUSG00000025417"
3933.131188205,-0.416740699096112,0.101368065084252,3.30182356245649e-05,8.725175965855e-05,"ENSMUSG00000026275"
77.7530167782429,0.945759575625592,0.239022117779882,3.30887919027246e-05,8.74240147041958e-05,"ENSMUSG00000040552"
33.3546936853066,1.55806757830802,0.415825392270023,3.30957796456607e-05,8.74282864446714e-05,"ENSMUSG00000021791"
179.729838261817,-0.756383567363453,0.188623011680742,3.31712845616901e-05,8.7613527518285e-05,"ENSMUSG00000042854"
718.626538192371,-0.434150562097775,0.105753482282994,3.33225921661012e-05,8.79988895651841e-05,"ENSMUSG00000023170"
250.846577079973,-0.703663166710499,0.17464973855435,3.33956436374427e-05,8.81774999400312e-05,"ENSMUSG00000051486"
50.2742645846357,1.23131602629971,0.32090894131411,3.34834121143777e-05,8.83805711687757e-05,"ENSMUSG00000000958"
1155.98347250567,0.326424072502577,0.0791274568758467,3.34811144106456e-05,8.83805711687757e-05,"ENSMUSG00000028030"
22.8713641905046,-2.09066872729775,0.588013759421876,3.35110820947957e-05,8.84392662676856e-05,"ENSMUSG00000059434"
11254.9809773255,0.211156307669896,0.0510047022915538,3.35577741605113e-05,8.85481354814074e-05,"ENSMUSG00000029106"
1131.23074906815,0.464006147860772,0.113220874587047,3.37016262389476e-05,8.89133017694634e-05,"ENSMUSG00000034867"
900.986270107073,0.447184918959022,0.109089147816158,3.38338223300027e-05,8.92476032876007e-05,"ENSMUSG00000052331"
367.233317147146,-0.646152814588486,0.159692022014714,3.39074408885914e-05,8.94128175578309e-05,"ENSMUSG00000043313"
42.9761400479219,-1.78207018760518,0.49210302749046,3.39072701943516e-05,8.94128175578309e-05,"ENSMUSG00000052273"
327.76431350766,0.508433567770184,0.124355014181133,3.39736339751664e-05,8.95728561463815e-05,"ENSMUSG00000039842"
708.348326524559,0.352730455401495,0.085650152212729,3.40047326445346e-05,8.96403300384995e-05,"ENSMUSG00000038593"
195.123964075152,0.654473025060547,0.161866525965886,3.40878281395325e-05,8.98448294131008e-05,"ENSMUSG00000031616"
1295.41679647892,0.365684557264181,0.0888470452318888,3.41687970686354e-05,9.0043658520843e-05,"ENSMUSG00000047989"
2987.06591909575,0.312470602053998,0.0757731370084245,3.41937960810337e-05,9.00949518625878e-05,"ENSMUSG00000048264"
339.647479797498,0.637908359928725,0.157690019014565,3.42479328003593e-05,9.02229891769298e-05,"ENSMUSG00000022701"
408.19485574828,0.578933636300524,0.142365721382958,3.43788405799355e-05,9.05531985372476e-05,"ENSMUSG00000014329"
306.362250522494,-0.580782527253703,0.143034998104488,3.44653438556194e-05,9.07663593725568e-05,"ENSMUSG00000027329"
898.179112459615,0.674549596672177,0.167133592929241,3.47681743343912e-05,9.1549068556328e-05,"ENSMUSG00000035615"
12026.5689429285,-0.387908756188645,0.0944041344816128,3.4810065707226e-05,9.16384530090601e-05,"ENSMUSG00000013033"
5278.23174647918,-0.445294242537923,0.108769166089638,3.48133796171537e-05,9.16384530090601e-05,"ENSMUSG00000056050"
106.899288520017,0.700906540752824,0.1741029956617,3.51006424216498e-05,9.23796697396306e-05,"ENSMUSG00000066721"
301.362049737856,-1.96945769455421,0.546356535321884,3.51206228520567e-05,9.24173130917845e-05,"ENSMUSG00000037206"
194.84248417359,-0.64244835275587,0.159190946876369,3.51496889691294e-05,9.24788487214301e-05,"ENSMUSG00000026946"
5194.79694047081,0.313471794811276,0.0761476217804683,3.52304657408814e-05,9.26763932336891e-05,"ENSMUSG00000037331"
1509.58363031878,-0.275366067315045,0.0668619711401203,3.53282018896858e-05,9.29184796187276e-05,"ENSMUSG00000021608"
974.638442212572,-0.3703104282307,0.0903005731681193,3.5508303374133e-05,9.33770859974373e-05,"ENSMUSG00000024613"
15.6414567516271,2.15422266162674,0.593182528651519,3.55631718270397e-05,9.35062689388713e-05,"ENSMUSG00000049409"
7075.05983303717,-0.409041720083016,0.100027298394173,3.55706635823892e-05,9.35108626928506e-05,"ENSMUSG00000035885"
26.8762353318271,1.62930167786758,0.43831661605366,3.55891721713355e-05,9.35444121758437e-05,"ENSMUSG00000029431"
420.277167333184,-0.43855588143823,0.10727470266722,3.57094346034366e-05,9.38453626856216e-05,"ENSMUSG00000001524"
230.796636055851,0.646364052096637,0.160156445439697,3.57560958284874e-05,9.39528212907372e-05,"ENSMUSG00000049420"
7.7986498153447,3.76811475373509,1.01971351156354,3.57687433638171e-05,9.39708851640113e-05,"ENSMUSG00000045053"
1756.28278787025,0.485844835293795,0.119069938429598,3.57920743588751e-05,9.40170060374002e-05,"ENSMUSG00000040365"
8010.9559953148,-0.411927463012448,0.100644842613192,3.60652230761579e-05,9.47192160751368e-05,"ENSMUSG00000055436"
54.8667477611797,1.45237124131772,0.387089264701703,3.61000861572018e-05,9.47954835403986e-05,"ENSMUSG00000040298"
2519.50803734272,-0.34276862171283,0.0835397111288745,3.62597568420032e-05,9.51994067538915e-05,"ENSMUSG00000048429"
16.2713156286778,-2.05385674364633,0.568085674388553,3.63763907851636e-05,9.54902256411696e-05,"ENSMUSG00000021950"
2309.94598174929,0.323656591233526,0.0788241756722876,3.64077977196725e-05,9.55572607676281e-05,"ENSMUSG00000042901"
345.784584948224,0.531279386991977,0.130749562900043,3.64190985557386e-05,9.55715115734827e-05,"ENSMUSG00000056598"
474.258359502468,-0.399320556418049,0.0975774630674998,3.6464790635989e-05,9.56759932257622e-05,"ENSMUSG00000067367"
154.27781808428,0.660871773705729,0.164022442274243,3.66080994025696e-05,9.6036525717168e-05,"ENSMUSG00000028133"
1836.85143739914,-0.315048279541517,0.0767472639744104,3.66671618650895e-05,9.61759685530014e-05,"ENSMUSG00000037343"
4711.54809866934,-0.310896610404416,0.0757451633475775,3.67342321995198e-05,9.63363672859325e-05,"ENSMUSG00000022551"
38.9744774674145,1.62435293652203,0.438696714575421,3.72046781642622e-05,9.75544057921811e-05,"ENSMUSG00000092021"
1019.16803736895,0.476373787945723,0.116972545397794,3.72376176668409e-05,9.76250507941433e-05,"ENSMUSG00000071497"
7.24776891276141,3.65517369161017,0.985811313485658,3.73497106710105e-05,9.79031546381174e-05,"ENSMUSG00000020583"
2912.59743637202,-0.339536884982557,0.0828913258466236,3.75619591881954e-05,9.84436599042737e-05,"ENSMUSG00000006673"
273.488554457356,-0.711982958403583,0.17799397018744,3.78897924808725e-05,9.92868708956283e-05,"ENSMUSG00000024014"
12486.7340174858,0.468749261889881,0.114251668186662,3.7904478118311e-05,9.93093666199688e-05,"ENSMUSG00000032518"
23.8516953107937,1.52927660677844,0.411084803725413,3.80480441269182e-05,9.9669466092368e-05,"ENSMUSG00000029859"
4693.20604016765,0.800972966530449,0.201636528263215,3.81069159837313e-05,9.98076232314044e-05,"ENSMUSG00000006522"
2839.75090353217,0.298532389961726,0.0728089861509529,3.81327786083064e-05,9.98592937879683e-05,"ENSMUSG00000040430"
378.781771797583,-0.557243835792567,0.137866973613149,3.82403202840495e-05,0.00010012480836155,"ENSMUSG00000040594"
7.16309170993673,3.67036320993521,0.986622574476495,3.82560529495993e-05,0.000100149892234413,"ENSMUSG00000020081"
885.917756414536,-0.553642503545864,0.136957173849025,3.84824044556613e-05,0.000100726254981389,"ENSMUSG00000032532"
1529.01906449755,0.363043577783179,0.0888109152698541,3.85309261218715e-05,0.000100837044278428,"ENSMUSG00000078908"
13381.9764426823,0.210781077205633,0.0511910985834197,3.86866123120334e-05,0.000101216225922559,"ENSMUSG00000028452"
717.677075048248,-0.367270718982546,0.0899620278337188,3.86882514860647e-05,0.000101216225922559,"ENSMUSG00000030604"
3102.15157708376,-0.369939625551979,0.0906515670736331,3.8890572115284e-05,0.000101729187352176,"ENSMUSG00000002129"
308.703891505371,-0.61318676323913,0.15237033984907,3.9153056238442e-05,0.000102399333137751,"ENSMUSG00000046378"
6392.25870497946,-0.375985607198046,0.0921642639553431,3.91673535209297e-05,0.000102420269978103,"ENSMUSG00000020664"
1333.50095644865,-0.398474747620595,0.0977982689991707,3.92143292023059e-05,0.000102526638412325,"ENSMUSG00000002221"
13.0931240279127,2.52458862345001,0.708570835192661,3.92220485198634e-05,0.00010253035262668,"ENSMUSG00000081096"
136.636907285388,-0.691670015107116,0.172905119727313,3.92379235126909e-05,0.000102555381974885,"ENSMUSG00000038415"
26.9290975678903,1.73562840225257,0.477772111540542,3.92580476314459e-05,0.000102591507359877,"ENSMUSG00000064023"
26146.6615059382,0.456769681217528,0.111502560190074,3.94612477890655e-05,0.000103105969744849,"ENSMUSG00000043384"
23066.9529743957,0.35671659471064,0.0873494494290689,3.95117500112532e-05,0.000103221355590303,"ENSMUSG00000054459"
7055.84924354972,0.346385578937275,0.084869652958737,3.99291439479609e-05,0.000104295026505922,"ENSMUSG00000053192"
4035.47050384761,0.259403258004269,0.063370079532159,4.00565459903801e-05,0.000104611014861448,"ENSMUSG00000020462"
2774.42320801264,-0.434800014427241,0.10713067626142,4.00718235988723e-05,0.000104634126490607,"ENSMUSG00000032582"
894.39218925022,-0.499992661616955,0.123554114833349,4.0149850701808e-05,0.000104821053684688,"ENSMUSG00000039231"
1406.61012757627,-0.455474103145156,0.112231200447997,4.01616792132033e-05,0.000104835120948128,"ENSMUSG00000029348"
69.3543377377727,0.998356365370859,0.257381756822825,4.01707653088793e-05,0.000104842026246262,"ENSMUSG00000022901"
267.043420117045,0.537650482824953,0.133083924522519,4.02352967169602e-05,0.000104993613330984,"ENSMUSG00000040282"
5805.64361723906,-0.290647184450009,0.0711368415738393,4.03111777141621e-05,0.000105174763717123,"ENSMUSG00000025404"
154.414646549589,-0.738994145950222,0.185861442652011,4.03341931996502e-05,0.00010521794822178,"ENSMUSG00000047307"
20.5506633556513,1.66463093521931,0.453232188333778,4.04649230311559e-05,0.000105542063307347,"ENSMUSG00000063767"
11.9697743276449,2.50648885193581,0.70259147518989,4.05187286821585e-05,0.000105665470280067,"ENSMUSG00000040533"
1857.99680064882,0.425572596827154,0.104702246331758,4.05459035110816e-05,0.000105719400505108,"ENSMUSG00000054619"
774.876625523622,-0.500132421206435,0.123673155092163,4.06073881120078e-05,0.000105862758438063,"ENSMUSG00000031171"
158.129009242105,-0.621439943088474,0.154912082153851,4.07448971051387e-05,0.000106204232998791,"ENSMUSG00000030823"
1028.42735559614,0.372084194827574,0.0913512195942492,4.09623816457931e-05,0.000106754026325684,"ENSMUSG00000030505"
1184.73899458514,-0.474578403339069,0.117276646546892,4.14072674688049e-05,0.000107896190148424,"ENSMUSG00000045094"
27.8126310899904,1.36708243928928,0.363695437198702,4.14162795108056e-05,0.00010790240042844,"ENSMUSG00000098050"
253.50508934608,0.700195582253578,0.17588144698318,4.15456557618914e-05,0.000108222145061941,"ENSMUSG00000022724"
1921.85796501577,-2.56870906031877,0.74704232232831,4.1690904834511e-05,0.000108583127823387,"ENSMUSG00000052305"
11.5134848937236,2.36561930577197,0.669612321624735,4.21594202831699e-05,0.000109785801210916,"ENSMUSG00000005320"
13.529260522893,2.23928109422029,0.624346928995922,4.21668514346786e-05,0.000109787589196049,"ENSMUSG00000046179"
69.5981990047128,1.06202471017653,0.275625578939736,4.24352763597102e-05,0.000110468803547635,"ENSMUSG00000052117"
1926.48460957662,-0.297350938068999,0.073007823189313,4.24794123127408e-05,0.000110566017529069,"ENSMUSG00000054302"
924.539504094303,0.986728034074331,0.254500262548202,4.2491920852412e-05,0.000110580893307044,"ENSMUSG00000076441"
1226.00327726156,-0.475032716863199,0.117539440368102,4.26027936549907e-05,0.000110851706380425,"ENSMUSG00000036676"
108.071397274541,0.84654981319006,0.215470659847101,4.28411145435231e-05,0.000111453997529082,"ENSMUSG00000028545"
1282.48020439999,-0.303870052304339,0.0746763607170471,4.29869027866821e-05,0.000111815404851648,"ENSMUSG00000041733"
1961.45763713788,-0.393283595260486,0.0970698299123632,4.32936169130818e-05,0.000112595222257732,"ENSMUSG00000006127"
825.856740651428,-0.520478188654998,0.129468038501063,4.33163316661483e-05,0.000112636301415585,"ENSMUSG00000078887"
4710.38600396349,0.380411711181351,0.0939762535684341,4.33477557139522e-05,0.000112700010782896,"ENSMUSG00000036622"
4809.96022736836,-0.249706798850442,0.061317429887003,4.34693304364746e-05,0.000112987834399985,"ENSMUSG00000029578"
21.4276288880545,1.77572643417102,0.490311145137206,4.34723434603209e-05,0.000112987834399985,"ENSMUSG00000092210"
251.241834365837,0.674432106745885,0.169369478974782,4.34886555806489e-05,0.000112994147732131,"ENSMUSG00000020707"
235.837690443885,-5.32184702610281,1.69818569298554,4.34878637318765e-05,0.000112994147732131,"ENSMUSG00000079436"
1145.91680804498,-0.369698687459463,0.0911595194944233,4.37643155621438e-05,0.000113692232480143,"ENSMUSG00000015023"
330.765117597165,-0.593954902910336,0.148491169937246,4.3799191994813e-05,0.000113764679638035,"ENSMUSG00000071632"
589.692070151256,0.593135226461706,0.148122527341762,4.38299977734691e-05,0.000113826532188342,"ENSMUSG00000055963"
8.65362932364567,3.05470969757323,0.890346320343918,4.38564168946367e-05,0.000113868495905229,"ENSMUSG00000024842"
2534.57021068481,0.557261499782493,0.138806361890027,4.38601467825153e-05,0.000113868495905229,"ENSMUSG00000041205"
85.2630803441374,-1.35808337674206,0.364477217505812,4.40948065155018e-05,0.000114459457894967,"ENSMUSG00000039903"
72.5480245008081,0.961421664862185,0.247894566170183,4.41145168413155e-05,0.000114492363702636,"ENSMUSG00000089818"
13688.6414022701,-0.311161967743261,0.076802981285235,4.42753080565201e-05,0.000114891354143796,"ENSMUSG00000063511"
1460.34737697355,-0.378548128305587,0.0934984947922829,4.47378613267567e-05,0.000116073144194604,"ENSMUSG00000047789"
1042.67533316698,-0.408692897853187,0.101115699920974,4.49140197143984e-05,0.000116511619587407,"ENSMUSG00000028914"
531.009186126172,0.683659625784252,0.17223582373906,4.50811148421765e-05,0.000116926447960636,"ENSMUSG00000042010"
5391.42172618424,-0.410295364198534,0.101561516200343,4.5411101207648e-05,0.0001177546849219,"ENSMUSG00000006676"
2108.41820189862,0.310512047757729,0.0765271741211519,4.54149104275519e-05,0.0001177546849219,"ENSMUSG00000019920"
1358.14577707762,-0.516386003354835,0.129003670246801,4.54948595394263e-05,0.000117943195346836,"ENSMUSG00000117679"
40.9356848421538,-2.57226531275096,0.74829154884406,4.55205835064247e-05,0.000117991092088787,"ENSMUSG00000078921"
2432.39531741609,-0.292425327917419,0.0720634143774071,4.55669899175962e-05,0.000118092574729921,"ENSMUSG00000025423"
1388.44340147895,-0.318494153732117,0.0785848918623929,4.57113758262762e-05,0.000118447910808679,"ENSMUSG00000020744"
5175.81094228709,-0.618775837639793,0.155334764472319,4.57248283291684e-05,0.000118463911434379,"ENSMUSG00000026349"
1163.62611213535,-0.342432160140367,0.0846305752475803,4.58705671722192e-05,0.000118822579953753,"ENSMUSG00000022412"
834.362952385698,-0.367381356808726,0.0908206646101768,4.59381289626396e-05,0.000118978657637844,"ENSMUSG00000022109"
310.060873612923,0.570920325909006,0.14271704033613,4.60089340102538e-05,0.000119143084285541,"ENSMUSG00000000275"
2595.71532691152,-0.398235902141768,0.0986449012378898,4.60474876200183e-05,0.000119223954744498,"ENSMUSG00000059273"
294.880539859673,0.779891569970301,0.198382493295778,4.60570006048537e-05,0.000119229620840618,"ENSMUSG00000035910"
1695.41753314853,-0.496669198765973,0.123704538534884,4.60722316011609e-05,0.000119250085228764,"ENSMUSG00000057101"
122.428011210923,0.96558221820241,0.249523487247562,4.61061223373507e-05,0.000119318832974149,"ENSMUSG00000018819"
755.304607703908,-0.437100518579906,0.108462299143034,4.61481782430204e-05,0.00011940868628833,"ENSMUSG00000052551"
155.412520491451,0.731573809182292,0.185384525609531,4.61868353419834e-05,0.000119489718006485,"ENSMUSG00000073102"
25.9698962757221,1.47627340691792,0.400887227003069,4.62374428886646e-05,0.000119601635998996,"ENSMUSG00000028003"
2477.87577386651,0.365627427631849,0.0903554052478393,4.63232552245259e-05,0.00011980456761119,"ENSMUSG00000033423"
811.59237782101,-0.530459022619725,0.13249210882803,4.63543547886629e-05,0.000119865955083376,"ENSMUSG00000059820"
398.432600886984,-0.622767748507049,0.156437016537467,4.64160419002131e-05,0.00012000640566259,"ENSMUSG00000079605"
4146.56494135787,-0.249938528060195,0.0616141174194337,4.64700514421567e-05,0.000120113214621498,"ENSMUSG00000028423"
78.5641163939342,1.59495462695477,0.438035485331539,4.64721111737433e-05,0.000120113214621498,"ENSMUSG00000044361"
2041.10444836826,-0.260289443821695,0.0641574159353982,4.66284174899531e-05,0.000120498075869417,"ENSMUSG00000042763"
665.867412933616,-0.397664212896059,0.0985152384986291,4.66614219419186e-05,0.000120564226408024,"ENSMUSG00000035671"
44.0055790131792,1.18109678799981,0.31233331983363,4.69931518273737e-05,0.000121402083073479,"ENSMUSG00000074981"
223.70093255422,0.84797129650374,0.217368843767841,4.74592929505044e-05,0.000122586856656349,"ENSMUSG00000024376"
211.403832984545,0.677889120354888,0.171262747728321,4.74840759799351e-05,0.000122631411835853,"ENSMUSG00000028318"
361.0826857283,-0.614701985244552,0.154562393868305,4.75173398388019e-05,0.000122697851823607,"ENSMUSG00000056895"
1551.40557082187,-0.542100490524284,0.135311435326647,4.77552374236878e-05,0.000123292586008373,"ENSMUSG00000033658"
728.724581022212,-0.401557612038849,0.0997429421013929,4.81054291729457e-05,0.000124177002232352,"ENSMUSG00000027968"
160.322816228813,0.732684414979679,0.18594030809617,4.81903377679781e-05,0.000124376457616481,"ENSMUSG00000009585"
476.552958351144,0.507214124517088,0.126646038957853,4.84166896126607e-05,0.000124940848686571,"ENSMUSG00000031851"
1866.65233291523,-0.318504454554279,0.0788436058681972,4.84244276281188e-05,0.000124941010133225,"ENSMUSG00000028959"
1623.41841722381,-0.398703614766205,0.0990864756254936,4.93013660711156e-05,0.000127163308018637,"ENSMUSG00000040738"
1910.1931140299,-0.440635081346664,0.109781418997801,4.92974492286056e-05,0.000127163308018637,"ENSMUSG00000040928"
501.70317880465,-0.815906475112341,0.209171154287604,4.93831301255359e-05,0.000127354022842756,"ENSMUSG00000074340"
97.2844815348537,0.981507339027756,0.255716793882492,4.95130866400867e-05,0.000127648720989441,"ENSMUSG00000024691"
654.631780949889,-0.411942263797287,0.102537365458245,4.95079363794384e-05,0.000127648720989441,"ENSMUSG00000039648"
150.623963563463,1.63790061505832,0.456328972269838,4.95711708490677e-05,0.000127778229466528,"ENSMUSG00000012819"
2052.40075607961,0.359102902674532,0.0891235065454249,4.96583859087379e-05,0.000127982774829391,"ENSMUSG00000003033"
3566.25883240317,-0.456917144398888,0.114014128204109,4.97267654634984e-05,0.000128138719046197,"ENSMUSG00000043019"
32.1630506282725,1.32970961477607,0.357354768666229,4.97946177161741e-05,0.000128293255331415,"ENSMUSG00000043719"
10.9031932658167,-2.62304140533461,0.759640422129312,5.00680201454604e-05,0.000128977248287356,"ENSMUSG00000031710"
113.649936307771,0.663813556560229,0.167968138637038,5.02889000511318e-05,0.000129525746049418,"ENSMUSG00000019718"
1537.4530358853,-0.351681005687317,0.0873761975946566,5.04854739647298e-05,0.000130011476854591,"ENSMUSG00000027439"
36.8503063423127,1.24779432585088,0.333366067826355,5.05682877376907e-05,0.000130204142327449,"ENSMUSG00000020325"
2020.34862376724,0.546774103396538,0.137225097685503,5.07762021111527e-05,0.000130718807206285,"ENSMUSG00000018378"
4259.95014818433,-0.499562308235335,0.124961467769191,5.09210052004405e-05,0.00013107086063453,"ENSMUSG00000040855"
333.850437158162,-0.717635785103601,0.182697751723614,5.11270549233016e-05,0.000131580426884032,"ENSMUSG00000036264"
277.938076689122,-0.604622911590967,0.152908375842462,5.13486756910607e-05,0.000132129899288506,"ENSMUSG00000029097"
323695.324429357,0.289214022544462,0.0721145990311468,5.13668125887575e-05,0.000132155678097012,"ENSMUSG00000064370"
561.621653006612,0.356102607439751,0.0885478414707385,5.15137828445179e-05,0.000132512856691382,"ENSMUSG00000019864"
315.445460524984,0.916025928235691,0.237900590799166,5.16919238393898e-05,0.000132950092630366,"ENSMUSG00000030882"
320.827004614079,-0.858589491090387,0.22187695026349,5.1761158100113e-05,0.000133107129787305,"ENSMUSG00000040701"
4336.43881837187,-0.344925154032549,0.0857976399000526,5.17848821376828e-05,0.000133147103370273,"ENSMUSG00000022200"
7858.00975223906,-0.339585707232552,0.0845164745579117,5.21797342268434e-05,0.000134141142410701,"ENSMUSG00000051790"
69.1257673773788,0.992216219569874,0.259210874449153,5.24118532064467e-05,0.00013471658716162,"ENSMUSG00000074151"
2245.4801559787,0.50739855241506,0.127031728054078,5.26467751601367e-05,0.000135299053687513,"ENSMUSG00000056004"
11.4235876532373,-2.43359739674506,0.717998075487138,5.29361060887038e-05,0.000136021142053973,"ENSMUSG00000028699"
1950.90824606855,-0.321244295151326,0.0799700653718861,5.30247942024718e-05,0.000136227525256919,"ENSMUSG00000068328"
250.092651330811,0.469029125050401,0.117643893563128,5.33576875221734e-05,0.000137061138943655,"ENSMUSG00000032372"
231.015865134561,0.535232562934714,0.134595656745163,5.34173982684625e-05,0.000137192869834969,"ENSMUSG00000024247"
4272.55412359272,-0.794241097171976,0.204376339656501,5.35585988417247e-05,0.000137533817943776,"ENSMUSG00000038172"
7095.43221207986,-0.429088630964603,0.107072739598774,5.39312591660535e-05,0.00013846893323423,"ENSMUSG00000072704"
958.544850320082,-0.435369401212847,0.109084594654603,5.39440928896616e-05,0.000138480041642945,"ENSMUSG00000036160"
213.283875521141,0.796713364325242,0.204759539955329,5.42783177457395e-05,0.000139316060590531,"ENSMUSG00000032940"
438.122458826205,-0.493433914650586,0.124127239297971,5.43337678622122e-05,0.000139436398117782,"ENSMUSG00000019689"
615.475826982447,-0.386055411465982,0.0965398245243599,5.48640579298441e-05,0.000140775084328815,"ENSMUSG00000027752"
1214.27930790223,-0.357662479889355,0.0893618102942597,5.48835274308083e-05,0.000140780658606791,"ENSMUSG00000047044"
1096.64012766011,0.313101911869386,0.0780016379443858,5.48759790478135e-05,0.000140780658606791,"ENSMUSG00000061650"
1686.35692357603,-0.402613744301258,0.100795894509233,5.49905355951196e-05,0.00014103291924017,"ENSMUSG00000027122"
703.33620585219,-1.5270708465214,0.424877873034567,5.55029322752249e-05,0.000142324626902349,"ENSMUSG00000030218"
3287.65609194988,0.29156001351796,0.0726913620452602,5.57717996949666e-05,0.000142991550706358,"ENSMUSG00000020170"
546.765985873595,0.391545840711956,0.0980244387143191,5.59745704301282e-05,0.000143488827946713,"ENSMUSG00000021900"
2142.03644823078,-0.359047847197286,0.0898414471368859,5.61090565923935e-05,0.000143810931067703,"ENSMUSG00000022750"
33.2437579229588,1.38951699895664,0.378328938496814,5.62546685348049e-05,0.000144161444333998,"ENSMUSG00000047953"
2650.2761200212,-0.376503870786275,0.0943278363599052,5.65206889416846e-05,0.000144820364330669,"ENSMUSG00000036748"
454.429907565661,-0.998311231722218,0.263065939728248,5.65374544730243e-05,0.000144840523121166,"ENSMUSG00000020027"
5691.89039451178,-0.274031707476409,0.0683253665391717,5.66038249960624e-05,0.000144987736158285,"ENSMUSG00000019432"
38.2367755071995,1.55023362147349,0.428092950893951,5.66495009276098e-05,0.000145081903099376,"ENSMUSG00000043029"
71.5392938615584,1.03221254290402,0.274493167113458,5.68410950667677e-05,0.000145549684677811,"ENSMUSG00000037466"
713.338051513549,0.329044468164415,0.0822847597757681,5.73952104864815e-05,0.000146922351989141,"ENSMUSG00000020232"
6318.27776768849,-0.235344800692037,0.0586916620883253,5.73890372311457e-05,0.000146922351989141,"ENSMUSG00000032096"
1164.59540221696,0.363525748997473,0.0910348841399898,5.7598940625668e-05,0.000147420684827771,"ENSMUSG00000020225"
1561.4178704787,0.430193233258673,0.108111364882787,5.80125913184958e-05,0.000148456054312604,"ENSMUSG00000034839"
50.1314457714215,1.8223429019653,0.530722735280277,5.82617583401624e-05,0.000149070245561327,"ENSMUSG00000028457"
65.107478295507,0.968297821982264,0.254020028019455,5.85264960452433e-05,0.000149724077105842,"ENSMUSG00000053164"
1279.61176459038,0.520106491210913,0.131479620310456,5.86683713233465e-05,0.000150063442552079,"ENSMUSG00000042246"
2667.0441748988,0.461946965933605,0.11670193810244,5.87972178350145e-05,0.000150369381291181,"ENSMUSG00000036879"
2495.75287735696,0.577674299673512,0.146662210946689,5.89116286343119e-05,0.000150638311484343,"ENSMUSG00000018427"
3016.45620635117,-0.291174370055799,0.0728511862186981,5.89308835257681e-05,0.00015066387969726,"ENSMUSG00000029110"
973.971612820582,0.392507424373285,0.0986130448178066,5.9463149291158e-05,0.000152000807814301,"ENSMUSG00000039007"
9095.92926326207,-0.266301220633879,0.0666697050285457,5.95341264425232e-05,0.000152158346715559,"ENSMUSG00000031007"
253.688963367995,-0.547776107598007,0.139040744669423,6.00608484363685e-05,0.000153480453822167,"ENSMUSG00000036208"
1221.15571444855,-0.440658236604399,0.110678106862676,6.00923660119707e-05,0.000153536891216898,"ENSMUSG00000048379"
1501.87753131011,0.649619136255535,0.166092411698863,6.02674579049638e-05,0.000153960087849498,"ENSMUSG00000009292"
3408.86656746616,-0.465391541275244,0.11756148558316,6.04794289213329e-05,0.000154477348812405,"ENSMUSG00000023025"
291.939482684167,-0.76148349979748,0.196761170224274,6.07292652783967e-05,0.000155091148447088,"ENSMUSG00000063727"
16.8297791935409,-2.82585105990836,0.843454987907331,6.12450152348769e-05,0.000156383742430326,"ENSMUSG00000061816"
15.0188637083896,-1.80938349961687,0.511512286586838,6.12863076147894e-05,0.000156464635406766,"ENSMUSG00000038292"
1320.11548035311,0.413033994134186,0.104050368944082,6.12988140912742e-05,0.000156472023800809,"ENSMUSG00000032112"
28.0349370847627,-1.52769527980347,0.424709463422513,6.14079878675118e-05,0.00015672612519714,"ENSMUSG00000072487"
87.7075278552418,0.946797983194021,0.249229815897052,6.15887500296805e-05,0.000157162826929478,"ENSMUSG00000022032"
1019.27723554711,-0.419853496435334,0.105938746770627,6.18448218674664e-05,0.000157791537673765,"ENSMUSG00000073888"
1144.11598377214,-0.597451687637842,0.152542582503025,6.19614513649493e-05,0.000158064332442978,"ENSMUSG00000032119"
845.504257266665,-0.327785308543515,0.0823435489465878,6.22752198612321e-05,0.00015883986664073,"ENSMUSG00000107002"
1961.60755989033,-0.464728018700671,0.117689652397636,6.25216071761271e-05,0.000159443321574964,"ENSMUSG00000024287"
1357.25838469997,-0.787058590483724,0.204334212061823,6.25324417348673e-05,0.00015944597220554,"ENSMUSG00000020681"
1617.68951453442,0.572650877943708,0.145825113696077,6.26022469824937e-05,0.000159598962628196,"ENSMUSG00000020288"
41.4419660489996,-2.23930701160913,0.652519276297947,6.28857406928211e-05,0.000160296599905691,"ENSMUSG00000048387"
285.182377468794,-0.825550583090876,0.215397681852971,6.32691230944321e-05,0.000161248596482099,"ENSMUSG00000074652"
89.8779637349698,0.995841476502308,0.26381411092304,6.33013533802549e-05,0.000161305483770161,"ENSMUSG00000066443"
29.2679473539144,1.30708573955994,0.356147622465829,6.3440539495983e-05,0.000161634857084929,"ENSMUSG00000026548"
47.8308177274749,1.00410223503406,0.266408174275585,6.36124140704996e-05,0.00016204739847255,"ENSMUSG00000068758"
47.7901621308492,-1.22545329438991,0.332674759695848,6.36748776793902e-05,0.000162181138924286,"ENSMUSG00000060586"
425.944799975501,-0.450279589748114,0.114077195690293,6.42266656711588e-05,0.00016356096116945,"ENSMUSG00000018509"
13.0253317895272,-2.53663916725554,0.756816368040588,6.43363570566233e-05,0.000163814675452481,"ENSMUSG00000005540"
17.019862523723,-1.66463847493548,0.469091406722988,6.43970130850855e-05,0.000163943474976388,"ENSMUSG00000035033"
6274.59123879286,-0.589148531360989,0.150692128677819,6.45498224069605e-05,0.000164306803618531,"ENSMUSG00000029004"
2796.45093801643,-0.468272817151225,0.118795316425141,6.47504598083669e-05,0.000164791742457879,"ENSMUSG00000022601"
6874.91104516503,-0.570338228614896,0.142979852402431,6.47922794567136e-05,0.00016487239721688,"ENSMUSG00000028034"
163.927245676213,-0.952108120837778,0.251698143936509,6.48909781840846e-05,0.000165097740368948,"ENSMUSG00000009378"
1855.00851465076,0.400855945555217,0.101267598703843,6.49955264611738e-05,0.000165320661136872,"ENSMUSG00000013539"
61.519395944677,1.08333893018529,0.289930792247528,6.4998908420935e-05,0.000165320661136872,"ENSMUSG00000026928"
3477.24226813423,-0.341568111653127,0.0861938609552055,6.52631948133407e-05,0.000165966924726068,"ENSMUSG00000034973"
2026.74222185275,0.328640623781975,0.0827627918572607,6.53101085583562e-05,0.000166045271953768,"ENSMUSG00000023106"
1875.96659497293,-0.511332861384,0.130179019551344,6.5314404491951e-05,0.000166045271953768,"ENSMUSG00000039835"
289.611318098995,-0.694161222725831,0.179284085395952,6.56168660577727e-05,0.000166788155166837,"ENSMUSG00000028952"
62.5232017300782,0.872817233159307,0.228896211334213,6.59614171771033e-05,0.000167637774989678,"ENSMUSG00000090622"
551.008791923824,0.403388080087867,0.102041410176066,6.60196769857888e-05,0.000167759647513998,"ENSMUSG00000047003"
2587.16194923023,-0.383646789533536,0.0970216307884718,6.60896034641976e-05,0.000167911123020167,"ENSMUSG00000038876"
795.355864799289,0.358457490178467,0.0905305367644757,6.64208173106738e-05,0.000168726289666534,"ENSMUSG00000020224"
332.127174709414,0.489382953535087,0.124527257811147,6.71093822588089e-05,0.000170448825777639,"ENSMUSG00000024312"
1267.40028931555,0.443867913573083,0.112628363452166,6.74198665145217e-05,0.000171210700019249,"ENSMUSG00000025142"
2487.64983776893,-0.620864422164434,0.1596516741714,6.7433603942672e-05,0.000171218874587243,"ENSMUSG00000037857"
726.176732041919,0.529321151617227,0.135138512865834,6.76823480031173e-05,0.000171823652650459,"ENSMUSG00000060032"
1023.66160148865,-0.375587708377651,0.0950715747933795,6.79646471344102e-05,0.000172513414323083,"ENSMUSG00000024217"
830.3052082895,-0.520287476504855,0.132901985031274,6.83956715637687e-05,0.000173580408748835,"ENSMUSG00000099481"
1587.58556232802,0.396924175325455,0.100608993518788,6.86082556410976e-05,0.000174092780253435,"ENSMUSG00000026566"
1067.10896820036,-0.446171905043337,0.113473609260181,6.90857647768657e-05,0.00017527713201961,"ENSMUSG00000036225"
364.835153759266,0.77227633059398,0.201413159555835,6.9309217670286e-05,0.0001758166503408,"ENSMUSG00000020388"
145.913779532304,-0.622048238108793,0.160259951880932,6.96385393222389e-05,0.00017662451590642,"ENSMUSG00000051499"
1911.08053609019,-0.695564627482259,0.180381697130702,6.97305390975297e-05,0.000176830303073623,"ENSMUSG00000102976"
2686.75362310071,0.439854505642728,0.111826220223237,6.97811413798573e-05,0.000176931062208928,"ENSMUSG00000032652"
39.6615632549779,-1.22865401894914,0.337475978772818,7.00372798443684e-05,0.000177552848669464,"ENSMUSG00000035394"
1380.20946712934,0.330439279791279,0.0836210229946594,7.01564678477531e-05,0.000177827309814034,"ENSMUSG00000053012"
5537.59978920375,0.346884536496928,0.0877291725127591,7.01697186844286e-05,0.000177833205783143,"ENSMUSG00000065954"
17.7125632859563,2.21526275482847,0.660077035670742,7.04509706707081e-05,0.000178518197474749,"ENSMUSG00000021620"
7.51419295507131,3.71848623912044,1.05723280939645,7.09157167603126e-05,0.000179667865746983,"ENSMUSG00000092471"
851.270891761264,-0.401183137494489,0.102007579206637,7.1539243999411e-05,0.000181219392129227,"ENSMUSG00000027569"
54.1091004499302,1.55862987883777,0.449907469439106,7.1841952750871e-05,0.000181957881885589,"ENSMUSG00000033581"
478.904921055997,0.489628243074513,0.125036016770973,7.19342881140935e-05,0.000182163401045615,"ENSMUSG00000024939"
1602.16705743235,0.502975270918557,0.128612272238606,7.2026805134091e-05,0.000182369316219122,"ENSMUSG00000020642"
1207.49493943535,-0.29834970941005,0.0756023222163811,7.2587752497503e-05,0.000183761031905809,"ENSMUSG00000039382"
4930.30931917414,-0.551287676622953,0.141739687537825,7.2666165065124e-05,0.000183930933747487,"ENSMUSG00000020661"
1452.07163463527,-0.303685313855513,0.0769987351392071,7.28956848942305e-05,0.000184483202535492,"ENSMUSG00000006288"
145.580214046478,1.3535565210704,0.376495773810939,7.33055990404873e-05,0.000185491767632683,"ENSMUSG00000045655"
4067.65335213062,-0.27413144978061,0.0694437567383253,7.33768827284499e-05,0.000185643285211953,"ENSMUSG00000035437"
2151.37164633302,0.368653254929898,0.09367124735785,7.3551206271931e-05,0.00018605540570233,"ENSMUSG00000018040"
890.390763451185,0.537626182923049,0.136915639831966,7.37261219068367e-05,0.000186468895649392,"ENSMUSG00000037624"
3944.57904080055,-0.317311484615782,0.0805762618657848,7.39108178947004e-05,0.000186906989853959,"ENSMUSG00000022361"
36.4673924824584,1.27909779270422,0.352678615565885,7.39256310462361e-05,0.000186915411955674,"ENSMUSG00000051212"
1129.29172637115,0.380959651590914,0.096916258797817,7.42165144019815e-05,0.000187621745835604,"ENSMUSG00000047434"
87.6836528735171,0.773600345465354,0.2025665962993,7.43639539123203e-05,0.000187965285991421,"ENSMUSG00000047281"
634.948862705613,0.688877876194698,0.179176041578153,7.44777711568041e-05,0.000188223747692976,"ENSMUSG00000021453"
1056.91233047692,0.539720354543766,0.138692378970831,7.46782098788954e-05,0.000188701009066852,"ENSMUSG00000020413"
240.524722764481,-0.716223840529654,0.186974644409572,7.51750232274167e-05,0.000189926901768724,"ENSMUSG00000030319"
1427.68156815989,0.540353094595597,0.138900159056614,7.53296560862752e-05,0.00019028804186412,"ENSMUSG00000028582"
1161.33099018802,0.507831172887363,0.130273784746733,7.5574969761564e-05,0.000190878100508726,"ENSMUSG00000036890"
7810.0410374198,-0.255461535678654,0.0648250561598785,7.57059910277608e-05,0.000191179354941032,"ENSMUSG00000021771"
802.168340680345,-0.349607582409898,0.0890359730619923,7.59564716747429e-05,0.000191782138346745,"ENSMUSG00000038070"
91.2521976853276,-0.804259051665039,0.211730439749059,7.60153683113529e-05,0.000191901080237625,"ENSMUSG00000059791"
1260.70831446424,-0.491531386545763,0.126102146843448,7.60685429875957e-05,0.000192005542371233,"ENSMUSG00000037395"
92.1392884304272,1.13543521855207,0.310383277598511,7.61662857278083e-05,0.000192222449469343,"ENSMUSG00000061414"
1309.55647793481,-0.395937116497636,0.101103480436429,7.65459376320794e-05,0.000193150639090837,"ENSMUSG00000059920"
11505.0729070793,0.311896775259689,0.0793041248204514,7.70908041561948e-05,0.000194495367336413,"ENSMUSG00000022973"
6798.6530653114,0.2302738586124,0.0584014057349142,7.77175770418344e-05,0.000196046291505808,"ENSMUSG00000024026"
8104.6887145503,-0.523040734149819,0.134714467401255,7.78251390242437e-05,0.00019628720375529,"ENSMUSG00000035150"
3718.66003437586,-0.443040385714011,0.11280324693739,7.83028666618356e-05,0.000197461512551721,"ENSMUSG00000024404"
4671.93413661086,-0.261938806505527,0.066728438062858,7.83631910741892e-05,0.000197583027308806,"ENSMUSG00000027782"
4242.47808422004,0.494412645888901,0.127073747050324,7.87809827351218e-05,0.000198605673991376,"ENSMUSG00000064302"
577.717798635869,0.432044723531483,0.110680112181248,7.90284591870795e-05,0.000199198708369043,"ENSMUSG00000016503"
1313.36503892857,-0.309183654237045,0.0788075596861065,7.93797524721059e-05,0.000200053198752274,"ENSMUSG00000002477"
19.1856450058986,1.51218833810009,0.426199002518868,7.9545794696452e-05,0.000200440626326447,"ENSMUSG00000041831"
24026.7260605066,-0.252647292548927,0.0643438329906065,7.98590400282296e-05,0.000201198801049299,"ENSMUSG00000022285"
407.873938343683,-0.389043886545885,0.0995282488300929,7.99735218355873e-05,0.000201424878297956,"ENSMUSG00000032968"
342.311508255751,-0.717474945473984,0.18795324880735,7.99663532810691e-05,0.000201424878297956,"ENSMUSG00000034845"
1412.56539759824,-0.399329219039486,0.102241432879101,8.00921794619183e-05,0.000201692527425914,"ENSMUSG00000039509"
375.946842079825,0.533143770311111,0.137564707444182,8.01215525669723e-05,0.000201735287344961,"ENSMUSG00000063488"
30.0232678903656,-2.08572997122439,0.63920087883045,8.02279648162807e-05,0.000201971978236842,"ENSMUSG00000040950"
1847.39317851511,0.558362017368592,0.144203142578956,8.02889289995957e-05,0.000202094199204487,"ENSMUSG00000030731"
171.378202759967,1.26415338327668,0.350813013789886,8.0636980719672e-05,0.000202938894890974,"ENSMUSG00000044948"
17.6905138767586,2.06434144633402,0.599683522635244,8.07219883014972e-05,0.000203121429211898,"ENSMUSG00000116635"
34.1085827948685,1.57860420422341,0.451776220584356,8.07531262017547e-05,0.000203168375318727,"ENSMUSG00000074342"
145.683947403578,1.2314622052828,0.339909032501897,8.07799079158499e-05,0.000203204348795272,"ENSMUSG00000050335"
2713.62347489157,-0.246235185241147,0.06269737145426,8.09781211482976e-05,0.000203671485792953,"ENSMUSG00000025583"
558.14978672402,-0.388984875000081,0.0996378619009313,8.10235343145158e-05,0.000203754223941246,"ENSMUSG00000038215"
458.232872296015,0.671168348509241,0.175266441450879,8.13278527159453e-05,0.000204487918830732,"ENSMUSG00000072949"
1151.60263188309,-0.529233958100301,0.135857811532036,8.13657715249138e-05,0.000204551664692285,"ENSMUSG00000027803"
960.054229511419,-0.468027847899734,0.120454572049641,8.13899325698908e-05,0.000204580809507826,"ENSMUSG00000036432"
5615.31929076105,0.598096667827758,0.155141690005116,8.14320073160177e-05,0.000204654966047574,"ENSMUSG00000068267"
1838.69093538474,0.333877969928889,0.0855278548971496,8.16278337595184e-05,0.000205115448894326,"ENSMUSG00000030284"
110.590783489934,-0.870110545321311,0.231583767140121,8.17241334828439e-05,0.000205325736199064,"ENSMUSG00000044390"
911.360252490612,0.344477284053934,0.0880551726973517,8.21815158091725e-05,0.000206443011472486,"ENSMUSG00000034194"
596.955160761298,-0.448558092162346,0.115387749294465,8.22026804826473e-05,0.00020646431613895,"ENSMUSG00000102222"
207.679322255654,-0.847701771878789,0.225424612594315,8.23507437742697e-05,0.000206804289903974,"ENSMUSG00000022269"
345.798150949354,-0.599167545403109,0.155671613204392,8.24370218087692e-05,0.00020698902375492,"ENSMUSG00000032420"
361.847695724333,0.666397110355985,0.173929347766224,8.25207747355222e-05,0.000207167361373354,"ENSMUSG00000030659"
1868.92126178883,-0.518613880647474,0.134033776736755,8.25596180454963e-05,0.000207232916352288,"ENSMUSG00000005621"
33.8938690049652,1.5042906884479,0.430141992396072,8.29567442979329e-05,0.000208197638557162,"ENSMUSG00000041596"
1520.34719736187,0.660154307137915,0.172375754181694,8.32110794718284e-05,0.000208803753914355,"ENSMUSG00000030087"
3023.38360350038,-0.404095705673241,0.103856499638454,8.3499938422366e-05,0.000209486167187214,"ENSMUSG00000030663"
594.257029103159,0.653240561217097,0.1704595362106,8.35087688215893e-05,0.000209486167187214,"ENSMUSG00000071604"
581.484338223416,-0.347035145680929,0.0888908560461516,8.3723485212328e-05,0.000209992433326082,"ENSMUSG00000030611"
118.158617217618,0.653636298595919,0.170748524877143,8.38477827865723e-05,0.000210271792974861,"ENSMUSG00000071679"
3568.98448597925,-0.353542134699162,0.0905646413787656,8.40520504177602e-05,0.000210728183563393,"ENSMUSG00000071528"
3705.82263797358,-0.376492091449367,0.0966583868100936,8.40556638332174e-05,0.000210728183563393,"ENSMUSG00000087370"
1482.30378757736,0.382637376251072,0.0981584224011951,8.41655958627333e-05,0.000210971291877667,"ENSMUSG00000065979"
171.503579336782,0.837256346272794,0.222941865803997,8.44341758997992e-05,0.000211611934610767,"ENSMUSG00000032221"
2165.3687715023,0.37112299823793,0.0951125229431938,8.46521214906159e-05,0.000212125497786984,"ENSMUSG00000038241"
965.104525772094,0.375384716660073,0.0962979733722885,8.51037861289042e-05,0.000213224477544452,"ENSMUSG00000020312"
556.895446644325,0.524618220643905,0.135728098470634,8.51424167877768e-05,0.000213288436514532,"ENSMUSG00000041346"
1465.28621024953,-0.261610308381112,0.0668446571912283,8.52795771284589e-05,0.000213599162409148,"ENSMUSG00000019782"
794.7235588638,-0.3638278561223,0.0933578026006062,8.53920929988842e-05,0.00021384807535936,"ENSMUSG00000038489"
1060.62127162117,-0.493691831719332,0.127655793692872,8.55028795941398e-05,0.000214059654572963,"ENSMUSG00000036504"
251.329276573345,-0.513971505945229,0.133026766260376,8.54904347115253e-05,0.000214059654572963,"ENSMUSG00000103144"
47.4308541126654,1.37689174544663,0.387484682459702,8.58801238096926e-05,0.000214971037271133,"ENSMUSG00000068154"
399.107051342863,0.442468044692953,0.114045844912752,8.65653524681097e-05,0.00021665295317895,"ENSMUSG00000030339"
64.9501977950722,1.26202378013394,0.351595371369792,8.66600523941255e-05,0.000216856623039443,"ENSMUSG00000093938"
2929.92125998072,-0.352673614817759,0.0905439948424474,8.69202709684874e-05,0.000217474357642951,"ENSMUSG00000050379"
5358.76032164948,-0.2342415570026,0.0599187236888832,8.69690662390046e-05,0.000217563002956588,"ENSMUSG00000060904"
970.563634884322,0.436451906888838,0.112475427416799,8.73082032246296e-05,0.000218377832220424,"ENSMUSG00000021868"
101.634477569167,0.938003622654899,0.252782122480017,8.73370804517157e-05,0.000218416499553392,"ENSMUSG00000079608"
7579.66439042283,0.257295224406479,0.0657336558719417,8.74225854064656e-05,0.000218596750421881,"ENSMUSG00000074781"
680.47013984727,0.660380645807538,0.173026738786609,8.77393098673171e-05,0.000219355012443586,"ENSMUSG00000001119"
12.5550037954535,-2.46177716786198,0.74601509486347,8.8513415095562e-05,0.000221256353029109,"ENSMUSG00000034115"
17.8433513165085,1.55747447146382,0.444520348200775,8.86025953058606e-05,0.000221445270442008,"ENSMUSG00000040329"
647.065930168494,0.334044718639686,0.0857690321525942,8.86902510967742e-05,0.000221630320441095,"ENSMUSG00000041353"
42.3127942965751,1.16908075448771,0.32287452380519,8.87413759721914e-05,0.000221724039612484,"ENSMUSG00000070601"
30.6033731529602,-1.40406739471278,0.402484699924574,8.897019560628e-05,0.000222261639668359,"ENSMUSG00000007035"
1012.92712895915,0.484860861032386,0.125898590217568,8.96684444067346e-05,0.000223971603199758,"ENSMUSG00000045071"
69.0869705202442,1.08995051412971,0.298875280145947,8.97969642642836e-05,0.000224230968559799,"ENSMUSG00000028845"
107.718571075236,-1.08186127622479,0.296321695085529,8.97998331515747e-05,0.000224230968559799,"ENSMUSG00000039109"
1228.33923379277,0.298170411350102,0.0765092976928947,8.99513176164144e-05,0.000224574777325152,"ENSMUSG00000028737"
1647.55079230326,-0.479868229430984,0.124421954521823,9.06339234498047e-05,0.000226244288593149,"ENSMUSG00000021671"
1988.17592153513,-0.336058364242256,0.0864652965212589,9.08193739616568e-05,0.000226672457735028,"ENSMUSG00000028729"
10660.719996236,-0.595149554894862,0.155652493354463,9.09475458034309e-05,0.000226957557962325,"ENSMUSG00000049470"
1745.7256628425,-0.358484063133124,0.0925639773935123,9.15712445924731e-05,0.00022847895761439,"ENSMUSG00000038520"
5010.13726816805,0.402383800459145,0.103850675271156,9.23186417069905e-05,0.000230308482713623,"ENSMUSG00000059995"
2810.88018695446,0.65340395697287,0.171768817261218,9.27400221141169e-05,0.000231324253750168,"ENSMUSG00000022762"
2896.89844794983,-0.28892533776696,0.0743013131646428,9.28298044276728e-05,0.000231477260489225,"ENSMUSG00000016831"
329.309169643192,0.449766022220891,0.116487044022332,9.28159838739686e-05,0.000231477260489225,"ENSMUSG00000021619"
397.808695233185,-0.477530653074361,0.124033201291887,9.32234016058625e-05,0.000232423117068499,"ENSMUSG00000020309"
37.9458941857833,1.23872305896277,0.346183105816133,9.33129719144396e-05,0.000232610805026531,"ENSMUSG00000031662"
45.5320322609093,1.26829205741254,0.35477843758041,9.33823185776781e-05,0.000232748029675003,"ENSMUSG00000118401"
41.2803896324707,1.0419752023563,0.284548698287933,9.35091212852017e-05,0.000233028395021511,"ENSMUSG00000031861"
6158.87233825094,-0.288988406550123,0.0744187509318626,9.36350605841384e-05,0.000233306523218828,"ENSMUSG00000034403"
2149.81451584617,-0.314177295754878,0.0809833050892592,9.40042094735827e-05,0.000234190468596722,"ENSMUSG00000027374"
116.940775854648,0.828226013224652,0.221474459115841,9.41645806270515e-05,0.000234554099991912,"ENSMUSG00000044646"
3487.55173089602,0.432063173099568,0.11184371798582,9.46121758765699e-05,0.000235632955770931,"ENSMUSG00000009681"
96.0435809217154,-0.875783640014431,0.236164836064911,9.47560038158563e-05,0.000235955060442789,"ENSMUSG00000068428"
1464.21650914742,-0.343036630311885,0.0885476404885043,9.50065803023275e-05,0.000236542844013657,"ENSMUSG00000020075"
190.649747448623,0.730855679919446,0.193619566542217,9.50653258355514e-05,0.000236652909305873,"ENSMUSG00000042195"
647.304694927416,-0.570247193325561,0.149375822974707,9.57141410575548e-05,0.000238231618980868,"ENSMUSG00000000305"
5803.27093501399,-0.44792750992603,0.116323993257426,9.61461490051656e-05,0.000239270297126752,"ENSMUSG00000025777"
2809.50064424107,0.401294635033622,0.103699665586827,9.64195356410821e-05,0.000239886094093668,"ENSMUSG00000003346"
4351.50370351279,0.399957017464264,0.103492980642845,9.64230687833191e-05,0.000239886094093668,"ENSMUSG00000027663"
1033.89603833533,-0.442423427364571,0.114871205673192,9.64402677663664e-05,0.00023989221862789,"ENSMUSG00000039057"
73.7848111326567,0.826571756622925,0.221743316488187,9.67960306537975e-05,0.00024074037998205,"ENSMUSG00000071573"
2775.31862140889,-0.487291609185874,0.126938894142594,9.69147519526576e-05,0.00024099882864121,"ENSMUSG00000026761"
909.679180752903,-0.495073716667724,0.129049063075308,9.69910765171765e-05,0.000241151786092348,"ENSMUSG00000031527"
20.7008562622842,1.72779048169984,0.505157558556396,9.71762513755321e-05,0.000241575293202644,"ENSMUSG00000063234"
293.985317978535,0.511877932899945,0.133465320499782,9.73327537969179e-05,0.000241927403619824,"ENSMUSG00000046269"
88.746987000447,1.00493294393484,0.275687165975433,9.75115187305002e-05,0.000242297741092212,"ENSMUSG00000022021"
19.4742008810717,1.66705660255285,0.4851202607041,9.74982424459053e-05,0.000242297741092212,"ENSMUSG00000073405"
413.995417844529,0.827717883179179,0.221989059554316,9.77904012591256e-05,0.000242953625106234,"ENSMUSG00000021448"
3869.91426135192,0.367355423484806,0.0950359038308009,9.79732352670006e-05,0.000243370719315769,"ENSMUSG00000029455"
9.81364387209926,-2.38800526128461,0.716472124271339,9.8160878643291e-05,0.000243799631149754,"ENSMUSG00000084033"
42.6733805779087,1.39416254114697,0.39760291490837,9.82466397872755e-05,0.000243975408460301,"ENSMUSG00000031766"
4000.80496176661,-0.578506002581452,0.151957679803417,9.89469188221971e-05,0.000245676928704656,"ENSMUSG00000042133"
313.572783983888,0.735333095646131,0.195492778869439,9.92770158450936e-05,0.000246458939137782,"ENSMUSG00000029162"
556.170252978327,-0.433898998090457,0.112894271363886,0.00010001235063229,0.00024824657572315,"ENSMUSG00000032051"
155.562335113271,-0.916391465543617,0.248918175490751,0.000100757844668561,0.000250058880243153,"ENSMUSG00000078607"
766.973931392088,-0.407267256354405,0.105844070856185,0.000100865408559761,0.000250287670813382,"ENSMUSG00000033948"
12895.067249604,-0.647929152847752,0.171416578260172,0.000101290045423069,0.000251303057368803,"ENSMUSG00000024109"
610.085241331391,-0.509123469137342,0.133174877229675,0.000101439360750107,0.000251635159142066,"ENSMUSG00000079057"
1328.51339344517,-0.587586100712206,0.154697097635749,0.000101728675192277,0.000252314395060167,"ENSMUSG00000046994"
585.304998489164,-0.821651548228697,0.221074597832235,0.000102148146981461,0.00025331619996408,"ENSMUSG00000007030"
266.697736487011,-0.847576614413905,0.228986863106117,0.000102165999928887,0.000253321880707146,"ENSMUSG00000036872"
106.370343727662,0.82804475617135,0.222579104104845,0.000102512812160163,0.000254143094173491,"ENSMUSG00000092167"
2646.80195323177,-0.623231187506068,0.164751627044324,0.000103266227813357,0.000255971928787244,"ENSMUSG00000024384"
3007.84262593058,0.420739835478945,0.10950955013611,0.00010338989627968,0.000256239453660266,"ENSMUSG00000061981"
52.7782360769199,1.1574333048193,0.324016219348719,0.000103470496858681,0.000256400174739779,"ENSMUSG00000096141"
98.3188005754105,0.798704643939557,0.21459417229053,0.000103577777826845,0.000256626950907972,"ENSMUSG00000039632"
246.42852893647,-0.56100716982611,0.147547501358025,0.00010364738332922,0.000256760326561109,"ENSMUSG00000045282"
837.50206655691,0.426849337631214,0.111767799169136,0.000103682180595683,0.00025680744609503,"ENSMUSG00000054277"
5021.82405176008,-0.220970185045022,0.0571192666842095,0.000104045777372679,0.000257668821553699,"ENSMUSG00000030662"
1108.96444412264,-0.317015590173085,0.0822295824225401,0.00010441128122393,0.000258534657098135,"ENSMUSG00000030697"
1594.74981095861,-0.305600996112601,0.079228031986066,0.000104437680502235,0.000258560694025152,"ENSMUSG00000026309"
1426.11124294671,-0.335070053310928,0.0869834656420502,0.00010455667954214,0.000258815941238893,"ENSMUSG00000038250"
2107.45915576281,0.453803496262044,0.118473230035936,0.000105240430516726,0.00026043937224326,"ENSMUSG00000021508"
3402.864568977,-0.33712885270358,0.087430289799079,0.000105248770505558,0.00026043937224326,"ENSMUSG00000028796"
28.4479430170018,1.45658023360186,0.419132500276614,0.000105260512961568,0.00026043937224326,"ENSMUSG00000066510"
676.721548672837,-0.491174480760547,0.128723727336942,0.000105346509899461,0.000260612536192011,"ENSMUSG00000047648"
25.2043649731719,1.76449782966219,0.520033825415144,0.000105707321558944,0.000261465397407156,"ENSMUSG00000052631"
136.930249384584,-0.586829008682778,0.154815831476175,0.0001057665837535,0.00026157223493459,"ENSMUSG00000034258"
5433.19010130572,-0.392304624870771,0.102212758539407,0.000106324988736733,0.000262913286747158,"ENSMUSG00000007950"
3100.29572232042,0.393574237661057,0.102795302289413,0.000106481589801063,0.000263260528369032,"ENSMUSG00000025362"
4869.23878786026,-0.613520223353394,0.162387848479646,0.000106507773743091,0.000263285275776771,"ENSMUSG00000019146"
1614.64622718558,-0.45785853481924,0.119874702635592,0.000106726927855609,0.0002637565243833,"ENSMUSG00000012640"
3303.65542712799,-0.331397301933106,0.0861300720444839,0.000106730816200565,0.0002637565243833,"ENSMUSG00000035623"
582.733085420661,-0.434530835470085,0.113585640076924,0.000107738391281659,0.000266206061518342,"ENSMUSG00000020526"
3236.54300442799,0.335669881129798,0.086995107547494,0.000107908188276886,0.000266585140198991,"ENSMUSG00000022451"
341.926655019697,-0.696247935929883,0.185808164534281,0.000108502107721362,0.000267971068045567,"ENSMUSG00000001504"
1219.88091619607,-0.360368376691698,0.093898702041291,0.000108495544484986,0.000267971068045567,"ENSMUSG00000021666"
32.4544172171518,-1.24364839712568,0.350629078021416,0.000108571438872051,0.000268101620442846,"ENSMUSG00000042485"
3491.54331380275,0.226092042073653,0.0585863894690333,0.0001088822592783,0.000268828365923277,"ENSMUSG00000015755"
20.6189359656002,1.9853174603014,0.609643979906141,0.000108963205324852,0.000268987421334234,"ENSMUSG00000087230"
1466.59555101624,0.295430940584953,0.076772421443373,0.000109781334845852,0.000270965969464863,"ENSMUSG00000079316"
308.923364142134,0.499163818526004,0.131114421983777,0.000109937265691057,0.000271309704505613,"ENSMUSG00000064254"
10.2043537816801,2.22138310387778,0.667921348759848,0.000110559894371023,0.0002728049053466,"ENSMUSG00000030866"
12538.6346446882,-0.230832544788916,0.0599516134593114,0.000110814306534004,0.000273349792659572,"ENSMUSG00000025369"
46.9661233896189,1.38642320085961,0.398033299873234,0.000110798589386779,0.000273349792659572,"ENSMUSG00000033450"
579.744105014067,0.421827728516004,0.110353061500051,0.000111185745382003,0.000274224479292157,"ENSMUSG00000115338"
1102.09171676389,-0.379595530052959,0.0991141686607376,0.000111295239677076,0.000274452948259876,"ENSMUSG00000002105"
997.483236723229,0.561734002806513,0.148359703575522,0.000111932009542822,0.000275981407352024,"ENSMUSG00000026156"
586.561718580584,-0.44081440011893,0.115561878147761,0.000112001887865392,0.000276111878036173,"ENSMUSG00000069114"
4434.45911659877,-0.309720635468503,0.0806724955317258,0.000112033381016993,0.000276147694759934,"ENSMUSG00000021796"
1379.54317710256,-0.802960493640192,0.217369231364069,0.000112056684053271,0.000276163316127046,"ENSMUSG00000047146"
1563.26458149333,-0.482175641521509,0.126776144436147,0.000112315035124049,0.000276758120155808,"ENSMUSG00000032396"
90.3853825058736,1.35966107624451,0.390996789840831,0.000112754835254343,0.000277780655866217,"ENSMUSG00000055761"
22.7160634427524,1.74689104763722,0.517881235926557,0.000112764134043738,0.000277780655866217,"ENSMUSG00000116069"
26.3815507922195,1.39965399223332,0.403613775132898,0.00011278329597368,0.000277785821131723,"ENSMUSG00000003882"
7449.87326793067,-0.412267706169442,0.107120292076564,0.000113191437698303,0.000278748899070042,"ENSMUSG00000013663"
232.637705185556,0.718493642749554,0.192733872021577,0.00011354670446662,0.000279581493769119,"ENSMUSG00000027890"
173.360018221218,0.894288984283467,0.243932772326201,0.000113846675550756,0.000280277704872234,"ENSMUSG00000066197"
795.987450635265,-0.57184515875477,0.151707789849753,0.000114306994354173,0.000281368403764893,"ENSMUSG00000015659"
1526.01506563602,-0.312116577962529,0.0814184496156188,0.000114339721247441,0.000281406407993021,"ENSMUSG00000005069"
108.959428596896,-0.847652443638446,0.230537691647073,0.000114377753524205,0.00028145745606455,"ENSMUSG00000006585"
503.458814987621,-2.32689522873711,0.730941073581992,0.000114591721548017,0.000281941360846223,"ENSMUSG00000021390"
14.0506196383149,2.24250016137409,0.705984747586711,0.000114715748823558,0.000282203862679444,"ENSMUSG00000035435"
2878.79602198051,-0.365925432079232,0.0956988325587489,0.000114809920993911,0.000282392851909775,"ENSMUSG00000025979"
210.411163484529,0.574346596067626,0.15199591425169,0.000115089095389697,0.000282994002228623,"ENSMUSG00000021108"
1716.86937833097,-0.338336336378315,0.0883633211273267,0.000115082718892502,0.000282994002228623,"ENSMUSG00000032786"
743.308740412127,0.461511228308462,0.121295574257435,0.000115465695728085,0.000283877147721156,"ENSMUSG00000098188"
17.9428785767143,-2.00243063889894,0.611165342233618,0.000115614527048773,0.000284200131576552,"ENSMUSG00000051354"
640.209478510689,-0.506331943672174,0.133641776735237,0.000115692499541235,0.000284348861170501,"ENSMUSG00000033961"
864.466023254638,-0.362068789367902,0.0947239100644541,0.000115888523024362,0.000284787647613309,"ENSMUSG00000063787"
15.5321869326708,1.84382783388907,0.550990439582435,0.000115963432075224,0.000284928716576678,"ENSMUSG00000036131"
1622.38866482568,0.666302537935905,0.17793445818943,0.000116669656199119,0.000286620685724307,"ENSMUSG00000019883"
1094.81104967846,-0.483199811730655,0.127437933289235,0.000117340937290204,0.000288226313144703,"ENSMUSG00000021891"
2738.51876054036,0.249153271835482,0.0648995273520366,0.000117779323338095,0.000289259478771501,"ENSMUSG00000039128"
1291.06830702175,-0.705043132385075,0.18941135952462,0.000117933534768354,0.000289594520886901,"ENSMUSG00000022801"
53.9939096193981,-1.2734207823411,0.364146428648773,0.000118491401151766,0.000290920517035965,"ENSMUSG00000030787"
450.166274500347,-0.520693159552447,0.137786710202573,0.000118983999338911,0.00029208589070107,"ENSMUSG00000079043"
473.168545174321,0.505427528460521,0.133544888829483,0.000119288415938303,0.000292789028142899,"ENSMUSG00000090122"
396.080915456225,-0.454954058845157,0.119879881640603,0.000119360829034409,0.000292922595359883,"ENSMUSG00000050064"
1804.33721509466,-0.411315011598689,0.108121676265322,0.000119470064985496,0.000293146475404569,"ENSMUSG00000038482"
5195.72738948863,0.349535395197218,0.0914974156031992,0.000120188844415443,0.000294865713548542,"ENSMUSG00000002981"
3313.20366494409,-0.6203295441264,0.165622348907915,0.000120420018277299,0.00029538834501475,"ENSMUSG00000028613"
19.5964910778855,-1.73827083719807,0.518505595766813,0.000120647902922923,0.000295902751812466,"ENSMUSG00000058925"
591.657655959408,-0.469186877399614,0.123886356231058,0.000120739093121655,0.000296081795395345,"ENSMUSG00000030037"
21.8384687349036,1.53180794427188,0.448792371089125,0.000121181339526458,0.000297121531075717,"ENSMUSG00000059229"
764.939563830355,-0.394510312887998,0.103715006146878,0.000121552629848307,0.000297987004317883,"ENSMUSG00000075600"
408.321076754971,-0.565866613401805,0.15048587450544,0.00012178075490127,0.000298501299244523,"ENSMUSG00000036114"
224.051256120541,0.506167389020433,0.133992941200144,0.000122525466904794,0.000300281473995218,"ENSMUSG00000030768"
1021.27551741716,0.397913746991579,0.104608356614377,0.000122912955841415,0.000301185773774885,"ENSMUSG00000052139"
5908.46871882807,-0.312260511674731,0.0818057793464347,0.000123298695831329,0.000302085516367004,"ENSMUSG00000032536"
2173.7048659823,-0.415988783961984,0.108549389805695,0.000123703542109157,0.00030303179209223,"ENSMUSG00000046691"
29.6206728976889,1.27508846145716,0.365763352602641,0.000124074769219725,0.000303895439867393,"ENSMUSG00000059203"
2057.32166900066,-0.33309536750015,0.0874538934398578,0.00012499987152051,0.000306115226208946,"ENSMUSG00000030533"
2455.77457752665,-0.411734156670242,0.108473652592118,0.000125343187690741,0.000306909808849261,"ENSMUSG00000002504"
592.627208807408,0.436459450416569,0.115177694674383,0.000125429530748441,0.000307075034068751,"ENSMUSG00000031378"
20.0803904157158,1.55555121809451,0.4569036776555,0.000125480114691592,0.000307152677736802,"ENSMUSG00000034855"
790.50649204467,0.428107394338864,0.112900414782408,0.000125630277664795,0.000307474012904454,"ENSMUSG00000048550"
15595.1908935532,-0.316684173939516,0.0831424217804796,0.000125755100671554,0.000307733242443109,"ENSMUSG00000023456"
86.2070228803222,0.949618330867646,0.263259537142508,0.00012687229285268,0.000310420439359074,"ENSMUSG00000025473"
282.782193906521,-0.775991354522113,0.210966398110326,0.000126899678789701,0.000310440783188871,"ENSMUSG00000078879"
150.470253415549,-0.596040296472377,0.159352494022459,0.000127098631536076,0.000310880769969082,"ENSMUSG00000034071"
212.258955950228,1.86554971117799,0.568851083821042,0.000127740490326729,0.000312403801312874,"ENSMUSG00000038295"
2219.80271500791,-0.310572487355986,0.0816849638734185,0.000129428421774182,0.000316484279651515,"ENSMUSG00000036940"
12559.6681680829,-0.312719661926568,0.0822337944504501,0.000129632003724254,0.00031693447831532,"ENSMUSG00000078578"
300.110283368039,0.482421633295355,0.128052136980651,0.000130922891557789,0.000320042473160787,"ENSMUSG00000040621"
6487.97665884824,0.531439441279243,0.141476446102834,0.00013115412844239,0.000320559595012796,"ENSMUSG00000025092"
260.552444964721,-1.87512959621482,0.575584017474783,0.000131751983513967,0.000321972494766605,"ENSMUSG00000037254"
5593.07115450488,0.353775466495056,0.0942867884477933,0.000131832703290166,0.000322121396601218,"ENSMUSG00000053702"
406.362809067559,-0.670509077904866,0.181177429713132,0.000133078138267972,0.000325115703846023,"ENSMUSG00000030031"
252.655208028936,0.726842305139693,0.197236781754158,0.000133270590360372,0.000325537015289036,"ENSMUSG00000037892"
186.976737283395,-0.675376530679385,0.182480943016676,0.00013379808374836,0.000326776475207174,"ENSMUSG00000048406"
1713.39122815354,0.293784709794687,0.0773174354870463,0.000134003278799877,0.00032722852869853,"ENSMUSG00000048486"
794.585006083007,0.436124959969533,0.115598949972642,0.000134163533143048,0.000327570720339364,"ENSMUSG00000041477"
2019.21436550192,-0.26988516526914,0.0710096792397037,0.000134308525858839,0.000327875552479031,"ENSMUSG00000037210"
36.3857613576494,1.73283129910078,0.524892325922553,0.000134993686605359,0.000329498760018299,"ENSMUSG00000010142"
2582.83238890978,0.432908264980683,0.114685806139298,0.00013515175778179,0.000329835129411091,"ENSMUSG00000032667"
2031.01511378233,-0.388102952985308,0.102704402573653,0.000135479714805349,0.000330585938780014,"ENSMUSG00000021767"
1228.78660776857,-0.297784834627951,0.0785278647532117,0.000136791090610729,0.000333735817290384,"ENSMUSG00000031584"
762.161988899987,0.432103985103666,0.114666903275237,0.000137026567115101,0.000334260221714314,"ENSMUSG00000062646"
10.46072711257,2.22806389692911,0.686343425002138,0.000137224298105165,0.000334692407035642,"ENSMUSG00000028362"
1316.94325738784,-0.439717228684634,0.116839059041964,0.000137625756011788,0.000335621281851669,"ENSMUSG00000032812"
148.726782576655,0.738536755699037,0.200984005095126,0.000137678195192147,0.00033569887078157,"ENSMUSG00000074818"
2115.29107474689,-0.276467313969669,0.0728843552839127,0.00013783367496585,0.000336027641320069,"ENSMUSG00000058709"
1832.16200240665,-0.415058635395197,0.110123003314795,0.000137866009134193,0.000336056139066546,"ENSMUSG00000054477"
409.457795535131,-0.563980366347148,0.151270559259127,0.000137915545820293,0.000336126554104316,"ENSMUSG00000040152"
141.627601831024,-2.49608609364743,0.806856856037613,0.000138058441976076,0.000336424448875235,"ENSMUSG00000032092"
3134.48489786812,0.504343315850426,0.134489758668694,0.000138335393445121,0.000337048875093501,"ENSMUSG00000025241"
8225.42167067088,0.332236172169923,0.0883027509845439,0.000138456945038113,0.000337294545245496,"ENSMUSG00000020671"
60.9892647233329,0.878667353328614,0.242781891552788,0.00013873878779618,0.000337930568269673,"ENSMUSG00000000682"
1869.81837261948,0.422742426953536,0.112227975670749,0.000139323160056668,0.00033930317166404,"ENSMUSG00000005483"
1707.533418721,-0.524554281929459,0.14032253560855,0.00013944484553511,0.000339548720362083,"ENSMUSG00000021738"
17.4497020680419,-1.62603374005051,0.489529679616745,0.000139774259302972,0.000340299939116628,"ENSMUSG00000072944"
877.771855625321,-0.359443192065256,0.0952045921399029,0.000139809509938742,0.000340334859097179,"ENSMUSG00000026377"
785.302777594337,-0.378262454021477,0.1002365837236,0.000140021253955537,0.00034079933790195,"ENSMUSG00000019235"
1211.48116571279,-0.354316631912908,0.0937659451655976,0.000140126705076627,0.000341005009005431,"ENSMUSG00000027884"
5237.96656540434,0.320322284684829,0.0846441302382647,0.000140513238413871,0.000341894543333481,"ENSMUSG00000001729"
1375.55696822632,-0.527184059127076,0.14116374663075,0.00014084738275029,0.000342605154872865,"ENSMUSG00000020522"
237.980644212578,-0.570339847225171,0.153117503138267,0.000140843590654609,0.000342605154872865,"ENSMUSG00000029710"
1547.38394873122,-0.513415272241453,0.137434185700996,0.000141861134044642,0.000345019503956174,"ENSMUSG00000040929"
47.5480587043498,1.40168685070602,0.414754661683493,0.00014205707713736,0.00034544444302987,"ENSMUSG00000025161"
2140.1865096036,0.293432546938972,0.0774855707816014,0.00014218773833576,0.00034571053093794,"ENSMUSG00000040591"
1331.58476764712,0.273440753594598,0.0721672833227021,0.000142240288687286,0.000345786651620615,"ENSMUSG00000004031"
2879.21017665787,-0.451417748574613,0.120685913691373,0.000142695845262101,0.000346833591495238,"ENSMUSG00000036825"
49.1530199006857,0.951873052333892,0.265444947334157,0.00014271356406408,0.000346833591495238,"ENSMUSG00000074361"
1427.88414837015,-0.369092520752814,0.0978605043850834,0.000142754245654469,0.000346880670363254,"ENSMUSG00000022721"
619.906828329953,-0.60534383421274,0.163292845087522,0.000143751993297208,0.000349252977148051,"ENSMUSG00000049511"
416.727937518312,-0.757480796332252,0.20750441851929,0.000144711585858627,0.000351531889957728,"ENSMUSG00000078606"
240.686436022181,-2.50029709015399,0.812715383119507,0.00014478498404274,0.000351657709675876,"ENSMUSG00000023046"
1872.86773433996,-0.372197442069206,0.0988659098421788,0.000144825953145902,0.000351704738968968,"ENSMUSG00000039220"
128.322238697589,0.728124043979587,0.198775054050431,0.000144976550215812,0.000352017942185709,"ENSMUSG00000053158"
1132.41132669429,0.447140917248554,0.11917257623425,0.000145066611331097,0.000352184086390395,"ENSMUSG00000038028"
66.0455409123924,-1.3689354078685,0.402434672476221,0.000145265576998928,0.000352614533609983,"ENSMUSG00000005107"
92.5402095632956,0.840143570697012,0.232185114403807,0.000146228223590454,0.0003548983187126,"ENSMUSG00000035860"
2024.87841450039,0.3092749067356,0.0819805124946404,0.000146544415656795,0.000355612700963224,"ENSMUSG00000020650"
763.028407960549,-0.397039068873956,0.105738401819803,0.000147570926557139,0.00035805031189404,"ENSMUSG00000033632"
2039.52050099156,-0.316164934554858,0.0838307304252602,0.000147715353643743,0.00035834732140281,"ENSMUSG00000000738"
2154.80876572603,-0.348672893046993,0.0926642574587587,0.00014807711670724,0.000359171406014075,"ENSMUSG00000027194"
1036.00965278599,-0.55498120390964,0.149471210518572,0.000149070381755104,0.000361526769101548,"ENSMUSG00000096883"
119.221670627166,0.723499873242483,0.197679002898436,0.000149161999932107,0.000361695074466681,"ENSMUSG00000032303"
954.30569491535,-0.385306900464096,0.102615648630944,0.000149439075573069,0.000362312968748647,"ENSMUSG00000000976"
1225.06196054302,-0.362465760124192,0.0964567986793356,0.000149467386837594,0.00036232764302939,"ENSMUSG00000029538"
2913.29722256493,-0.239165695699535,0.0633247501432366,0.000149906822948019,0.000363338782600931,"ENSMUSG00000032301"
1210.40387894042,-0.302851063429584,0.0803879085222515,0.000150730534336011,0.000365280875081374,"ENSMUSG00000089862"
15.6693519748442,1.93882757796369,0.597761382705441,0.000150857342243624,0.000365533762584356,"ENSMUSG00000107272"
327.84985920743,-0.691235637200919,0.188591329103994,0.000151029853442148,0.000365897299349797,"ENSMUSG00000034463"
1471.14994535073,-0.417069986456731,0.111301099207747,0.000151978792663799,0.000368141486157934,"ENSMUSG00000074994"
113.059368914833,-1.0573991886862,0.30096247424011,0.000152108323204852,0.000368400429270731,"ENSMUSG00000030598"
945.039361546819,-0.500167876941639,0.134313641021503,0.000152320328635242,0.000368859016590965,"ENSMUSG00000056268"
964.404285508944,-0.339612624730421,0.0904144594992429,0.000152522710864497,0.000369239245605634,"ENSMUSG00000031986"
4270.34286013159,-0.436097029033568,0.117381483223071,0.000152519427824301,0.000369239245605634,"ENSMUSG00000039697"
1714.52156319388,-0.357072459264862,0.0951338880342844,0.000152826820329833,0.000369881475005705,"ENSMUSG00000029681"
3883.03609300072,-0.278485372910298,0.0739063078713619,0.000152833443966604,0.000369881475005705,"ENSMUSG00000062234"
1821.75999379666,-0.261924900301495,0.069514929125488,0.000153618421429724,0.000371725979490567,"ENSMUSG00000038416"
4031.11148799888,-0.218242374476082,0.057844454329757,0.000154030574363019,0.00037266790866249,"ENSMUSG00000025451"
1384.67343394393,0.68348204767801,0.186431039164498,0.000154382959492134,0.000373464974678697,"ENSMUSG00000041577"
3122.39552727679,0.268558080817023,0.0712563471577003,0.000154469913196988,0.000373619798962938,"ENSMUSG00000090071"
7560.02791852446,-0.295379128665861,0.0785421838382391,0.000154873576804437,0.000374540496690333,"ENSMUSG00000031701"
374.185570645136,-0.455241327936751,0.122021371703888,0.000155237702520677,0.000375365318127092,"ENSMUSG00000045538"
556.93169775212,-0.403517123486974,0.107897279770431,0.000155506312488972,0.00037595897143851,"ENSMUSG00000029534"
1672.54997613618,0.38868543815372,0.103764006409384,0.000155626464247333,0.000376193582568769,"ENSMUSG00000038602"
907.286044759975,0.383291050265559,0.1022638176298,0.000155678093066972,0.000376262509123112,"ENSMUSG00000062590"
13938.555201779,-0.310165663334792,0.0825641413591277,0.000156328780703093,0.000377779081396222,"ENSMUSG00000024277"
23.3278891572516,1.44721444686483,0.428318303916266,0.000156695860996962,0.00037860994883606,"ENSMUSG00000020090"
694.192334574552,-0.43608118964076,0.116834967216054,0.000156775571051202,0.000378746326145959,"ENSMUSG00000075273"
9.69717950448311,-2.30310671632302,0.72594132589733,0.000157513644800347,0.000380472935162495,"ENSMUSG00000068999"
1174.04687790917,0.474131355203187,0.127315756497475,0.000158026643174454,0.00038165544474685,"ENSMUSG00000035824"
19.7497466077662,2.01208675941429,0.641614142462429,0.000158073768680719,0.000381712625216546,"ENSMUSG00000022033"
37.1872012454083,1.2747229066722,0.371566592960855,0.000158788070660043,0.000383380631000324,"ENSMUSG00000111469"
97.4715589410142,0.89578616992101,0.250899307363091,0.000159662517682737,0.000385434741634228,"ENSMUSG00000033356"
468.352740065792,-0.501904340614538,0.135235020753301,0.000160555547314328,0.000387533095964211,"ENSMUSG00000028476"
6.37987754175289,3.05397643462079,0.939970101084862,0.000161742075443982,0.000390339140708249,"ENSMUSG00000019913"
3720.02388343346,-0.35820661885328,0.0959002265074191,0.000162675629005187,0.000392533929579964,"ENSMUSG00000027272"
50.1651272757787,0.98055822307797,0.277631705008637,0.000163102099375553,0.000393504664834038,"ENSMUSG00000038522"
1488.52483892565,0.38476185036113,0.103011284264774,0.000163367164349673,0.000394085758933606,"ENSMUSG00000058317"
40.9150836018231,1.17350648593153,0.341248067937263,0.00016379138477084,0.000395050549903649,"ENSMUSG00000038775"
7.25327257035157,-2.52830266116863,0.793908348386732,0.000164264443803657,0.000396132832034953,"ENSMUSG00000114147"
2316.68030276351,-0.218094196387894,0.0580586595760391,0.000165095736504083,0.000398078565962592,"ENSMUSG00000022992"
862.290510415476,0.509439109818085,0.137520804542061,0.000165650228053866,0.000399356399920147,"ENSMUSG00000038607"
17.1542424394853,-1.72393869075186,0.528768707730068,0.000165872432298745,0.000399832882120387,"ENSMUSG00000028860"
13337.0035824015,-0.315179672721309,0.0842841302111664,0.000166396375486254,0.000401036452497076,"ENSMUSG00000035530"
3750.4772632846,0.393136223273788,0.105426337653537,0.000166485474337276,0.000401191791452581,"ENSMUSG00000024241"
158.968956736713,-0.713653067994176,0.196480955151048,0.000166874423611759,0.000402069548187125,"ENSMUSG00000082724"
779.986543869379,0.526647523902999,0.142577472364765,0.000167504340072263,0.000403527548867294,"ENSMUSG00000028619"
866.676247308612,-0.379076611601557,0.101681055724939,0.00016778874420282,0.000404152882233428,"ENSMUSG00000026096"
112.24533715303,0.811047659302391,0.225540898659966,0.000168961470174859,0.000406917415520987,"ENSMUSG00000048647"
2619.30054232396,0.466100618640969,0.125688732337545,0.000168987160080161,0.000406919081624979,"ENSMUSG00000021277"
17.3933411608755,2.09821372963006,0.684560559299639,0.000169259320867973,0.000407514158421664,"ENSMUSG00000034394"
5751.43706965691,0.231900899550012,0.0618326457730131,0.000169435125346583,0.00040787710298605,"ENSMUSG00000039686"
13.7096452783846,2.0417907631773,0.64302661732774,0.000170112686882917,0.000409447629318369,"ENSMUSG00000029597"
1438.87259296213,-0.310284781494868,0.0830694383985373,0.000170204913894856,0.000409609046182802,"ENSMUSG00000090000"
31.7240790821723,1.10887205046478,0.320026706245878,0.000170627338960465,0.00041056494066496,"ENSMUSG00000044827"
1879.88235555916,0.535385157244584,0.145234209283026,0.00017117854150783,0.000411830372253097,"ENSMUSG00000036095"
1467.95778756527,-0.306186470155195,0.0819777322133269,0.000171318776746011,0.000412106849101753,"ENSMUSG00000033991"
496.464611959089,0.331540582142009,0.088817396523012,0.000171485686042372,0.000412447399142691,"ENSMUSG00000074865"
525.932597732673,-0.461550965247525,0.12472353843144,0.000172289352220243,0.00041431911293265,"ENSMUSG00000060798"
664.885256447249,-0.368034445658547,0.0989136533844854,0.000172931071948215,0.000415800884663669,"ENSMUSG00000044155"
14254.914442041,0.325173000989598,0.0870062707158152,0.000173446492131296,0.000416978584982017,"ENSMUSG00000001847"
161.775010826999,0.550313574850537,0.149566916110031,0.000173870406732921,0.000417935983579221,"ENSMUSG00000021496"
2893.36934426555,0.34569657335662,0.092775547544816,0.000173921514592156,0.000417997108302247,"ENSMUSG00000028402"
2430.20196757698,-0.404267699287139,0.109096520531841,0.00017417581004891,0.000418546477114874,"ENSMUSG00000102697"
190.942393892638,1.06670014558919,0.306272048703256,0.000174592951079437,0.000419486945781709,"ENSMUSG00000033007"
6112.72251939217,0.307925366203687,0.0825373453786125,0.000175398595516007,0.000421360439464221,"ENSMUSG00000038429"
276.652723765804,-0.571339213144113,0.155854340180977,0.000175853729384311,0.000422391472173207,"ENSMUSG00000078864"
4663.51881670883,-0.363249803946593,0.0977149456157894,0.000176053111261295,0.000422807988361074,"ENSMUSG00000040385"
484.28340889454,0.467876024845375,0.126528404653964,0.000176677722534942,0.000424245459127273,"ENSMUSG00000039936"
8012.97564632258,-0.299693289139013,0.0804444261526802,0.000178174316538807,0.000427776036079455,"ENSMUSG00000029632"
619.162941565165,0.563036851219564,0.153452709158336,0.000178295722860052,0.000428004391198338,"ENSMUSG00000033022"
854.414737103575,-0.274859947686961,0.0737079735057831,0.000178342786257448,0.000428054242804297,"ENSMUSG00000025971"
2765.27048828195,-0.269886406898896,0.0723611385736809,0.000178461587156844,0.000428276237024783,"ENSMUSG00000059486"
610.800359226671,-0.400054494589382,0.107948926719009,0.000178723543866026,0.000428841663775232,"ENSMUSG00000020018"
14597.5418504354,-0.589973234445502,0.161416549454363,0.000178855591241439,0.000429095256334288,"ENSMUSG00000027797"
665.449892719971,-0.335385488531881,0.0902064190652223,0.000179220231010346,0.000429906707985029,"ENSMUSG00000017764"
5992.17212096373,0.339245967726977,0.0912071484804164,0.000179771390468098,0.000431165270965037,"ENSMUSG00000033597"
27.9296037990142,1.32416173479775,0.393381385113049,0.000180565783034943,0.000433006749593814,"ENSMUSG00000023968"
65.2880444045078,0.766581029335631,0.213418980829733,0.000180654108906613,0.000433154748089828,"ENSMUSG00000027699"
31497.0271156103,0.298486598462605,0.0801442337463806,0.000181019406260054,0.000433966700309448,"ENSMUSG00000019370"
4708.10095533144,-0.463238818450864,0.125614602158753,0.000181203452103658,0.000434343954254652,"ENSMUSG00000070544"
1095.44400022493,-0.323621337255166,0.0870838214721885,0.000181417130973412,0.00043479211690006,"ENSMUSG00000032977"
1985.52745528026,-0.471582008000124,0.128045098560727,0.00018188555497857,0.000435850590893738,"ENSMUSG00000040339"
16.018675349186,2.02382155545255,0.63686362747248,0.000182285475263657,0.000436744622658493,"ENSMUSG00000076498"
1120.16258216503,0.398479280052664,0.107618406187141,0.000182807952101393,0.000437931985917068,"ENSMUSG00000030879"
1192.70712297742,-0.32888519807812,0.0885446116551291,0.000182883675266856,0.000438048920834887,"ENSMUSG00000074797"
11.1745016643378,2.16277090108886,0.688539582759062,0.000183825191631147,0.000440239292242431,"ENSMUSG00000024334"
9.11175343388957,-2.70523057753766,0.870148952479227,0.000184003650627642,0.000440601857151625,"ENSMUSG00000083015"
3012.86756966572,-2.33582552319311,0.771382203311935,0.000184217397745678,0.000441048801368457,"ENSMUSG00000048583"
7376.7041116207,-0.563425247660761,0.154314388621343,0.000186956860384962,0.000447541731374472,"ENSMUSG00000002028"
97.9234412700227,3.19057936768333,1.10472172660761,0.000187556869930638,0.000448912031867508,"ENSMUSG00000005892"
3500.20413061949,0.498136093428189,0.135559449856936,0.00018760890595051,0.000448970563225876,"ENSMUSG00000024065"
133.527431584863,0.860723537191231,0.242664385504444,0.000188266060985555,0.000450476986729804,"ENSMUSG00000053553"
18.2633621727968,-2.83543791517862,1.00731891129727,0.000188346410309727,0.000450603008086675,"ENSMUSG00000062345"
807.119222212347,0.459322894241412,0.124738976752813,0.000188596710166205,0.000451135525067669,"ENSMUSG00000044519"
307.320783568634,-1.60725387754466,0.496576644793103,0.000188683571763766,0.0004512769881238,"ENSMUSG00000013584"
588.366057096992,-0.401950959830622,0.1089350398615,0.000189048562421169,0.000452083516834405,"ENSMUSG00000051890"
740.558806421312,-0.346796903300213,0.0937004974538485,0.000189455125804393,0.000452989209436532,"ENSMUSG00000027601"
1937.5026279653,-0.259120633379211,0.069735096459907,0.000189876791103486,0.000453909765338904,"ENSMUSG00000026155"
558.937243002386,-0.384091879513234,0.103957340964509,0.000189895902565299,0.000453909765338904,"ENSMUSG00000036678"
238.11289084664,-0.551549878980054,0.151098728759505,0.000190101342893474,0.000454334115345759,"ENSMUSG00000073427"
2826.57262577269,-0.271630216936768,0.0731500810066243,0.000190279797100319,0.000454693854550645,"ENSMUSG00000041815"
25.1469944000779,-1.74221323782301,0.541363535378215,0.000190432782632563,0.000454992636972384,"ENSMUSG00000035799"
42.242455071487,-1.02321060149241,0.295218527206535,0.000190578603511537,0.000455274216020075,"ENSMUSG00000018986"
1848.83322880234,-0.410302914605572,0.111278105706444,0.000190668653611404,0.000455422500878421,"ENSMUSG00000003269"
10059.1197050932,-0.340396610014645,0.0918804240617384,0.000190832374216806,0.000455743099750978,"ENSMUSG00000046329"
14.1681768701827,2.14256190577292,0.69240884065355,0.000190858871544564,0.000455743099750978,"ENSMUSG00000046337"
4574.49365988446,0.554334472785397,0.151548796794717,0.000191016515661815,0.000456052631555152,"ENSMUSG00000031760"
1035.82690866154,0.421223083521973,0.114255419241364,0.000191224207894322,0.000456481545109807,"ENSMUSG00000022370"
3573.44219109535,-0.278374437709795,0.0750198390398203,0.000191417909058435,0.000456876938952083,"ENSMUSG00000006920"
458.030552578838,-0.501569312639699,0.136838986306814,0.000191715278208017,0.000457519615697128,"ENSMUSG00000004996"
6098.01070098424,-0.24163717591023,0.065106847874737,0.000192935513437973,0.000460364158273721,"ENSMUSG00000001017"
396.829007868315,-0.391005463650524,0.105958148377607,0.000193219421112988,0.000460974019768024,"ENSMUSG00000043602"
3314.1068551793,-0.297923287595135,0.0804157844384987,0.00019382411257696,0.00046234890160137,"ENSMUSG00000058239"
3496.99000809545,0.264526560904347,0.0713150295546087,0.000194179508235091,0.000463128796344442,"ENSMUSG00000029394"
638.82667808717,0.321775953622639,0.0868973386860502,0.000194278801714088,0.000463297734295624,"ENSMUSG00000040532"
1874.90365020905,-0.471618436873292,0.128569072824722,0.00019446826847436,0.000463681627980903,"ENSMUSG00000015968"
2884.38712873025,-0.338431824740942,0.0916112041309221,0.00019463359820495,0.000464007866370852,"ENSMUSG00000020608"
376.137174106687,-0.868164720574943,0.246531597102835,0.000194857234581316,0.000464472992314346,"ENSMUSG00000047632"
1312.44422688827,-0.335430359994666,0.090758209825436,0.000195094505883209,0.000464970478296762,"ENSMUSG00000071266"
9009.83733194081,-0.211949041712464,0.0571024711320269,0.000195320214510358,0.000465440265231974,"ENSMUSG00000028557"
19.834981145745,1.64873988681653,0.515397709440368,0.000197287340976613,0.000470059036360847,"ENSMUSG00000017007"
3064.14291671468,-0.52241487342986,0.143106284188354,0.000197422773247456,0.000470312879104653,"ENSMUSG00000030103"
10800.2822347642,-0.243584602069752,0.0657206579754503,0.000197473138361375,0.000470364024911685,"ENSMUSG00000040722"
5172.27193238509,0.356454240633534,0.0965224355991201,0.00019811256785534,0.000471749031531483,"ENSMUSG00000038143"
84.5995889864249,0.713460135137214,0.198554565710855,0.000198099631537564,0.000471749031531483,"ENSMUSG00000051159"
219.689660980024,0.644133235280415,0.178190126405054,0.000198424089139037,0.000472421723417471,"ENSMUSG00000079364"
775.769124011368,-0.432840632709028,0.117923547104176,0.000198854194214754,0.000473376509714501,"ENSMUSG00000107476"
7270.97176840764,0.347428238964396,0.0941807624657333,0.000200075491577752,0.000476214190949356,"ENSMUSG00000024735"
45.8983256841577,1.25762955006879,0.37348832391092,0.000200862806735962,0.000478018240942689,"ENSMUSG00000071713"
919.244547506491,-0.431007981904531,0.117492533681657,0.000201388355490783,0.000479128858620134,"ENSMUSG00000024844"
60785.4252102631,0.29486211057686,0.0831541313438687,0.000201373968749565,0.000479128858620134,"ENSMUSG00000041329"
1295.09005288177,0.2806222436827,0.0758752661237436,0.000201850058073056,0.000480157130690224,"ENSMUSG00000073295"
2109.62609119142,-0.340648023642922,0.0924024184390007,0.000202350603260803,0.000481277486832168,"ENSMUSG00000027710"
1141.32623846483,0.438860081792252,0.119664970590032,0.000202887361092788,0.000482483632413207,"ENSMUSG00000033965"
925.592530670747,-0.365870018539098,0.0994027241507993,0.000203710586213817,0.00048429982801059,"ENSMUSG00000025782"
161.229084839463,0.555489176963519,0.152718771120624,0.000203685853169994,0.00048429982801059,"ENSMUSG00000046550"
253.943068510084,0.516929238807811,0.141867162528685,0.000204795991776144,0.000486809163862745,"ENSMUSG00000028709"
2490.85044500965,0.25591619910607,0.0692462673995493,0.000206882466544249,0.000491697005461715,"ENSMUSG00000044573"
1320.87151245892,-0.416519399069988,0.113671615513872,0.000207230222424019,0.000492451614688786,"ENSMUSG00000028466"
1261.42334948503,-0.329535785119042,0.0894608606806274,0.000207305125682453,0.000492557704840018,"ENSMUSG00000041629"
13.5639899072961,1.78852607509173,0.569557561403403,0.000210386158851858,0.000499797256215628,"ENSMUSG00000000409"
1039.15409030119,-0.403153016469188,0.109982407993385,0.000210413478120512,0.000499797256215628,"ENSMUSG00000021701"
689.021845605411,-0.477331602543192,0.13096675049355,0.000211126790847477,0.000501418427402281,"ENSMUSG00000028164"
1586.0760384433,-0.408694483196233,0.111646236110715,0.0002121105244127,0.000503681271537553,"ENSMUSG00000028145"
81.5930694433232,1.16947938604129,0.346980925905212,0.000212267988534278,0.000503981668226514,"ENSMUSG00000109654"
3472.81808135838,0.408352996365174,0.11147048928901,0.000213884624892601,0.00050774594195738,"ENSMUSG00000031483"
905.314135086454,0.462547660981237,0.126844587044486,0.000214741632452777,0.000509706079478901,"ENSMUSG00000030035"
2499.31405632544,0.39864539441481,0.108782626569353,0.000215263157140416,0.000510869466676147,"ENSMUSG00000030410"
5296.60923684613,-0.319608685204995,0.0869937200804023,0.000215480968579102,0.000511311837686679,"ENSMUSG00000039753"
32.0351794638269,1.14881790685221,0.339273872627671,0.000215923854062741,0.000512288077019864,"ENSMUSG00000084372"
33.2863775404596,-1.22699664612976,0.366293576888531,0.000216155401772706,0.000512762697472473,"ENSMUSG00000030830"
48442.5598481013,0.267253581331822,0.0725018051236084,0.000216193672148455,0.000512778754951559,"ENSMUSG00000023944"
2641.46851132278,-0.248859289067327,0.0675845012442808,0.00021651994531503,0.00051347780737734,"ENSMUSG00000030751"
1953.0747148058,0.277094808803061,0.0753028357733694,0.000217090794167977,0.000514756583753289,"ENSMUSG00000038991"
432.166545221159,-0.490272590560249,0.13493251315427,0.000217217342832568,0.000514981635104652,"ENSMUSG00000001663"
345.950445511921,-1.14715696681528,0.339621470634785,0.00021806585908055,0.000516918021568834,"ENSMUSG00000026141"
21.6098217136155,1.77263229179074,0.560691584404249,0.000218344965628358,0.00051750427351462,"ENSMUSG00000050783"
1089.52086995843,-0.343268962839821,0.0936384446359629,0.000219445500359795,0.000520036956595827,"ENSMUSG00000050721"
223.033759806196,0.520932277692271,0.143748863743093,0.000219692531207785,0.000520546582678358,"ENSMUSG00000036086"
187.970619106931,-1.13516552809044,0.335531564985688,0.000220316448498501,0.000521948937368448,"ENSMUSG00000024990"
2449.58186338573,-0.259310745552211,0.0705071213673393,0.000220442848534939,0.000522172393546526,"ENSMUSG00000025764"
3233.50927521774,0.487303265969248,0.133760604065753,0.000220725354170883,0.000522745088283577,"ENSMUSG00000033400"
59.7362890009355,0.988174048129515,0.286493598316167,0.000220748847331448,0.000522745088283577,"ENSMUSG00000072115"
271.636584802602,0.445326690654246,0.12217337355164,0.00022109368851925,0.00052348553624965,"ENSMUSG00000036983"
1746.80088256955,0.313035129359943,0.0855338830997183,0.000221697578772443,0.000524839032469142,"ENSMUSG00000042364"
151.829554639619,0.611875546784333,0.170332179854612,0.000221915498609523,0.00052527853517025,"ENSMUSG00000029456"
4527.8282216038,0.411172854296889,0.112537604577861,0.000222047947002087,0.000525515626824654,"ENSMUSG00000037712"
2493.87443287226,-0.314172260609297,0.085720430159654,0.000224649243608527,0.000531536689118248,"ENSMUSG00000021681"
744.077328800666,-0.311573747419493,0.0849914640618824,0.000224657354781518,0.000531536689118248,"ENSMUSG00000024683"
39.0506021244198,1.3563685159943,0.413646971836209,0.000226016133397301,0.000534673829304064,"ENSMUSG00000028801"
10916.4290973228,-0.324727887667028,0.0887864891697533,0.000226656140714423,0.00053610994747884,"ENSMUSG00000022789"
865.008829301947,-0.298672692086403,0.0814636874674001,0.000226811747485816,0.000536322142006699,"ENSMUSG00000035278"
1164.19275252013,-0.374741826895718,0.102663136527497,0.00022680832220211,0.000536322142006699,"ENSMUSG00000041153"
1370.21468040331,0.327400296211802,0.08943180835672,0.000227088600368812,0.000536898799826219,"ENSMUSG00000027900"
866.413118147443,0.311320579880619,0.0849893411828375,0.000227332929526729,0.000537398406453106,"ENSMUSG00000058704"
1200.39016631938,0.458618892343166,0.126229473005979,0.000227728014846265,0.000538254192778786,"ENSMUSG00000028082"
1525.47058917185,0.316170941681958,0.0863304360567247,0.000227895456962791,0.000538571755000044,"ENSMUSG00000021003"
221.807251177819,0.52983981242044,0.146665127654859,0.00022862929217059,0.000540227553774548,"ENSMUSG00000020829"
912.958978500922,-0.514854246045607,0.142419281855702,0.000228795938544232,0.000540542857419885,"ENSMUSG00000024427"
4762.97297586048,-0.328658723403651,0.0898810405782727,0.000229224002814815,0.000541475593936956,"ENSMUSG00000035011"
2607.33151871187,-0.424620851293031,0.116742216077378,0.000229706176025518,0.00054253585800107,"ENSMUSG00000006307"
76.0369032420842,1.01023183773525,0.295482045576723,0.000229965390537341,0.000543069291624379,"ENSMUSG00000037143"
8249.31368861171,0.393086877741557,0.107680917035025,0.000230556130044404,0.000544385361889007,"ENSMUSG00000031320"
578.518452093511,0.389266721851086,0.106783285106272,0.000230644743489132,0.000544473984373339,"ENSMUSG00000047787"
18.5796344099202,1.7240449796033,0.546654436978706,0.000230660560034313,0.000544473984373339,"ENSMUSG00000092229"
5439.73951880725,-0.652801651292799,0.183082285079732,0.000231030494687698,0.000545268144486929,"ENSMUSG00000034799"
776.111168138098,-0.357702056871945,0.0980353900694069,0.000231318636136232,0.000545869057556624,"ENSMUSG00000018541"
11770.1732155038,-0.402703969219295,0.10879684721086,0.000231809153601131,0.000546868029321624,"ENSMUSG00000030257"
3289.08181203933,0.485906645771756,0.134143161412033,0.000231793373305362,0.000546868029321624,"ENSMUSG00000039298"
2437.74229295601,0.598677849698056,0.166818680677553,0.000231861313497811,0.000546911818738932,"ENSMUSG00000089774"
1014.01631180508,-0.367502659026037,0.100768557684479,0.000232186604147699,0.000547599759825594,"ENSMUSG00000038957"
937.161643386778,0.373603132551131,0.102420903996664,0.000232462786538114,0.000548171699155066,"ENSMUSG00000030652"
3066.93223667785,-0.30787818468852,0.0842234970542806,0.000232713984993634,0.000548684566588408,"ENSMUSG00000023460"
2515.4535195165,-0.436904406369575,0.120351154367726,0.000233186679508209,0.000549719445189664,"ENSMUSG00000049225"
30.8948919246421,1.38556479429451,0.424301281890984,0.000233734867759349,0.000550931968923643,"ENSMUSG00000050534"
2354.96023200517,0.365204018263739,0.100156129924653,0.000234352474912256,0.000552248166071653,"ENSMUSG00000004677"
13729.0409719182,-0.619140444638695,0.173203957042909,0.000234361121220234,0.000552248166071653,"ENSMUSG00000037111"
1328.84842969073,-0.368599978077866,0.1011964256848,0.000234619603528553,0.000552777233498015,"ENSMUSG00000027540"
2124.9921383955,-0.361121703361631,0.0990790098925832,0.000234667421271812,0.000552809881832498,"ENSMUSG00000042719"
118.505665115234,-0.719319358898935,0.203210480525956,0.000235900411438445,0.000555634046794242,"ENSMUSG00000062312"
302.282039711086,-0.851490550466525,0.245917073550889,0.000235945123211843,0.000555658957702891,"ENSMUSG00000117001"
19.1060637885556,1.60311259170999,0.500137868234348,0.000236181059353012,0.000556134136286463,"ENSMUSG00000039013"
320.046658743816,-1.16093591484255,0.347120802235397,0.000236406151938467,0.000556583647852815,"ENSMUSG00000050211"
8692.39293253678,-0.314429284156743,0.0861545801299328,0.00023673748674527,0.000557283124980406,"ENSMUSG00000029328"
1504.94094998375,0.349907801014132,0.095850292922175,0.000237358624770725,0.000558664501737689,"ENSMUSG00000029213"
2859.01279289938,0.295261412930017,0.0807739569713338,0.00023801732258884,0.000560133869755838,"ENSMUSG00000025337"
3597.26739561223,-0.307268251366938,0.0841798496289118,0.000238270449830903,0.000560648508578698,"ENSMUSG00000030126"
6004.30795906781,-0.284427207097342,0.077906405757615,0.000238337732653999,0.000560725771374736,"ENSMUSG00000022378"
345.808567437135,0.47037623740849,0.130105712713267,0.000239259625709495,0.00056281332186404,"ENSMUSG00000051736"
2589.41119785063,-0.340611341455118,0.0935056017906248,0.000239772991964555,0.000563939425400814,"ENSMUSG00000031660"
2654.51569548066,-0.27500496000599,0.0752676955470379,0.000240585485564805,0.000565768641147629,"ENSMUSG00000017210"
1025.15577306736,-0.288400031106411,0.0790088235395411,0.000241244493815501,0.000567236439452365,"ENSMUSG00000028563"
1978.63813322878,-0.493513311969411,0.13688995462735,0.000242011900058546,0.000568958652390672,"ENSMUSG00000027263"
698.007479896995,0.404944418232925,0.111526891400497,0.000242626975253153,0.000570322296486762,"ENSMUSG00000068580"
1346.16820766915,0.740954569783152,0.210164979515837,0.000242842864643738,0.000570664956066228,"ENSMUSG00000057378"
16.6016589347321,2.09349701168922,0.684027066140289,0.000242832752527638,0.000570664956066228,"ENSMUSG00000093898"
2529.39499541343,-0.372550032098417,0.102546208258836,0.000243146834677694,0.000571296791986649,"ENSMUSG00000021180"
753.586757143186,-0.392630239172624,0.108164137474965,0.000244061672032735,0.000573363529708307,"ENSMUSG00000062198"
1530.61712552548,-0.445970849886596,0.123723892855041,0.000244374751963682,0.000574016192274864,"ENSMUSG00000030980"
732.252930315547,-0.38827240889412,0.107129731315716,0.000248344823918199,0.000583257400626236,"ENSMUSG00000051316"
3765.69459254459,0.392624892973438,0.108259913562718,0.000248580177100341,0.000583725926549243,"ENSMUSG00000063801"
9352.62672230047,-0.478166884161832,0.132716059712511,0.000248702754399978,0.00058392953066823,"ENSMUSG00000023845"
9315.36688103407,-0.278018770137385,0.0763391345180932,0.000250036557740537,0.000586976505177454,"ENSMUSG00000019132"
1350.65430170015,0.3226883064907,0.088720051315585,0.000250132149927055,0.00058711624174659,"ENSMUSG00000047242"
1829.71401054793,0.26230566651036,0.0719409323700751,0.000250510193950043,0.000587883027100044,"ENSMUSG00000020918"
3891.15868713736,0.345414923589466,0.0950723368012776,0.000250531057807655,0.000587883027100044,"ENSMUSG00000033009"
1140.5292927759,-0.497402444075543,0.139307881338587,0.000250732987892905,0.000588272063551557,"ENSMUSG00000026558"
223.806491383704,-0.53290565271558,0.148740811868971,0.000251895268806467,0.000590913847187155,"ENSMUSG00000036992"
61.0704865033745,1.22002909325825,0.369371641520724,0.0002521051798728,0.000591321054462454,"ENSMUSG00000072720"
1296.03542408841,-0.584585560513946,0.163940283021342,0.000252565428570651,0.000592315235019891,"ENSMUSG00000039789"
4372.34391852813,0.504758462736995,0.140171932079618,0.000252699095879999,0.000592543342370299,"ENSMUSG00000047766"
6754.25875045255,0.339566222026901,0.0934450928495162,0.000252757445077283,0.00059259479921763,"ENSMUSG00000027200"
513.788528837703,-0.713375820279249,0.202733258332735,0.000252845078993721,0.000592714889956767,"ENSMUSG00000000579"
976.493403648276,0.334492124683589,0.0921162494433279,0.000254347706844223,0.000596151471851729,"ENSMUSG00000094724"
9562.26613236266,-0.397085248827729,0.109833532181812,0.000255307104415617,0.000598314000241493,"ENSMUSG00000028760"
25.7452410295468,1.23619429549433,0.373039776261158,0.0002562029876243,0.00060032708112111,"ENSMUSG00000098076"
50.2092963358494,0.935829271370276,0.273113267491987,0.000256957146590418,0.000602007546372888,"ENSMUSG00000028730"
25.311701705926,1.39395145023678,0.432891933649635,0.00025706019491896,0.00060216230434463,"ENSMUSG00000024459"
2193.67477474484,0.309527138206728,0.0852340106065569,0.000257880398913045,0.000603996709857057,"ENSMUSG00000064138"
3342.05362505113,0.300264055305832,0.0830125124976131,0.000258538018411416,0.000605449843720476,"ENSMUSG00000027506"
206.99577631031,-0.729060412619798,0.207825622266248,0.000258700134869651,0.000605742346865388,"ENSMUSG00000026646"
104.028407961062,1.09345659749715,0.325859830779126,0.000259041559031752,0.00060645455169263,"ENSMUSG00000073650"
3578.89239261941,0.252390897373232,0.0693661696595442,0.000259276663049476,0.000606917676318575,"ENSMUSG00000034940"
118.352461278665,1.00476827448636,0.29571403629115,0.00025989971375955,0.000608288647099634,"ENSMUSG00000017969"
24.9369492112611,1.34074972714204,0.411136239523232,0.000260209264571705,0.000608925590669669,"ENSMUSG00000090164"
816.763918491,0.351949013367231,0.0971996367359019,0.000261455336569665,0.000611673169375745,"ENSMUSG00000039850"
142.836176735285,-0.624531044048945,0.176218983661449,0.000261458527614967,0.000611673169375745,"ENSMUSG00000047033"
497.192052081173,0.500683123668355,0.139652760120362,0.000262169762350164,0.000613248942597496,"ENSMUSG00000041654"
915.92720724084,-0.521297806357384,0.145801593019873,0.000262727754969546,0.000614465861407222,"ENSMUSG00000031925"
6.37282536685721,2.76237063088424,0.903629986663613,0.000263487850125698,0.000616155038693594,"ENSMUSG00000059741"
89.871545841622,-0.718839021475314,0.204833846328477,0.000263770003630031,0.000616726245201042,"ENSMUSG00000043099"
2947.86378021021,-0.381397766783852,0.105604053215733,0.000263875687348002,0.000616884739142724,"ENSMUSG00000030180"
470.378617166404,-0.600823443776524,0.169213997754564,0.000264028969246771,0.000617065837961082,"ENSMUSG00000034485"
1414.77056145581,-0.273900305017966,0.0754740173259094,0.000264013632427847,0.000617065837961082,"ENSMUSG00000038683"
210.117204448207,1.0195254443166,0.301170471723667,0.000264647023006174,0.00061842151026335,"ENSMUSG00000040557"
759.44938835837,0.402392771035684,0.1115737355894,0.000264771061506909,0.00061862255478821,"ENSMUSG00000048007"
500.915774453,0.403625315222003,0.111882857903989,0.000265010025563138,0.000619092020108605,"ENSMUSG00000050002"
201.424792487663,-0.645163124465246,0.18254367174008,0.000265073876368372,0.000619152325946958,"ENSMUSG00000060969"
494.529534157066,-0.500599858289613,0.139855809124836,0.00026528017983928,0.000619545303791076,"ENSMUSG00000076437"
1145.91377867309,-0.272256326895219,0.0750708307075646,0.000266420285856454,0.000622118693612303,"ENSMUSG00000033157"
5780.04951520073,0.38739897102768,0.107376198770042,0.000267070467972023,0.000623547486753958,"ENSMUSG00000036565"
1665.08410453453,-0.436467135137411,0.121623382845399,0.000267986022972114,0.000625595365257433,"ENSMUSG00000003923"
4350.32295048539,-0.306658548636309,0.0847256515855659,0.00026890825058282,0.000627658230999018,"ENSMUSG00000058355"
2567.07583937416,-0.477058581924024,0.131353943877905,0.000269103239700309,0.000628023302629624,"ENSMUSG00000025959"
1487.30267805428,-0.226436054842897,0.0623740047684748,0.000269189232153369,0.000628133933628517,"ENSMUSG00000036188"
1105.06037697273,-0.371905568819138,0.103113859735002,0.000269508209640843,0.000628788109005825,"ENSMUSG00000033075"
2933.44105632401,-0.355497963753638,0.0984799751979542,0.000269798630024787,0.00062937548001483,"ENSMUSG00000041763"
1178.82006822611,-0.28567223053526,0.0788999223016462,0.000270423150396055,0.000630685768370671,"ENSMUSG00000039206"
1932.91517420752,-0.47605388563329,0.132938720579675,0.000270437809511444,0.000630685768370671,"ENSMUSG00000039470"
603.685942916108,-0.478654663391751,0.133725530865948,0.000270587030888397,0.000630943373270494,"ENSMUSG00000025815"
819.238418393382,0.376452461089078,0.104284678593834,0.000270760400654398,0.000631257204504769,"ENSMUSG00000059518"
1030.03310285533,-0.537214485422054,0.150812230120792,0.000271219212981154,0.000632236338093544,"ENSMUSG00000025937"
59.137177624081,-0.836109158071904,0.242399827986883,0.000272229754870392,0.000634501138284685,"ENSMUSG00000081944"
2991.18692637037,0.291283035180611,0.0804656838477107,0.000273459237778973,0.000637275515041679,"ENSMUSG00000002015"
324.136752458353,-0.485458799038007,0.135841932509522,0.000276671597087159,0.000644669375520295,"ENSMUSG00000023259"
51.6052103958319,1.3692810621155,0.423493906020002,0.000276866111203147,0.000645030278827082,"ENSMUSG00000096257"
744.381660520834,-0.382335024991668,0.106303398663697,0.000277632242974872,0.000646634287858137,"ENSMUSG00000003420"
2612.55810095086,-0.616283268888639,0.174614531767583,0.000277634048276233,0.000646634287858137,"ENSMUSG00000024276"
3404.18844485216,0.4501003807906,0.125636104434178,0.000279041361414295,0.000649726116593032,"ENSMUSG00000017721"
3842.40520726139,-0.305315392750672,0.0845682411507874,0.000279013795973885,0.000649726116593032,"ENSMUSG00000045896"
56.361046912999,1.11657584488401,0.336192606179554,0.00027971799269699,0.000651208450389246,"ENSMUSG00000034311"
363.446722942382,-0.677005113391129,0.193221173997347,0.000279822724692244,0.000651265986923126,"ENSMUSG00000008496"
1646.73382910429,-0.27390038887372,0.0758037101380271,0.000279794800535223,0.000651265986923126,"ENSMUSG00000029345"
40.2614323106821,1.41732776783071,0.450240732360934,0.000280657728115933,0.000653116011189586,"ENSMUSG00000032584"
18.6541685536431,1.57183436361364,0.501691969261919,0.000281392662249925,0.000654732669540349,"ENSMUSG00000052760"
820.968966087311,-0.545737289691315,0.153780983298289,0.000282645285508076,0.000657553231027649,"ENSMUSG00000026121"
1095.67501502648,0.392018516072942,0.109118497033114,0.000283946547169471,0.000660486123867482,"ENSMUSG00000022466"
1099.69631274812,-0.472287798441773,0.132591409099356,0.000284334977838838,0.000661295152058952,"ENSMUSG00000002803"
1584.28892096579,0.378502921542596,0.105363202192973,0.000284664330554964,0.0006619665675391,"ENSMUSG00000031370"
10422.983877714,0.305359158089992,0.0850951915923862,0.000286555967491777,0.000666270252654071,"ENSMUSG00000056222"
507.216307704385,0.653002199643622,0.185722632787808,0.000287117136656368,0.000667479684446209,"ENSMUSG00000035274"
4523.01123195705,-0.282126882172345,0.0782087374334179,0.00028745127720668,0.000668161058170833,"ENSMUSG00000033379"
3765.95334470184,-0.282689944104112,0.0784044383232683,0.00028785847325558,0.000669012025650248,"ENSMUSG00000051403"
315.088254818212,-0.444067716754627,0.124233993443562,0.000288797694131459,0.000671099052829677,"ENSMUSG00000037349"
190.051885588164,-0.635528836443523,0.180875856603863,0.000289293656140084,0.000672155600149628,"ENSMUSG00000042225"
160.566415845651,0.555949938282554,0.156769956663375,0.000289568253893992,0.00067269759339038,"ENSMUSG00000103707"
1054.77976319591,-0.409297977709129,0.114354100485513,0.000290778287235653,0.000675412237388977,"ENSMUSG00000030588"
9214.15131928017,0.38819561867088,0.108249813693631,0.000291687974467111,0.000677428570177719,"ENSMUSG00000026074"
1639.1773534161,-0.371415008726755,0.103584018604538,0.000291803253140016,0.000677599622626701,"ENSMUSG00000035941"
72.7086933241344,1.11136869255563,0.33493177644179,0.000292061807920242,0.000678103281889275,"ENSMUSG00000030340"
11.0049161519619,-1.84359349684596,0.604098230768628,0.000292926095995989,0.000680012976415104,"ENSMUSG00000022464"
81.3443347709265,1.37996929070384,0.431311429653327,0.000293613969247386,0.000681512646714523,"ENSMUSG00000070337"
5242.95673571436,-0.238406207845811,0.0661434639749981,0.000294183466350965,0.000682737163567295,"ENSMUSG00000005371"
1295.22572566439,-0.341420191445102,0.0951743724244942,0.000295682991015041,0.000686119419492921,"ENSMUSG00000027176"
4618.04592127132,-0.451652217010689,0.126729167253404,0.00029572996499032,0.000686130611475545,"ENSMUSG00000024431"
1274.39464717934,-0.272154114505653,0.0756067066371308,0.000295980061468133,0.000686613002790119,"ENSMUSG00000027080"
102.619634758725,1.03580662962223,0.31023130085285,0.000297274165014621,0.0006895167936888,"ENSMUSG00000032596"
4337.2160901268,-0.341671163974345,0.0952635831495704,0.000297876819563806,0.000690816194452149,"ENSMUSG00000039844"
188.834559111249,-0.549058676047239,0.155406480216267,0.000298677901425222,0.000692575338945835,"ENSMUSG00000034538"
51.4706994073269,-1.0486616358408,0.313712012129745,0.000299921361691887,0.000695359624785719,"ENSMUSG00000113640"
7.41213914780838,-2.47176690666798,0.822080099691473,0.00030152898159808,0.000698987291719388,"ENSMUSG00000040966"
4663.9462558815,0.286110790796367,0.0795782680842732,0.00030158619068633,0.000699020363376347,"ENSMUSG00000023092"
388.572618908592,-0.385589555220444,0.107846072104429,0.000302329588368286,0.000700643655959419,"ENSMUSG00000060708"
79.8867545113562,-0.827336597357048,0.241240054171049,0.000302567843541973,0.000701095993904092,"ENSMUSG00000025491"
1733.21467975803,-0.456288801430427,0.128288111037431,0.000303172603053335,0.000702397328850298,"ENSMUSG00000057894"
272.776494016417,0.505602116285157,0.14271864439414,0.000305069307830246,0.0007066910762574,"ENSMUSG00000071037"
574.453772188578,-0.478438519769122,0.134838779294054,0.000305250760904296,0.000707010797666496,"ENSMUSG00000087598"
4701.58563573548,-0.274843418953842,0.0765512526522935,0.000305954184725927,0.000708539225916722,"ENSMUSG00000032076"
33.0215882396519,1.3501596120047,0.426770249199583,0.000306180247792254,0.000708961888131196,"ENSMUSG00000030263"
774.45355341485,0.396154673340958,0.110917368456792,0.00030713572789918,0.00071107315868907,"ENSMUSG00000032714"
758.864268016994,-0.620959226925588,0.177296018342211,0.000307452967867006,0.000711706400873026,"ENSMUSG00000020122"
1943.37618908717,-0.45738681215254,0.128798297930405,0.000308558675265638,0.000714164384469509,"ENSMUSG00000037965"
1151.83067808679,0.398854759770424,0.111780953864174,0.000309584917608906,0.000716437772083845,"ENSMUSG00000005986"
1601.72295408996,-0.378393066716483,0.106017450305977,0.000309865429191525,0.000716984997353183,"ENSMUSG00000038784"
12164.3444326301,0.332570653618216,0.0945148753729738,0.000310703735285565,0.000718822541639912,"ENSMUSG00000031708"
1826.47464077389,-0.289838424840326,0.0808748237137225,0.000311898265377191,0.000721483581612892,"ENSMUSG00000000266"
36734.7197031321,0.255246122552878,0.0717398857285166,0.000311958997876939,0.000721521535584087,"ENSMUSG00000032479"
12.9240938372422,1.84295184873531,0.598678899266573,0.00031201878750887,0.000721557298347689,"ENSMUSG00000067144"
885.352750991702,0.307449696985025,0.0858564039639195,0.000313804194335074,0.000725583050481013,"ENSMUSG00000030314"
6199.20774587691,-0.396010170334542,0.111073198252362,0.000314263614913534,0.000726542128044667,"ENSMUSG00000029104"
882.696672717461,-0.393128331642934,0.110104992493022,0.000315121578251515,0.000728422188409281,"ENSMUSG00000033102"
2102.15107941552,0.324595062620657,0.0907497180537157,0.000316727292861484,0.000732029940820565,"ENSMUSG00000018189"
7906.67993478175,-0.40607520375647,0.115443871554513,0.000317435736608599,0.000733563163048662,"ENSMUSG00000051285"
2189.8804815012,0.474546634259355,0.133997784333964,0.000320291182837681,0.00074005676000451,"ENSMUSG00000021991"
2221.61206054094,0.39028337147705,0.109573140362563,0.000321272267520136,0.000742218275715694,"ENSMUSG00000032598"
6035.70945003283,-0.213157682660755,0.0594462898107702,0.000321492442380708,0.000742621537827893,"ENSMUSG00000024474"
5331.62049628177,-0.307832727993611,0.0861833209819914,0.000321858067597603,0.000743360616395258,"ENSMUSG00000056579"
1227.52681328999,0.388146513785487,0.109067250948832,0.000322521227878672,0.000744786572195919,"ENSMUSG00000025486"
738.785762236554,0.557174103490577,0.158451169629545,0.000322590925648331,0.000744841856411848,"ENSMUSG00000056666"
1006.73337055413,-0.43468076280849,0.122655753314435,0.000324001944575677,0.000747993710651379,"ENSMUSG00000060090"
4426.69368721199,-0.421402219713524,0.118838810919745,0.000324666354137877,0.000749421286536636,"ENSMUSG00000048874"
2395.95980423067,0.34975626084928,0.098160050657406,0.000326867754424103,0.000754395761593017,"ENSMUSG00000009549"
1369.08515522487,-0.328968591976138,0.0920554756818976,0.000327017294448943,0.000754633898361199,"ENSMUSG00000054676"
6108.3788043876,0.335268049192372,0.0939892086582507,0.000327415777000476,0.000755339288267254,"ENSMUSG00000021830"
2861.77459369438,-0.444577347272305,0.124614128465812,0.000327385870281894,0.000755339288267254,"ENSMUSG00000024290"
2132.00043081842,0.236271503679358,0.0659832853867334,0.000327475228982892,0.000755369388888128,"ENSMUSG00000022635"
4699.5011821547,-0.314988946670035,0.0883438175024782,0.000327663516288805,0.000755696616343039,"ENSMUSG00000024091"
12.6185669031757,-1.64683346523683,0.53884830118149,0.000328597324754561,0.000757742917177327,"ENSMUSG00000040969"
24.0154733731404,1.32868794213823,0.416284632277167,0.000328978798120115,0.000758515138215188,"ENSMUSG00000005233"
2896.89710481769,0.307815286031443,0.0862591416047732,0.000330639856311985,0.000762237017567837,"ENSMUSG00000019494"
696.392660497188,0.372684276500121,0.10476886264941,0.000330841234336934,0.000762593261475024,"ENSMUSG00000026986"
1489.33073715291,-0.274928352686255,0.0770318410376139,0.000331362970359798,0.000763687729225088,"ENSMUSG00000027667"
1128.54959153073,0.43024522934669,0.121464599115831,0.00033224160139082,0.000765507924579352,"ENSMUSG00000052369"
42.2023907523362,1.1265884997047,0.344005125604461,0.000332246804715144,0.000765507924579352,"ENSMUSG00000111118"
474.730647390041,-0.394035523800594,0.111157902886974,0.000332536291640782,0.000766066481082459,"ENSMUSG00000021713"
5860.37912876313,-0.676883162103745,0.195713606803223,0.000334138687035209,0.000769649009135295,"ENSMUSG00000019232"
73.5562485278466,0.894433098394728,0.265152705570253,0.000334824120663743,0.000771118709134749,"ENSMUSG00000020493"
2037.68669380241,-0.226446556839895,0.0633308069740308,0.000335493518562398,0.000772551067358708,"ENSMUSG00000021400"
4079.99564403029,-0.314677070281143,0.0883980896391825,0.000336593861815631,0.000774975230924306,"ENSMUSG00000061887"
25.5418681297098,1.50317250890254,0.484622382626029,0.000338897793746458,0.000780169464941995,"ENSMUSG00000090124"
148.129051810219,0.692749806666074,0.200342066703991,0.000339034459140402,0.000780373716895852,"ENSMUSG00000024957"
3933.91833319352,-0.351430231116833,0.0989761718336885,0.000339135831872674,0.000780496687575764,"ENSMUSG00000027698"
12.345171876903,-2.63754792883863,1.0211323732003,0.000339759012146902,0.000781820356195542,"ENSMUSG00000053469"
2246.46778721365,-0.310168737605411,0.0872193005612296,0.000341162222971761,0.000784938327284004,"ENSMUSG00000024480"
33.113182177301,1.1033453042729,0.336219104419041,0.000343030041415504,0.000789124224726057,"ENSMUSG00000028864"
245.604837010064,0.51785303333639,0.147475486341575,0.000343144703165717,0.000789276455861459,"ENSMUSG00000050973"
3161.25397834629,-0.307258388938444,0.0864070461164204,0.000343693157730734,0.000790426281653136,"ENSMUSG00000031059"
1876.0317829792,0.334756544814413,0.0943766085382733,0.000344024769309949,0.000791077157059946,"ENSMUSG00000027394"
284.939451917749,-0.800423410474016,0.234673088223085,0.000345266380805438,0.000793820077224707,"ENSMUSG00000008999"
163.524175722741,0.617580787507773,0.177678255440122,0.000345626103020321,0.000794534911024543,"ENSMUSG00000027510"
18.0979203362452,-1.61182919815454,0.527619013786734,0.00035020388221521,0.000804944760618354,"ENSMUSG00000022780"
6189.25202512679,-0.445358179179458,0.126177712693007,0.000350745975779793,0.000806076943914086,"ENSMUSG00000026915"
739.639962509829,-0.480694017693059,0.136940741959422,0.000350934688194471,0.000806396789162846,"ENSMUSG00000079109"
7833.69774059896,-0.347393428445113,0.0982048242894832,0.000352673727915367,0.000810278467608518,"ENSMUSG00000028517"
13.7688847320269,1.90269947517633,0.636361071810977,0.00035360427961061,0.000812301787115653,"ENSMUSG00000011263"
3155.59567916322,-0.276260138469345,0.0777690477638782,0.000354907035718359,0.00081506443671324,"ENSMUSG00000004394"
14.7682570676265,2.04207508805433,0.725701565229268,0.000354887947381515,0.00081506443671324,"ENSMUSG00000034107"
283.4392821995,-0.661216124308124,0.191798170406761,0.000355032835749412,0.00081523832703187,"ENSMUSG00000051396"
1497.8016835266,-0.266059878952413,0.0748859938499563,0.000355207949612451,0.000815525388405003,"ENSMUSG00000023048"
1416.62684705948,-0.306723948788906,0.0865168861935275,0.000355318868082995,0.000815665002771823,"ENSMUSG00000061950"
1266.8877429998,0.551180207399398,0.157853071969712,0.00035585542311685,0.000816781525309657,"ENSMUSG00000038539"
256.505723387557,-0.460233299259293,0.130993710599382,0.000356527280853716,0.000818208244429267,"ENSMUSG00000051346"
6310.44500968628,-0.391462575611852,0.110832240344239,0.000356658179575787,0.000818393268555774,"ENSMUSG00000027692"
1268.36487883703,-0.269847270945129,0.0759841009405894,0.000357001422370484,0.000819065419781077,"ENSMUSG00000042766"
1313.65239621075,-0.297996238249999,0.0840762268784646,0.00035730474222224,0.000819645799590421,"ENSMUSG00000027865"
492.547002071573,0.36075990989743,0.102016040999008,0.000357648685903289,0.000820319192494538,"ENSMUSG00000098923"
31.5431496111325,1.16397815874718,0.362071524322938,0.000361531192122749,0.000829107459196126,"ENSMUSG00000003779"
196.707601826891,-0.892301203812511,0.26622619671127,0.000361763222878069,0.000829522713341204,"ENSMUSG00000024087"
830.170452116642,-0.395892714732431,0.11234698110794,0.000362712112423122,0.000831581375496278,"ENSMUSG00000035268"
721.654595535876,0.41039860507407,0.116455037291412,0.000364147327402145,0.000834754287487977,"ENSMUSG00000062526"
48.9231043505226,0.944500245601083,0.284892026783644,0.00036956175200626,0.000847046775437609,"ENSMUSG00000008028"
7383.84952512064,-0.455036906382905,0.130108856062881,0.000369777671712868,0.000847422348323535,"ENSMUSG00000025326"
1684.43409981262,-0.46529342685123,0.132893275316888,0.000369919018241031,0.000847626939601281,"ENSMUSG00000031024"
331.011838477365,-0.582302620572389,0.16801100511886,0.000371183447473468,0.00085040452610459,"ENSMUSG00000032515"
359.55740184286,0.499139702098747,0.142813713570384,0.000372377403335418,0.000853019894665626,"ENSMUSG00000051502"
1608.3491498643,0.425515213784942,0.121202168557531,0.000372850144591832,0.000853982644388046,"ENSMUSG00000021587"
15281.8036354557,-0.614680285238832,0.178229014745316,0.000376241132682905,0.000861506985203592,"ENSMUSG00000034160"
1989.61085728913,-0.311013867404386,0.088162312772212,0.000376226237474719,0.000861506985203592,"ENSMUSG00000035521"
419.791441058557,-0.860625099428722,0.257145111007645,0.000378416717503811,0.000866366712732353,"ENSMUSG00000027208"
7348.8047411888,-0.416159748696768,0.117623045127993,0.000378899867956587,0.000867350871972624,"ENSMUSG00000041417"
197.459790911259,0.519210655469018,0.149032104314693,0.000379539439949011,0.000868692773269122,"ENSMUSG00000031480"
46.9069056038121,0.987865515814836,0.300240245205,0.000380677213498615,0.000871174424480593,"ENSMUSG00000035472"
1602.65452736802,0.273914897414401,0.0773843431407417,0.000381551715058357,0.000873052968473424,"ENSMUSG00000026767"
216.700294078219,-0.760455397871404,0.224331601861627,0.000383448010355448,0.000877268687641037,"ENSMUSG00000071547"
184.194528748685,2.14758218908379,0.757432521568008,0.000385835591370944,0.000882607048389015,"ENSMUSG00000040140"
31.8576529982131,1.25698941729897,0.397387406977487,0.000389154070652571,0.000890073059165738,"ENSMUSG00000109540"
90.1832671301446,1.0974325992509,0.338355298494224,0.000389223004888455,0.000890105657990205,"ENSMUSG00000049946"
6750.40177765488,0.358790921882836,0.1018667188382,0.000389754170681621,0.000891195166505889,"ENSMUSG00000031176"
3159.18260035202,-0.39933625521556,0.114337620802956,0.000390147353631372,0.000891968907642062,"ENSMUSG00000048000"
1216.78348988064,-0.574926861945016,0.166516480905369,0.000390512502211824,0.000892678347283256,"ENSMUSG00000025981"
415.383960486296,-0.470637652775213,0.135117740598372,0.000392056958342069,0.000896083005882084,"ENSMUSG00000046441"
4738.35510895433,-0.450362361977749,0.129101319474415,0.000392198608223591,0.00089628091319158,"ENSMUSG00000061911"
949.645988592137,0.366131772209527,0.10428232900547,0.000393864708142187,0.000899962060519163,"ENSMUSG00000031627"
4047.88102667188,-0.271272287187854,0.0769904107592903,0.000395638426558725,0.000903888043161113,"ENSMUSG00000058835"
13.7543277114765,1.73631227831171,0.580209834613444,0.000399135520326764,0.000911749649155074,"ENSMUSG00000038725"
50.8857752296362,0.850541954867229,0.254112052575211,0.000399211752422061,0.000911795833580231,"ENSMUSG00000034041"
5877.57197346135,-0.317931469475196,0.089908550803038,0.000401269117108342,0.000916366258177552,"ENSMUSG00000024949"
13106.4044397415,-0.327887096227621,0.0933693078457554,0.000402184957056797,0.000918328900402656,"ENSMUSG00000027581"
4124.07096562355,0.33366835818928,0.0950394934949138,0.000404535706107578,0.000923566931839993,"ENSMUSG00000050965"
1029.46699826088,-0.401573806838914,0.114955581656406,0.000405116107827386,0.000924762305877743,"ENSMUSG00000029009"
376.324324388862,-0.641936321201326,0.187675588013483,0.000406525418684452,0.000927848623104609,"ENSMUSG00000003541"
7793.9341221152,-0.241064780502448,0.0685576102166328,0.000406582149441281,0.000927848623104609,"ENSMUSG00000027406"
464.782662422993,-0.430175982446988,0.1235214514317,0.000407268350420815,0.000929284301675082,"ENSMUSG00000063049"
10369.9916241872,0.254609012886543,0.0723283427628587,0.000409768419299695,0.000934857789679108,"ENSMUSG00000023960"
1372.12007776548,-0.279496227762218,0.0795763016525468,0.000411105655855864,0.000937777167323676,"ENSMUSG00000028684"
7.65187766627708,2.32029975245158,0.795001052896731,0.000413146307864053,0.000942300069974927,"ENSMUSG00000045514"
697.113213209508,-0.314537983460799,0.0897489469987586,0.000415089626917353,0.000946599740397965,"ENSMUSG00000083844"
733.701883786198,-0.375761903006377,0.107622058729173,0.000417000027257971,0.000950823146617909,"ENSMUSG00000079036"
1974.81371787178,-0.333296331835282,0.0951816224274903,0.000417784987931808,0.000952479556520163,"ENSMUSG00000001120"
4720.09349446839,-0.301285536908992,0.0862446683513105,0.000420954462419373,0.000959571031965069,"ENSMUSG00000029330"
506.720975914767,-0.393846960496588,0.113071374999142,0.000421017207844451,0.000959579684863061,"ENSMUSG00000051413"
1470.84082358719,-0.4934813220404,0.14269116083946,0.000421471186216738,0.000960479906094927,"ENSMUSG00000026502"
26236.8273196693,0.504641825371338,0.145938118207584,0.000421933672334943,0.000961399260675841,"ENSMUSG00000019923"
430.037931686406,-0.428516323610329,0.123218951977558,0.000422220692861142,0.000961918605793376,"ENSMUSG00000041491"
4189.76363925468,-0.339307879652164,0.0971011324490682,0.000422655982795086,0.000962702644075991,"ENSMUSG00000021945"
76.3623784796438,-0.687747003045655,0.202743325588096,0.000422683118147875,0.000962702644075991,"ENSMUSG00000024883"
18.9418108927601,1.50967268933817,0.494006618061403,0.000422962733065601,0.00096320472423641,"ENSMUSG00000022408"
4195.42859034516,-0.425216591038889,0.121649942573327,0.000426210505872066,0.000970465046102321,"ENSMUSG00000042772"
365.308687477316,0.683828900266223,0.201466451027377,0.000426287598445899,0.000970504829021307,"ENSMUSG00000054409"
1066.28025892238,0.415288503812299,0.11939212304532,0.000426562840257627,0.000970995652875634,"ENSMUSG00000036555"
2132.65111446337,0.227535415815459,0.0648141455066467,0.000427109133253626,0.000972103253789503,"ENSMUSG00000019810"
1071.75135140367,0.286133174455044,0.081682118626356,0.000428017707934563,0.000974034985287127,"ENSMUSG00000032263"
655.273262818388,-0.347361518802081,0.0995674050278356,0.000428839716952948,0.000975769207794252,"ENSMUSG00000046949"
2007.78437560867,-0.330168217416663,0.0945659631038071,0.000431285306902492,0.000981196677254893,"ENSMUSG00000022749"
391.366290733797,-0.943867559393608,0.288206972480395,0.000432246027008598,0.00098324494517132,"ENSMUSG00000001506"
56.2436777512649,0.921687854595996,0.280523637965206,0.000432404830609909,0.000983468748451599,"ENSMUSG00000034413"
157.388086569488,-0.495914075665227,0.143767347734063,0.000433112180603446,0.000984939937952347,"ENSMUSG00000031478"
7966.80017342182,-0.214441119936913,0.0611593793649965,0.00043339677460141,0.000985449461790998,"ENSMUSG00000024991"
4555.67095804954,0.277541315701592,0.0793173457135298,0.000435844458782971,0.000990876550288994,"ENSMUSG00000031839"
3268.38778903889,0.239483775173695,0.0683528769045863,0.000436247401182533,0.000991515665519306,"ENSMUSG00000002812"
7102.52409632783,-0.377656104169302,0.108744858869863,0.000436201095182212,0.000991515665519306,"ENSMUSG00000029430"
315.56522822697,-0.4665936639171,0.135019350647129,0.000436648523916488,0.000992288799708585,"ENSMUSG00000046791"
640.817946796896,-0.557578252143002,0.160784847493012,0.00043894606519347,0.000997370749472264,"ENSMUSG00000038296"
50.2625724037176,0.968966040917725,0.296588462212757,0.0004393720040839,0.000998199229934086,"ENSMUSG00000000901"
1059.36133757935,0.517458664556699,0.150286487337612,0.000439858477416613,0.000999164986797045,"ENSMUSG00000019837"
5421.71780285451,0.365433036169669,0.105455901644687,0.000441892397932165,0.00100364510304727,"ENSMUSG00000021047"
115.264583215108,0.971328075659722,0.297982609648499,0.000442358608722044,0.00100456381595667,"ENSMUSG00000021879"
96.763520640506,0.799443335905127,0.240055588771405,0.000444056434759023,0.00100827878992989,"ENSMUSG00000028188"
12543.7392847852,0.268700004267486,0.0768769590240198,0.000444600874869944,0.00100937420378423,"ENSMUSG00000055302"
1741.6858843711,0.338740910663153,0.0972593690525242,0.000444671104386092,0.0010093928653182,"ENSMUSG00000038696"
285.359623012147,0.423787375287365,0.122306713088877,0.000445343996105012,0.00101077935981559,"ENSMUSG00000056870"
2482.77119724429,-0.319431011579152,0.0918453879334655,0.000445643414878871,0.0010113179293738,"ENSMUSG00000044894"
1289.98171234541,-0.391750324035283,0.112956818528165,0.000446318099037318,0.00101270783609276,"ENSMUSG00000024142"
158.809329219764,0.817517826481135,0.245687257117441,0.000446423739258322,0.00101280635925393,"ENSMUSG00000028195"
3372.62951586609,0.415320185177208,0.119827474243387,0.000446646612435696,0.00101310708156193,"ENSMUSG00000022323"
135.014913735841,0.681327703093263,0.201472985339799,0.00044668076694741,0.00101310708156193,"ENSMUSG00000044468"
764.502637449921,-0.358758202077471,0.103196036389945,0.000447717491811741,0.00101531698686424,"ENSMUSG00000004270"
2882.55469780927,-0.450152307599769,0.129390571939454,0.000447837521256996,0.00101544771848745,"ENSMUSG00000051331"
3537.52250965241,-0.259323162944513,0.0742814932188798,0.000448168986509222,0.00101605776635057,"ENSMUSG00000029577"
4950.68851919396,0.277763456270182,0.0795793164934695,0.000450309650062961,0.00102076876252958,"ENSMUSG00000008140"
15435.0532368156,0.406664442441826,0.117260675877908,0.000450807956514299,0.00102175604513224,"ENSMUSG00000053024"
3090.96315541022,-0.469207021486251,0.136294440502684,0.000451468160037838,0.00102310994140275,"ENSMUSG00000031012"
3462.86701974168,0.296533371027233,0.0851765440569021,0.000452107661016362,0.00102441655150673,"ENSMUSG00000043496"
221.457620084946,0.783665589580914,0.234964559613536,0.000452283743647423,0.00102467289896907,"ENSMUSG00000093769"
1395.34884112833,-0.398335425046156,0.115025935096229,0.00045287569348315,0.0010258712132645,"ENSMUSG00000027088"
2183.32479667971,-0.403896873752388,0.116673926731696,0.000454163685281983,0.00102864567538891,"ENSMUSG00000078886"
666.191048423879,0.392132351682522,0.113090807199647,0.000455438582570328,0.00103138971161377,"ENSMUSG00000022887"
15.2774107129486,1.72503473094534,0.580311021708736,0.000457924929496685,0.00103687606097469,"ENSMUSG00000114711"
819.307466155463,0.299197775346426,0.0859418357079343,0.000458397389793986,0.00103780148971718,"ENSMUSG00000022111"
172.070059176122,-0.639646246544497,0.188712035949629,0.000458568388814536,0.00103804425436282,"ENSMUSG00000047604"
21.8034338236379,1.53847348696629,0.511168320536035,0.000459583628017989,0.0010401977609673,"ENSMUSG00000030474"
35.3038307342791,1.08913853781119,0.34122112652188,0.00045972330144512,0.00104036923410589,"ENSMUSG00000023505"
24.7714500095256,1.49258449453726,0.494506511832188,0.000460770234491001,0.00104259353308931,"ENSMUSG00000063409"
326.230921041215,-0.682095065909451,0.202402625913374,0.000461033586850753,0.00104304443735324,"ENSMUSG00000078898"
2200.14643024391,-0.375354847861712,0.108472125167563,0.000462143854643792,0.00104527325660495,"ENSMUSG00000001280"
118.3543930465,0.804028828997136,0.242551981482759,0.000462147169663706,0.00104527325660495,"ENSMUSG00000044937"
1813.57409095835,0.475134678545883,0.138047849851851,0.000462538906499871,0.00104601393720546,"ENSMUSG00000059336"
9699.94569035243,0.380367156014856,0.109768247613534,0.000463826060278778,0.00104877908170829,"ENSMUSG00000028495"
556.656577181041,-0.375044271966132,0.108314043098246,0.000464083447299461,0.00104921532710286,"ENSMUSG00000073591"
79.2337533100065,0.756864206588957,0.226588487078229,0.000464477349893174,0.00104996004743245,"ENSMUSG00000051727"
1638.39770385077,-0.262246691472964,0.0753240152770541,0.000464895442988247,0.00105075923645691,"ENSMUSG00000044072"
181.200400608048,0.514532652932877,0.150203491571349,0.000465287151950241,0.00105149857829322,"ENSMUSG00000002804"
2108.92732272939,0.301162300629359,0.0865711580563508,0.000465411492779938,0.00105163357571791,"ENSMUSG00000053094"
1373.57239845372,-0.343628286115718,0.0991027092301242,0.000466001630781985,0.00105282089463833,"ENSMUSG00000025894"
593.853582650678,0.453554318227352,0.131619071626881,0.000466181916456551,0.00105308204774906,"ENSMUSG00000070866"
80.9153667300843,0.770773152209036,0.231280732607603,0.000467772781917629,0.00105652911669976,"ENSMUSG00000029136"
460.036936606869,-0.444712545589243,0.129231373626461,0.00046935807104658,0.00105996263602889,"ENSMUSG00000054715"
1265.39070427117,0.382835754706902,0.11063506891308,0.000469584342993299,0.00106032652729157,"ENSMUSG00000030287"
1578.07198221685,0.269402344194202,0.0774347825120336,0.000470426227410316,0.00106198060903481,"ENSMUSG00000042015"
829.711894136792,-0.330332874100647,0.0952698794224339,0.00047044736280563,0.00106198060903481,"ENSMUSG00000070394"
983.073366204306,-0.428545858290015,0.1243664641911,0.000472144153315371,0.00106566313472929,"ENSMUSG00000023044"
193.036191122317,-0.52306588795154,0.152852297355947,0.000472843100746821,0.001067092748365,"ENSMUSG00000027082"
2036.54332574549,-0.294301907545937,0.0847447131623465,0.000473561058559114,0.00106856486155049,"ENSMUSG00000020115"
3404.17774698153,-0.258773521132922,0.074432908604376,0.0004750071620986,0.0010716793603106,"ENSMUSG00000000171"
257.964542574726,-0.659299509193575,0.195480034044397,0.000475144999411843,0.00107184178220981,"ENSMUSG00000054519"
30.6786681198109,1.22424646735473,0.39209847206615,0.000475315692391269,0.00107207826531039,"ENSMUSG00000001020"
54.4647384907625,-0.963950497872637,0.298728342006088,0.000475587579851993,0.00107254289620819,"ENSMUSG00000022025"
52.2462807215441,0.905091709048783,0.276129975957124,0.000475690157362628,0.0010726256242622,"ENSMUSG00000054594"
25.7792269931234,1.17752219124903,0.37332135421305,0.000475781547994999,0.0010726831077926,"ENSMUSG00000062157"
36198.2940631961,-0.39212782615725,0.113638730334267,0.000476495384777005,0.00107414372987122,"ENSMUSG00000026764"
1667.12486950003,-0.338215894453128,0.0977028246669202,0.000477990440541592,0.00107736477307339,"ENSMUSG00000018974"
43.6906173559723,-0.978921294273878,0.302396455763081,0.000478740207006019,0.00107890531491679,"ENSMUSG00000071005"
395.233936959456,0.430523230069594,0.125035130353239,0.000479979766455743,0.00108154909168973,"ENSMUSG00000036411"
34.5571431934048,1.11506004417725,0.351935728262911,0.000480471919890311,0.00108250822311066,"ENSMUSG00000025701"
109.295942753917,1.07891918970369,0.338268147122409,0.000480804611412062,0.00108310786943891,"ENSMUSG00000056313"
101.623914793486,3.65236722215753,1.49466094072797,0.000481434766212246,0.00108437735220741,"ENSMUSG00000026468"
1559.35511870002,0.404561029642645,0.117263524264334,0.000483262525457932,0.00108834357905426,"ENSMUSG00000015143"
407.952394587915,0.415047029716995,0.120443474836181,0.00048335675246609,0.00108840520357491,"ENSMUSG00000029507"
42.918604011586,1.77229630610529,0.613444683015946,0.000483617548304992,0.00108884183282277,"ENSMUSG00000032572"
2139.65707589633,-0.366937051502468,0.106117510216588,0.000484171189854933,0.00108993757826837,"ENSMUSG00000039176"
364.51775360628,-0.594554878922438,0.175696085748696,0.000487975170062216,0.00109834897929656,"ENSMUSG00000038644"
1017.32616782462,0.390980252401993,0.113427553755815,0.000488703260806042,0.00109983570847515,"ENSMUSG00000025647"
25.2065027084587,1.3912444509293,0.459305423157688,0.000489089093103243,0.00110055187414081,"ENSMUSG00000071392"
3622.71746374658,0.330534029935645,0.0964080010084317,0.000489541649066299,0.00110141796316534,"ENSMUSG00000070372"
201.671359235548,-0.442370384136355,0.12885669121447,0.000489878228954076,0.00110202291472007,"ENSMUSG00000040034"
370.211726248363,0.380013082914506,0.110162168972939,0.000490275525558512,0.00110276426765807,"ENSMUSG00000037847"
584.050312258015,-0.597780308617891,0.176742782439272,0.000494109788737903,0.00111123502916214,"ENSMUSG00000064125"
2811.67065415969,-0.246172964660696,0.0710674577037419,0.000495103750476832,0.00111331659763253,"ENSMUSG00000039068"
25.0224220749746,1.38341683895045,0.453624188309782,0.000495385632517749,0.00111379659200607,"ENSMUSG00000065968"
1053.23932532385,0.550249924174517,0.161835907607579,0.00049817319732334,0.00111990930893928,"ENSMUSG00000022475"
988.374512268833,-0.341189497972185,0.0989250571723726,0.000500525524812007,0.00112504204541423,"ENSMUSG00000024830"
445.578933735368,0.418179684571912,0.12174360386286,0.000502020401008031,0.0011282463188746,"ENSMUSG00000028696"
543.776868226678,0.396859963270954,0.11537994700249,0.000503019129774067,0.00113002282562272,"ENSMUSG00000026198"
1352.07362522582,0.310197183155656,0.0897674880102629,0.000502893056809556,0.00113002282562272,"ENSMUSG00000031959"
1377.9546055002,0.336653371939027,0.0975115618649032,0.000502954037049,0.00113002282562272,"ENSMUSG00000040374"
1246.71675710286,0.294125585748024,0.0849879202418957,0.000503131624963272,0.00113011957929518,"ENSMUSG00000021102"
3710.02419212433,0.388510146381945,0.112877830277016,0.000504466879873215,0.0011329624545497,"ENSMUSG00000056553"
854.447566797797,-0.295807441849876,0.0856781489729168,0.000509314189777733,0.00114369104444778,"ENSMUSG00000002280"
2703.36262785405,0.220195165111922,0.0635638230576203,0.00051096364924436,0.00114723672860685,"ENSMUSG00000026851"
36.8074560468671,0.992317134403686,0.30939880933523,0.000511868551949553,0.00114910995567988,"ENSMUSG00000104577"
15.9136723700462,1.91500430686695,0.668162242825437,0.00051349552482608,0.00115260344086031,"ENSMUSG00000037868"
32.572443693272,-1.33786099529186,0.439786816369804,0.000514575890448621,0.00115486920511825,"ENSMUSG00000000247"
493.278279067974,0.553115968341112,0.163162823527558,0.000515534651319688,0.00115686146321779,"ENSMUSG00000006931"
7.09184408413265,2.3780833738292,0.838176584828551,0.000516296854054545,0.00115841215579599,"ENSMUSG00000113174"
3188.76821205037,0.202639505789856,0.0585223521634845,0.000516772544521535,0.0011593196636882,"ENSMUSG00000039536"
18.1448793500938,-1.36371978073908,0.446915650143162,0.000517628546565035,0.00116107998911198,"ENSMUSG00000062329"
1108.91398660472,-0.341932184931188,0.0994273701878617,0.00051993310062033,0.00116608859353785,"ENSMUSG00000078880"
20.400592682576,1.86285515953331,0.670643805984815,0.000520004743259723,0.00116608860873147,"ENSMUSG00000025574"
6043.95551023832,-0.387391972267937,0.113027940161618,0.000520161492350449,0.00116627944524526,"ENSMUSG00000024073"
393.551584737706,0.529243029273224,0.156043778972265,0.000520415782360837,0.00116668890032636,"ENSMUSG00000051705"
512.251874845689,-0.702942652080191,0.21137406791231,0.000520812386360387,0.00116741724389622,"ENSMUSG00000042289"
22922.1117446118,0.313451447902308,0.091358150396926,0.000521197500183615,0.0011681196348601,"ENSMUSG00000079037"
33.1410395700597,1.44716173165659,0.480221999000435,0.000521542207809046,0.00116873128561614,"ENSMUSG00000051965"
2793.23176933069,0.442233517878478,0.129389215942891,0.000521766087233893,0.0011690720396412,"ENSMUSG00000021838"
5303.43588411318,-0.495962224557881,0.145908005266043,0.000522416333764418,0.00117036788893713,"ENSMUSG00000025234"
18.437242149587,1.40047740038495,0.462232528933556,0.00052282466454639,0.00117096035903772,"ENSMUSG00000038403"
4574.80637096369,-0.30212668769777,0.0876104631909872,0.00052276168252328,0.00117096035903772,"ENSMUSG00000040725"
25.6234807635663,-1.14898756535066,0.367337879045322,0.000525128555414734,0.00117595853969474,"ENSMUSG00000021553"
1104.01785929007,-0.358646732454481,0.104559596841934,0.000528222726949156,0.00118272483483884,"ENSMUSG00000015747"
3410.02668929654,-0.325361670506175,0.0947926665300971,0.000530094137717662,0.00118675180494679,"ENSMUSG00000033499"
192.985076963083,-0.692493293362244,0.208364495864444,0.000532920199207762,0.00119291460433223,"ENSMUSG00000026303"
15.3109550641704,1.47006650068183,0.488489161438929,0.000533394579203824,0.0011938123140767,"ENSMUSG00000037188"
1484.18095365496,0.340043639582555,0.0990371145089773,0.000535134186641871,0.00119754114519609,"ENSMUSG00000004945"
653.619999486406,-0.344878968476128,0.100537319821504,0.000535498426713982,0.00119819153127838,"ENSMUSG00000079469"
2208.74814705411,0.482557044703594,0.141924432422802,0.000536136185200441,0.00119945365897372,"ENSMUSG00000032261"
162.425422170198,0.636158547351834,0.190036386534621,0.000539902039600052,0.0012077127113659,"ENSMUSG00000036292"
628.227148413268,0.322267922718359,0.093874874076486,0.000540816981201824,0.00120959313272922,"ENSMUSG00000051817"
5574.79339236309,0.351174660278377,0.102282983669558,0.000543537770428831,0.00121551144759452,"ENSMUSG00000068740"
2552.18987063478,0.372039236902938,0.108669165130433,0.000544989566990134,0.0012185906828936,"ENSMUSG00000071655"
29.3679084796338,1.1037852933073,0.351223320512472,0.000546080894286803,0.00122086317775039,"ENSMUSG00000000562"
4831.19104213335,0.21503900472304,0.0623429534016264,0.000546188973430382,0.00122093712022793,"ENSMUSG00000027642"
248.849284803823,0.514979584347099,0.15231639733852,0.000546699901669123,0.00122191143750789,"ENSMUSG00000079427"
690.791109467165,0.373105866331099,0.109146503554169,0.000550259942184893,0.00122969952483329,"ENSMUSG00000018585"
313.335738049683,-0.432515207120288,0.127061257707825,0.00055104996093903,0.00123129598684496,"ENSMUSG00000034449"
559.229445502535,-0.436698447353732,0.128418407093314,0.000551473437165416,0.00123207310049117,"ENSMUSG00000020280"
80.5206109865287,0.985980922657057,0.308402861889804,0.000552256456579232,0.00123365316319428,"ENSMUSG00000030790"
1230.49021215234,0.417418457213966,0.12252444454252,0.000554478428458398,0.00123844674237731,"ENSMUSG00000025352"
18.3263322052398,1.8228894335434,0.656375027749928,0.00055577925610562,0.00124118188103818,"ENSMUSG00000005553"
153.026338873032,0.764224696365748,0.233376689977213,0.000556160362044142,0.00124186260265494,"ENSMUSG00000034177"
1252.8632139094,0.226217700452574,0.065776786281484,0.000557505864454645,0.00124469626410543,"ENSMUSG00000039199"
38.1478130769177,1.21835218969331,0.395298265463877,0.000558678564767969,0.00124714340061615,"ENSMUSG00000021278"
829.670771888514,-0.280036923648124,0.0816429437838569,0.000558765066432656,0.00124716546707676,"ENSMUSG00000003873"
1377.6894528005,-0.37647424748441,0.110384904700804,0.00056028008763066,0.00125037555065148,"ENSMUSG00000038206"
2066.10583978399,-0.305665893299127,0.0894010411560697,0.000561531828398216,0.00125299727246966,"ENSMUSG00000041130"
4586.83944758375,0.239787060853024,0.069772902897625,0.000562102522039008,0.00125409880122683,"ENSMUSG00000032803"
4315.03727384132,-0.286083244069055,0.0834514859730571,0.000562598758288936,0.00125503393002978,"ENSMUSG00000021477"
603.338812752685,0.466974213583455,0.137745391286432,0.00056275459445859,0.0012552095489993,"ENSMUSG00000006369"
68881.0194489832,0.314788695688518,0.0951233095634558,0.00056357375095693,0.00125686443596067,"ENSMUSG00000037742"
168.449926580222,0.544299137510322,0.161764298944743,0.000565100716776344,0.00126009718735415,"ENSMUSG00000025758"
4338.17669242935,-0.373354847316662,0.109159726163224,0.000565992751276387,0.00126191343723833,"ENSMUSG00000058927"
4482.99766201856,-0.315558062652166,0.0923025614578541,0.000568499631776035,0.0012673290887497,"ENSMUSG00000026083"
83.2326832027793,-0.769866862014764,0.235480990542,0.000569225753629098,0.00126877404047302,"ENSMUSG00000041406"
630.170243151687,0.307234625262535,0.0898012792102028,0.00056938071068086,0.00126894567476219,"ENSMUSG00000032059"
918.84131445633,0.363490594640345,0.106568812871107,0.000571864463080663,0.00127430660233087,"ENSMUSG00000018931"
2197.38976439549,-0.31429324243841,0.0920376973198823,0.000572189790270535,0.00127485702245056,"ENSMUSG00000004568"
2877.69429149246,0.514502364827277,0.152564101977471,0.000572485089897778,0.00127534039870754,"ENSMUSG00000021340"
10555.5408326644,0.18529346122348,0.0539251480462544,0.000575762336109014,0.00128237323169094,"ENSMUSG00000005683"
503.610513559037,0.400644423880686,0.117823387174131,0.000575799603786036,0.00128237323169094,"ENSMUSG00000026614"
27.0695544924491,1.12515475275284,0.360963335552245,0.00057596870240891,0.00128257435537787,"ENSMUSG00000037759"
1695.67545763217,0.30641470121002,0.089622803016396,0.000576071259481817,0.00128262726875188,"ENSMUSG00000022174"
419.227183942844,0.44006690568311,0.129803116175673,0.000576488225391015,0.0012832046127328,"ENSMUSG00000035397"
618.787346557284,-0.500785260031255,0.148588447403412,0.000576448181359208,0.0012832046127328,"ENSMUSG00000113924"
57.702154246933,0.78454725016509,0.239886896964413,0.000578783364888178,0.00128813721816376,"ENSMUSG00000031103"
1710.78854096359,0.370286640281537,0.108621675388553,0.000578900247498883,0.00128822122061337,"ENSMUSG00000024646"
2515.79827456787,0.742861152808665,0.226178502839214,0.000580159844808605,0.00129084772468487,"ENSMUSG00000020108"
114.376148129443,0.777727420549968,0.237954270614042,0.000580912493470208,0.00129234571118054,"ENSMUSG00000040978"
176.178735705388,0.717953724279166,0.218092608963701,0.000581284721300113,0.0012929970884563,"ENSMUSG00000092178"
12.2863587156438,-1.71424074227113,0.593573929188919,0.000581952579716164,0.00129430579213277,"ENSMUSG00000005883"
1531.59730115504,-0.396854928897477,0.116987070103596,0.000587011820074244,0.00130537956382084,"ENSMUSG00000034931"
16.289490881504,1.54518609047657,0.527872868326906,0.000589813336193834,0.00131143033555023,"ENSMUSG00000025090"
726.253474157236,-0.616994823941534,0.185612177033314,0.000591936842370768,0.00131597212784913,"ENSMUSG00000048109"
568.098032827711,0.40965883788019,0.120788220219706,0.000592487717243962,0.00131701694132148,"ENSMUSG00000039633"
2804.30054229226,-0.301900153328201,0.088616661176323,0.00059278138849977,0.00131748982004359,"ENSMUSG00000042712"
10.1477865859952,-2.10380302196298,0.789700934266481,0.000593433469740436,0.00131875904715834,"ENSMUSG00000054932"
1027.59540501326,0.308664740228503,0.0905540535693888,0.000596022251046052,0.0013243311769762,"ENSMUSG00000038383"
971.143565999239,-0.350556172995115,0.103133190225676,0.000596332287896739,0.00132483922238066,"ENSMUSG00000003438"
3857.2957742611,0.354015529117569,0.103958877464306,0.000597378885323152,0.00132698328265424,"ENSMUSG00000061983"
1315.35484890197,-0.455390203128178,0.133328512216639,0.000597524439070244,0.00132712550405041,"ENSMUSG00000030536"
36.5818679201863,1.05398632180799,0.336332606610576,0.000598000871700819,0.00132800248152059,"ENSMUSG00000027071"
3412.41488371765,-0.261294324843653,0.0765490990432584,0.000599673832714108,0.00133153603177196,"ENSMUSG00000036199"
480.508439037833,0.34288719290184,0.100851300661061,0.00060307638184257,0.00133876201304335,"ENSMUSG00000031872"
23.6832061106647,1.28725847170126,0.425121766127337,0.000603092630645464,0.00133876201304335,"ENSMUSG00000037636"
8214.77028656797,-0.422124358264369,0.124964791375405,0.00060407550433913,0.00134076098440583,"ENSMUSG00000033720"
1165.62032252121,0.324202171043514,0.0953020115116123,0.000606876854198126,0.00134679501467445,"ENSMUSG00000075486"
1646.15145585448,0.413031320803055,0.122080771895962,0.000607017897590008,0.00134692439162625,"ENSMUSG00000032038"
3175.67348844155,-0.42140217488457,0.123682079638961,0.000607574587280246,0.00134797589365515,"ENSMUSG00000026927"
1112.72965529966,0.374769354618638,0.110544314368158,0.000610580599443937,0.0013544604793879,"ENSMUSG00000038456"
279.28690331052,0.671901950401021,0.203726612357273,0.000613517954371964,0.00136079101529729,"ENSMUSG00000042515"
80.2229710848749,-0.783961437843235,0.241318441934517,0.000614075371169789,0.00136184181088581,"ENSMUSG00000006445"
104.129458876347,0.874106070352556,0.272245108138974,0.000614846497704355,0.0013633662021021,"ENSMUSG00000039488"
841.894065936211,-0.246734632364299,0.07240890871567,0.000616941755041484,0.00136782591781058,"ENSMUSG00000032342"
6648.00187843411,-0.601290773540196,0.181223306451535,0.000617786341725736,0.00136951192572675,"ENSMUSG00000021792"
426.432722599545,0.541793560466086,0.16218298830831,0.000618290205588478,0.00137012294663899,"ENSMUSG00000019791"
20.7388284683878,1.47064248599045,0.503139349210567,0.000618314483720974,0.00137012294663899,"ENSMUSG00000026023"
43.7766795490099,-0.96252102562362,0.304762530761556,0.00061831287714697,0.00137012294663899,"ENSMUSG00000054206"
843.142475742946,0.411036916126097,0.121700243423217,0.000622356445997797,0.00137889182359496,"ENSMUSG00000022602"
806.499051754596,-0.399441862209985,0.118296520924465,0.000622448964322846,0.00137890912374078,"ENSMUSG00000007039"
1136.93550162602,-0.368118232892723,0.10879995251402,0.000623058134056516,0.00138007079958797,"ENSMUSG00000016427"
178.160277593221,0.72416641732488,0.221321685248664,0.000623175679766419,0.00138014336261738,"ENSMUSG00000024206"
2573.72870302997,-0.466694783799479,0.138948408408146,0.000626352614560261,0.00138699059445136,"ENSMUSG00000016940"
1853.35926070602,0.326418223102986,0.0963156144026332,0.00062787096010175,0.00139016369539395,"ENSMUSG00000042203"
387.916799143963,0.467526824926191,0.139187882857419,0.000628211873719478,0.0013907293459004,"ENSMUSG00000027281"
35910.1439400907,-1.06593235464767,0.344164316622687,0.000629678496230266,0.00139378658711399,"ENSMUSG00000015090"
1246.76779785959,-0.391539579356351,0.115829225656064,0.000631765127986544,0.00139821519420326,"ENSMUSG00000069135"
863.511980028195,1.13306593684042,0.368337536604128,0.000633812154458367,0.00140255495517582,"ENSMUSG00000034936"
6370.32002073615,-0.278586360558586,0.0820837564645267,0.000634829514043994,0.00140461530917604,"ENSMUSG00000027340"
85.8640512598449,-2.33658503898791,0.897623206383047,0.000636657128867565,0.00140846761942188,"ENSMUSG00000004885"
517.984417597872,0.400850250334699,0.118895290622738,0.00063868934327147,0.00141277145397105,"ENSMUSG00000033099"
3303.16506393108,-0.233698320020162,0.0687843123272767,0.000639117654034863,0.00141352678972548,"ENSMUSG00000033444"
2781.42344158098,-0.441600502802004,0.131378411550122,0.000639282967483742,0.00141370033211525,"ENSMUSG00000040455"
1794.98384790365,0.52420871189459,0.15701094130819,0.000639743549309643,0.00141452669052735,"ENSMUSG00000025468"
1656.47182437923,-0.461477730121851,0.137637681684259,0.000640717350304951,0.00141648744102458,"ENSMUSG00000051149"
29.7991946944948,-1.3942349864426,0.471708603201633,0.000641347989555796,0.00141768910564764,"ENSMUSG00000043155"
3760.22075130318,0.384908593029015,0.113734656457717,0.000650530860142795,0.00143779244282477,"ENSMUSG00000023032"
835.790519792694,0.303929409609541,0.0897667123423232,0.000650760467649014,0.00143810465549697,"ENSMUSG00000027679"
1597.38449600743,0.306590562461572,0.0905845168902231,0.000652669986372076,0.00144198797638224,"ENSMUSG00000022159"
827.357890803116,0.658952301420407,0.200597344527521,0.000652694889420342,0.00144198797638224,"ENSMUSG00000070327"
3389.01834949823,0.265946214909849,0.078311533252076,0.000654117493799902,0.00144493480310419,"ENSMUSG00000020720"
19.09484576266,-1.30047262967108,0.434340640906766,0.000655351303338793,0.00144746384202834,"ENSMUSG00000038763"
957.698409294677,-0.606131338175353,0.183779481422598,0.00065546979590634,0.00144752914635238,"ENSMUSG00000090077"
308.567869338752,-0.420376173871299,0.125283186753621,0.000656640060459125,0.00144991683452979,"ENSMUSG00000017307"
273.979475255936,2.21365064569202,0.839667588408998,0.000656868387320042,0.0014502242789632,"ENSMUSG00000029219"
11076.9084331224,-0.238256122695887,0.0702661886606088,0.000656971539509666,0.00145025531870604,"ENSMUSG00000006699"
197.427580889622,-0.451166608660144,0.134733841308247,0.000657123092493495,0.00145039317960802,"ENSMUSG00000033589"
1639.5703968069,0.332814305976328,0.0985544249232678,0.00065820454098915,0.00145258317763305,"ENSMUSG00000026563"
131.097389699197,-0.686374196495149,0.209800360263498,0.000661263204310209,0.00145913548051533,"ENSMUSG00000022847"
6.09429626175025,2.62153288608749,0.957538724984574,0.00066170265659034,0.00145990727080205,"ENSMUSG00000030433"
443.702818956081,-0.468162417067583,0.140129335306822,0.000663588063935395,0.0014638686142757,"ENSMUSG00000073434"
532.052431507054,-0.491393609959821,0.147310119271536,0.000664071264961624,0.00146473605027714,"ENSMUSG00000117942"
19.1162780584252,-1.26812705791582,0.422958018759905,0.000664658171651693,0.00146583196289747,"ENSMUSG00000071192"
2783.00076648692,0.242976880117931,0.0717389146403305,0.000669175727361438,0.00147559502709151,"ENSMUSG00000010064"
2954.91753309283,0.340333703744044,0.100930505705258,0.000671579369730015,0.00148069470140393,"ENSMUSG00000046711"
2379.53379039181,0.713208429090381,0.218977984290206,0.000672908373590546,0.00148342395792347,"ENSMUSG00000029304"
1541.21116387981,-1.44492740349505,0.498746307418194,0.000673597307969299,0.00148474163562955,"ENSMUSG00000021250"
368.437659207186,-0.408255587968969,0.121777513557479,0.000674223055912236,0.00148591969999179,"ENSMUSG00000062961"
53.0483137643029,1.07088673911726,0.346278000645469,0.000676242014861527,0.00149016752645403,"ENSMUSG00000089997"
186.135519367328,0.497413072014417,0.149471822108018,0.000676852779694838,0.00149131152515871,"ENSMUSG00000039208"
917.921342345095,-0.315334419457206,0.0936029959714309,0.000679772434463113,0.00149754170905272,"ENSMUSG00000046567"
489.759299004429,-0.35230961167384,0.104740882414432,0.000680209320014665,0.00149830139529076,"ENSMUSG00000024889"
464.996328031323,0.630584975925161,0.192292657559747,0.000681904364367591,0.0015018318553884,"ENSMUSG00000035439"
6100.42997740693,-0.335720932550293,0.0997443167035595,0.000682640496145278,0.00150324972893031,"ENSMUSG00000027652"
87.8756844451296,0.905177221897331,0.285785238170598,0.00068322104435176,0.0015043246530445,"ENSMUSG00000045871"
310.157419740257,-0.442676422353371,0.132558676935312,0.000684993044112923,0.00150802228456453,"ENSMUSG00000068394"
15.082870573471,-1.49573047147169,0.51635032106502,0.00068823616720618,0.0015149571777934,"ENSMUSG00000109882"
2467.90815088963,-0.304183717618431,0.0903097136715334,0.00068891579974129,0.00151624815957122,"ENSMUSG00000027475"
555.503622678433,-0.401958292245781,0.119946246743494,0.000689808142978248,0.00151800688811679,"ENSMUSG00000025925"
856.790180665163,0.41135713295041,0.122873436892578,0.000690200902421477,0.00151866589478464,"ENSMUSG00000022614"
507.942244586981,-0.389804296795381,0.116323279224758,0.000690843758442513,0.00151987494254997,"ENSMUSG00000029513"
1501.07754828308,0.315830818255832,0.0937960029587917,0.00069380635083453,0.00152618645660601,"ENSMUSG00000001445"
1129.95666269152,-0.296084408968467,0.0879160892454513,0.000693957438395627,0.00152631254995325,"ENSMUSG00000053769"
24.3142196287546,1.10607501721238,0.35979056228232,0.000694310511264739,0.00152688280226526,"ENSMUSG00000037482"
668.168458440819,-0.540176746068671,0.165861213624804,0.000698564096028896,0.0015360294954962,"ENSMUSG00000000127"
166.032982724024,-0.545536422301591,0.165118380494116,0.000700185545628844,0.00153938686004137,"ENSMUSG00000041396"
128.460087401464,-0.966579211966498,0.309436509464266,0.000703424443217581,0.00154629886383468,"ENSMUSG00000030717"
1804.2884271779,-0.440387551546323,0.132220529876818,0.000703642916717537,0.00154657026712504,"ENSMUSG00000031360"
589.947516773092,-0.406969462218659,0.121827729698624,0.000703961596415976,0.00154698149682108,"ENSMUSG00000034473"
2227.5198798263,-0.374266957574085,0.11178995550843,0.000704020084067485,0.00154698149682108,"ENSMUSG00000042207"
2329.74254990774,0.541309723204827,0.163806972347434,0.000707051125905875,0.00155343207281628,"ENSMUSG00000013419"
13.3868308849631,1.50596867860317,0.520542124374745,0.000708789249416071,0.00155704067503304,"ENSMUSG00000026644"
457.735929857318,-0.436122843068651,0.131002839452999,0.000711496133728244,0.00156277615231795,"ENSMUSG00000047583"
1563.0207728561,-0.275642157516348,0.0819308116813524,0.000711739912311332,0.00156310068707553,"ENSMUSG00000032840"
550.440287890173,0.608834885096316,0.185840639742416,0.000713613328890427,0.00156700361091034,"ENSMUSG00000028763"
47.5558551368243,1.06206759902526,0.346465029712973,0.000716489087331929,0.00157310619956692,"ENSMUSG00000022371"
219.637367468075,-0.557512884297785,0.169324838762284,0.000717153685157253,0.00157435302589208,"ENSMUSG00000050222"
378.158871401477,0.360307054909715,0.107605980041627,0.000717677863218,0.0015752912968531,"ENSMUSG00000095115"
170.825044353565,-0.809666748777575,0.253716925673268,0.000719280361686748,0.00157859589153794,"ENSMUSG00000035783"
1453.1689313332,-0.310981816515302,0.0927043646362331,0.000719814497038396,0.00157955518775829,"ENSMUSG00000048170"
95.3279859985772,0.835010851138508,0.263001064842935,0.000720899340047848,0.00158172253097437,"ENSMUSG00000074867"
2356.11362873519,-0.222543430868634,0.0660922889763878,0.000721211804725158,0.00158219484599948,"ENSMUSG00000112449"
546.051917605847,0.53089808734818,0.160831987024418,0.00072406927065625,0.0015882495065008,"ENSMUSG00000002897"
4251.53250751867,0.257650830808701,0.0766005041896529,0.000724917385512638,0.00158989560783815,"ENSMUSG00000027195"
6149.13613437782,-0.25915955648623,0.0771593018111317,0.000726889719407331,0.00159400658123569,"ENSMUSG00000028790"
703.622116205964,-0.543079474421773,0.164900738130134,0.000728111725773236,0.00159647126510462,"ENSMUSG00000018537"
2165.62920843709,-0.267706781017179,0.0797019464621802,0.000729650290766702,0.00159962928391924,"ENSMUSG00000031157"
20.9631787355857,1.27891475389439,0.429513002423709,0.000729808773396654,0.0015997612730071,"ENSMUSG00000038663"
638.605287372913,-0.432732315479736,0.130172056206795,0.000730595550085334,0.0016012702792903,"ENSMUSG00000037443"
624.863753502994,-0.359315538034161,0.107520459075241,0.000732688152644361,0.00160564051544762,"ENSMUSG00000044709"
5366.07347829858,-0.425139712253519,0.127792862584495,0.000733580746337873,0.00160738018426274,"ENSMUSG00000027346"
189.447336269681,0.589769134211426,0.179927565426235,0.00073388105122281,0.00160761204187882,"ENSMUSG00000002043"
656.272781704425,0.428544274132427,0.128998126452893,0.000733884081779181,0.00160761204187882,"ENSMUSG00000059552"
247.1164465857,0.831652500014475,0.262092821235671,0.000738748426577863,0.00161804990417579,"ENSMUSG00000047246"
1386.07003927533,0.414197858320938,0.124411757298266,0.000739047881349597,0.0016184880146117,"ENSMUSG00000025512"
11292.5979854157,-0.209809856959259,0.0624985131326797,0.000739233722600713,0.00161867723116686,"ENSMUSG00000061576"
54.8674781066389,-1.19414048521625,0.39860339255869,0.000741654795577867,0.00162376015634385,"ENSMUSG00000089669"
9896.90464701032,-0.271524258775657,0.0810139427600434,0.000742441285529543,0.00162526348115249,"ENSMUSG00000035152"
205.710769351616,1.98246118667479,0.74572987678089,0.000743940569253183,0.00162832655456546,"ENSMUSG00000053093"
692.719854980488,-0.470696179501841,0.142300041935653,0.000744539375162864,0.00162941811628141,"ENSMUSG00000090136"
642.693593515196,0.528193716027518,0.160394062188965,0.0007452374032657,0.00163072650226631,"ENSMUSG00000004891"
1808.40343559241,0.656391438047837,0.2020264224113,0.000745676490453874,0.00163146799887206,"ENSMUSG00000038884"
1162.81919769611,-0.297605310919901,0.0889210246405653,0.000747098598665224,0.0016343597620041,"ENSMUSG00000041747"
10.059538732478,1.77333829172753,0.634011301919642,0.000747290139385458,0.00163455910896486,"ENSMUSG00000023070"
562.120381124764,0.362713635699775,0.108769106063886,0.000748941676098365,0.00163795144478425,"ENSMUSG00000072875"
653.60950608566,0.351652323112447,0.105282183168822,0.000749622532864442,0.0016392202565781,"ENSMUSG00000045659"
1113.62806878038,-0.359550647364932,0.107875011141934,0.000752106132236626,0.0016444303049762,"ENSMUSG00000038299"
1559.7280243316,0.338947633127635,0.101498795392754,0.000752928200851369,0.00164600661475404,"ENSMUSG00000029833"
28.1963743149041,-1.23870979975452,0.419535478629143,0.00075554688569629,0.0016512878900865,"ENSMUSG00000025150"
1327.30822098486,0.28442580294401,0.0849444050486544,0.00075549653656184,0.0016512878900865,"ENSMUSG00000055003"
1265.16519505198,-0.435271948551974,0.131396756620307,0.000756347996266152,0.00165281684564645,"ENSMUSG00000038866"
1572.61205682286,0.397667335436907,0.119606689675116,0.000757125814982377,0.0016542518013187,"ENSMUSG00000061411"
488.308485886806,0.387150279737709,0.116327991145227,0.000757207898490333,0.0016542518013187,"ENSMUSG00000074182"
17.4238099138843,1.41298473833705,0.487674426806347,0.000761021575122909,0.00166236033277653,"ENSMUSG00000020216"
497.018050623978,-0.343661829936204,0.103097851550485,0.000761351462238513,0.00166285778912096,"ENSMUSG00000020831"
1033.94834865414,-0.293474150476836,0.0878010028086244,0.000761581762346933,0.00166313763448932,"ENSMUSG00000117284"
3410.66867552364,-0.266238996643918,0.0795669247438148,0.000762455398411893,0.00166482212949011,"ENSMUSG00000001415"
2695.7370949506,-0.405610547221094,0.122498026634526,0.000763548525690134,0.00166698536764807,"ENSMUSG00000021327"
1437.17991963824,0.577225573135217,0.176421750733728,0.000763836121375244,0.00166738961831115,"ENSMUSG00000056665"
1415.16951704878,0.260403261044611,0.077773084252789,0.000764235796094661,0.00166803838680999,"ENSMUSG00000029094"
26764.1731157121,0.297818705808735,0.0890725206406698,0.000765485703691526,0.00167054247012879,"ENSMUSG00000047126"
765.071206565405,0.420074369943987,0.126676279629623,0.000767273515975153,0.00167421961032755,"ENSMUSG00000030761"
23.1355717880164,1.19103654265473,0.397088596497639,0.000770080334452947,0.00168011897657486,"ENSMUSG00000003665"
53.1419915419681,-0.79660508753775,0.250524459181706,0.000771790517273018,0.00168362450283707,"ENSMUSG00000031377"
2270.15825416688,-0.250981246355315,0.0751869423806237,0.00077282454767939,0.00168565429279447,"ENSMUSG00000021764"
568.127811464012,-0.428832529094266,0.129469137234088,0.00077403344188099,0.00168783876315322,"ENSMUSG00000009563"
360.870326685557,0.395812254731004,0.119289814642717,0.000773960950656212,0.00168783876315322,"ENSMUSG00000037752"
898.997752317963,0.538148528567551,0.164091376216791,0.000777893931441348,0.00169602965657678,"ENSMUSG00000045176"
3556.62561824449,-0.511892831928666,0.155990099582465,0.00077880253099802,0.00169778325962043,"ENSMUSG00000003452"
155.068150133858,-1.30662147740328,0.447089170943463,0.000779669748753187,0.00169944619311789,"ENSMUSG00000030653"
903.423549252131,-0.372558964718764,0.1122229789963,0.000781223739449351,0.0017026054399192,"ENSMUSG00000001767"
1110.96859846588,0.473941747246884,0.143743468920797,0.000782744320119525,0.00170569103653355,"ENSMUSG00000024952"
7634.27967370018,-0.489599254701055,0.148938239397606,0.000782944821901763,0.00170589958652348,"ENSMUSG00000032525"
187.158001209183,-0.861154814085235,0.274048205076981,0.00078374437015932,0.00170741312332085,"ENSMUSG00000029298"
3049.99939465962,-0.257271087581054,0.0770400811310368,0.000784663013696244,0.00170918567335039,"ENSMUSG00000033712"
2225.48685252975,0.416057212543451,0.126295968706779,0.000785643740272103,0.00171109296282436,"ENSMUSG00000020629"
1147.54628566285,0.459727551849235,0.139380172718689,0.000787203879122441,0.00171426150426155,"ENSMUSG00000044986"
683.696049185242,0.368347726860725,0.111308592462094,0.000793953181379304,0.00172872791419105,"ENSMUSG00000000776"
128.512087484569,0.623239405565981,0.192210953803489,0.000794345009485293,0.00172934974781351,"ENSMUSG00000055676"
71.1192031809362,0.72300339125838,0.225828325226575,0.000794851898078144,0.00173022187709495,"ENSMUSG00000024986"
666.309295611461,-0.650753582866595,0.201646455319141,0.000797151372181213,0.00173499532509236,"ENSMUSG00000056708"
672.126317429351,-0.37669892334227,0.113713268445481,0.000798664059520749,0.00173805528888753,"ENSMUSG00000031917"
114.619841274849,0.556613105275045,0.170405990626171,0.000799200595402921,0.00173899041464627,"ENSMUSG00000039851"
746.76475233669,-0.297329503830813,0.0893638827713921,0.000800290918818115,0.00174113012249683,"ENSMUSG00000006215"
26.4742483092621,-1.15369025043044,0.38463577741341,0.000801764932888586,0.00174410391254315,"ENSMUSG00000046491"
5090.32041691749,0.252147158220334,0.0755693111109461,0.000803282820669902,0.00174717233496321,"ENSMUSG00000008855"
11.1564218390711,1.85381861330686,0.675445420039508,0.000805214810910981,0.00175114050661442,"ENSMUSG00000073119"
9798.48498786991,0.366983790329523,0.110741042098422,0.000810511810364405,0.00176242469264117,"ENSMUSG00000031428"
1514.42519086909,-0.283381429550935,0.0851986702846586,0.000812633818031618,0.00176680289701064,"ENSMUSG00000019470"
706.644886657999,-0.279409102906283,0.0839921140146479,0.00081665414556846,0.00177530664817887,"ENSMUSG00000050890"
220.45269890066,-3.17343339279684,1.40527345383475,0.000817003385164378,0.00177582869591477,"ENSMUSG00000000303"
22973.8876419591,-0.266133314521875,0.0800648361207418,0.000819307911699359,0.00178060002491885,"ENSMUSG00000021087"
29.5890298210054,-1.18963910155901,0.401935418364282,0.000821040544007622,0.00178412734953358,"ENSMUSG00000025432"
2927.52654557034,-0.328047766142667,0.0989805404569232,0.000823396011105376,0.00178900697661149,"ENSMUSG00000079426"
1553.46595894663,-0.218254477229161,0.0655237593978715,0.000824846011000122,0.00179191823929801,"ENSMUSG00000036810"
6670.461206604,0.321859872648427,0.0970374455144682,0.000827764568923775,0.00179798741832363,"ENSMUSG00000020708"
42.3620467742936,0.892279025817474,0.286623699672471,0.000827860652434919,0.00179798741832363,"ENSMUSG00000022768"
24.7862819021515,1.64895098129421,0.610411549726221,0.000828273374198384,0.0017986438080578,"ENSMUSG00000082361"
39.3625103612157,-0.958134736570305,0.311544318163427,0.000829870667721899,0.00180187204604203,"ENSMUSG00000067215"
480.669916451278,0.346049121886763,0.104522662710325,0.000831490771471052,0.00180514894345236,"ENSMUSG00000093445"
75.8441878702291,-0.920439651002467,0.297126630659196,0.000833910981113228,0.00181016174830792,"ENSMUSG00000056481"
415.270975500781,-0.489169509743884,0.149585300658101,0.000835072669524808,0.0018123354239598,"ENSMUSG00000032641"
78.0469879811612,-0.706642092670033,0.221316183917385,0.000835135029802336,0.0018123354239598,"ENSMUSG00000101462"
4517.64157443946,-0.313582021204441,0.0946581456979877,0.000835380225755765,0.00181262587508029,"ENSMUSG00000053754"
255.267933581573,-0.737520166703808,0.231981187080344,0.000838089213100905,0.0018182615235048,"ENSMUSG00000001247"
1284.68754281006,-0.295037132521596,0.0889838687932296,0.000839948610191734,0.00182205270211901,"ENSMUSG00000029198"
22.1561454645644,1.27849093683822,0.437721444511684,0.000840089382875062,0.00182211525308998,"ENSMUSG00000035551"
14.8171580039122,1.46181298536289,0.51041269718332,0.000840855940675578,0.0018235349057177,"ENSMUSG00000059412"
283.879252575474,0.670683527844169,0.209079426485435,0.000841401847802631,0.00182447572645947,"ENSMUSG00000071531"
1088.56150387054,0.361695076697342,0.109458811549923,0.000842133100965067,0.00182581814298207,"ENSMUSG00000044005"
603.090845515885,0.383558356091222,0.116278289263507,0.000842604187798683,0.00182659621374177,"ENSMUSG00000032114"
2788.33135213052,0.429350914393899,0.130489213843799,0.00084274210824466,0.00182665193581978,"ENSMUSG00000069833"
434.191594501772,-0.357493655157039,0.108300167172568,0.000847961198320656,0.00183771966266325,"ENSMUSG00000031104"
155.371467202752,-0.613560866204053,0.190438188753656,0.000848666483921565,0.00183900333137317,"ENSMUSG00000070527"
2660.75378822261,-0.39532119212743,0.120103508284635,0.000848990714579862,0.00183946104777466,"ENSMUSG00000035781"
4539.27755586752,0.258791313208785,0.0779639784075603,0.00084911858351627,0.00183949325292492,"ENSMUSG00000037815"
15.9795480117646,1.40344543203887,0.489637316150534,0.000849336942359206,0.00183972145678286,"ENSMUSG00000025058"
793.595729995895,-0.3824559013534,0.116098726517192,0.0008499243355499,0.00184050396888137,"ENSMUSG00000002307"
224.289346457028,0.696690807671117,0.217988990512125,0.000849854355979954,0.00184050396888137,"ENSMUSG00000064247"
9913.64026039172,-0.547103490535488,0.168622483062794,0.000855162860211516,0.00185160162789612,"ENSMUSG00000047036"
63.4367318262008,0.965065321433423,0.313904215885993,0.000855558900097313,0.00185221276443464,"ENSMUSG00000079339"
40.4358878911272,1.39322561481282,0.487233200573979,0.000856930021536237,0.00185493442693708,"ENSMUSG00000059246"
137.096425031892,0.558547877592341,0.172282183720922,0.000861078450176993,0.0018636664023376,"ENSMUSG00000004018"
106.859132382094,0.663517172474808,0.20725461770439,0.000862786131924547,0.00186711415254823,"ENSMUSG00000025076"
11245.3450896928,-0.469146534720975,0.143611714179848,0.000863481882673296,0.00186837140584287,"ENSMUSG00000040537"
286.453751845597,-0.410909448818382,0.12520454698845,0.000864070095542874,0.00186939566922473,"ENSMUSG00000028992"
2069.01079276394,-0.308195572052376,0.0932889654673347,0.000865968421609918,0.00187325368331777,"ENSMUSG00000034055"
372.915221772038,-0.43207115716929,0.131941122005116,0.000868496135241937,0.00187847197574651,"ENSMUSG00000006589"
690.509378701014,-0.329767313799598,0.0999624089067434,0.000868642282011339,0.00187853847038403,"ENSMUSG00000020736"
591.704857273484,-0.372016881223573,0.113087152323527,0.000869619236370111,0.00188040142529658,"ENSMUSG00000026975"
828.388861846441,-0.50022575545967,0.153716348334319,0.000870274408072015,0.00188156817832332,"ENSMUSG00000063428"
27.5046276462291,1.061911111163,0.352789252302419,0.000873263432494909,0.00188777983454876,"ENSMUSG00000030672"
999.081366038633,0.486565733210912,0.149159248939086,0.000874254894265699,0.00188967217751388,"ENSMUSG00000027285"
365.919726110682,0.518849192850346,0.159504510760353,0.000875129283328518,0.00189131100292374,"ENSMUSG00000020639"
999.232046330374,-0.415288374755897,0.126679978572957,0.000875757754126199,0.00189241799039775,"ENSMUSG00000004044"
257.192367235447,0.723901206915103,0.228000965475254,0.000878797628139189,0.00189873477446904,"ENSMUSG00000045318"
97.703200931476,-0.69100911696922,0.217238177670196,0.000879277206091476,0.0018995188269087,"ENSMUSG00000028551"
1139.44505751007,1.26056858279458,0.432398123172625,0.000884307499069529,0.00191013236064939,"ENSMUSG00000049191"
1238.8850019843,-0.262994907104644,0.0795518392251113,0.000885145162990347,0.00191168806728896,"ENSMUSG00000024382"
2142.53487108565,-0.334535493094792,0.101647394886674,0.000888751276302026,0.00191922171340467,"ENSMUSG00000005204"
1576.70715087413,0.271790099927624,0.0822543763307343,0.00089042037711732,0.00192257101720596,"ENSMUSG00000006058"
10.4869178059971,-1.73404696973424,0.633656249853682,0.000891603429433262,0.00192487010932555,"ENSMUSG00000083083"
831.491043331179,0.275071789777288,0.0832869111528381,0.000896291809648393,0.00193473519128187,"ENSMUSG00000040363"
57.5665130724532,1.0921291869501,0.365573229305832,0.000897638273640223,0.00193738475448363,"ENSMUSG00000035539"
325.894317137134,0.607143829464266,0.189289401050274,0.000902280827788088,0.00194714666773624,"ENSMUSG00000024451"
1250.03574800096,0.403091031277849,0.123077558919371,0.000903388632264043,0.0019492789178147,"ENSMUSG00000028804"
739.135012737778,0.338747159373379,0.103012742266525,0.000907529457252124,0.00195783045626674,"ENSMUSG00000000861"
1124.73996467421,-0.288755680254925,0.0876452445110692,0.000907592371482297,0.00195783045626674,"ENSMUSG00000024182"
38.2119899393873,0.951866407767887,0.311627605996749,0.000909019332505006,0.00196064882662203,"ENSMUSG00000102018"
259.01103736574,-0.592703129983982,0.18450822856291,0.000909211065415642,0.00196080255999415,"ENSMUSG00000047735"
3611.95596435676,-0.483942685098066,0.148996589598649,0.000910042405033378,0.00196226372423062,"ENSMUSG00000033671"
15.4387716744184,-1.64312883222377,0.597885934681811,0.000910129691481827,0.00196226372423062,"ENSMUSG00000043807"
206.121465287985,-0.634586119869544,0.198513615686089,0.000911330334728427,0.001964592131997,"ENSMUSG00000031488"
561.828104710102,0.316817151760034,0.0963216609113541,0.000914081272583904,0.00197003593296011,"ENSMUSG00000007610"
11948.2852190834,0.285570327937449,0.0866554480289038,0.000914097641089061,0.00197003593296011,"ENSMUSG00000053907"
1201.21914137375,0.298722260645591,0.0907552367368634,0.000916685358358883,0.00197535137190441,"ENSMUSG00000027775"
676.325355275931,0.489765583175083,0.150794627938788,0.000916932654527448,0.00197561096003194,"ENSMUSG00000030747"
778.702963913794,-0.498452638201893,0.153718789924984,0.000917048557193839,0.00197561096003194,"ENSMUSG00000051390"
1940.99424201505,0.298163859835891,0.0905839728001002,0.000919873560654876,0.00198143467253408,"ENSMUSG00000045348"
5188.93017449098,-0.249056328320454,0.0755827308108657,0.000920719827601883,0.00198299515132356,"ENSMUSG00000038708"
659.876413769996,-0.392112915918485,0.119942907682996,0.000921588070950645,0.00198460254252343,"ENSMUSG00000058093"
19.5838900212303,1.32200150728546,0.459616120787682,0.000923901287679199,0.00198932078847116,"ENSMUSG00000078653"
20.5139618905442,-1.44994024671547,0.515061783703614,0.000924136317853149,0.00198956367967379,"ENSMUSG00000012428"
3669.52401806708,-0.217748719362771,0.0660000537973946,0.000924534615797881,0.00199015795767759,"ENSMUSG00000024271"
1883.9818942763,0.295081503806538,0.08970435525648,0.000926143798810141,0.00199335829129069,"ENSMUSG00000034708"
3536.63811191468,0.290853753490414,0.0884174455393624,0.000929156487725794,0.00199957817387632,"ENSMUSG00000023068"
5682.3586862951,0.415281720043399,0.127266687095556,0.000931698996900218,0.00200478470212052,"ENSMUSG00000040596"
1681.22502734235,0.302700435955921,0.0921259818496517,0.000933504401229086,0.00200840399725179,"ENSMUSG00000027942"
22.9021190387764,-1.24926728436451,0.431249421990725,0.000934762399569145,0.00201084476545349,"ENSMUSG00000031504"
2840.38410102949,-0.254812872093449,0.0774019571146376,0.000934962067962091,0.00201092684313441,"ENSMUSG00000018820"
24.3412047910334,1.16545553679905,0.398690151043237,0.000935047627207542,0.00201092684313441,"ENSMUSG00000050623"
1333.69836889094,0.438507553358391,0.134685603300433,0.000936248150612287,0.00201324272069575,"ENSMUSG00000051427"
9.82793190974333,1.88797100534733,0.704098696437339,0.000936988791980414,0.00201456921884258,"ENSMUSG00000007946"
44.2461663354353,-0.935223378014413,0.306710320608526,0.000937978353856258,0.00201643048653885,"ENSMUSG00000069270"
68.4911582661978,-0.886958691941887,0.288991222109066,0.000945580708761175,0.00203250531852825,"ENSMUSG00000071722"
565.367660488013,0.356201991920263,0.108851238976827,0.000946665638803638,0.00203456869137122,"ENSMUSG00000030407"
2076.16405441286,-0.316188211457655,0.0965016177484763,0.000948330015199701,0.00203787669800934,"ENSMUSG00000075054"
111.199236453514,0.903340019831615,0.295964411579418,0.00095179325635086,0.00204504892118259,"ENSMUSG00000040274"
1609.86903891758,0.446405547359046,0.137422502719698,0.000952053038609146,0.00204533712055955,"ENSMUSG00000037031"
68.003702799679,-0.892315639595538,0.290721498233314,0.000952814444508194,0.00204670276163953,"ENSMUSG00000113004"
2528.80756851035,-0.282740892583156,0.0861786053272131,0.000954825095756121,0.00205075114246182,"ENSMUSG00000020196"
117.672301262604,0.575913088410047,0.179722520650736,0.0009558272128071,0.00205246043365069,"ENSMUSG00000028438"
113.802299987151,0.67753143207001,0.214298906690555,0.0009558731138657,0.00205246043365069,"ENSMUSG00000113836"
16264.3119523171,0.294663239595427,0.0897390786590801,0.000957541767549929,0.00205577220946686,"ENSMUSG00000025151"
250755.62035769,0.261322853618394,0.0795308359153989,0.000958410608349014,0.00205736619843139,"ENSMUSG00000064341"
2238.98348686931,-0.245609874742384,0.0747645330185339,0.000959255797580001,0.00205890900224252,"ENSMUSG00000027342"
312.011392824754,-0.402278338937292,0.123607080530251,0.000961641193179486,0.00206375680192164,"ENSMUSG00000024790"
27.6361725496162,1.67265618480238,0.626241714650907,0.000961862505205125,0.00206395964404548,"ENSMUSG00000042351"
1233.60994105942,-0.494239075407261,0.153109790087217,0.000964042399188694,0.00206836459390979,"ENSMUSG00000005225"
146.2625939358,0.670578314648005,0.211430191734784,0.000964210824006218,0.00206845332013353,"ENSMUSG00000067586"
1705.48857085631,0.362992608801278,0.111196183680438,0.000966618101749026,0.00207334424301893,"ENSMUSG00000038776"
785.556390148549,-0.434764648910556,0.133978016491392,0.000967547436255197,0.0020750641854232,"ENSMUSG00000021428"
230.57512888765,0.516721958478622,0.160188458496976,0.000968251206924914,0.00207629997975547,"ENSMUSG00000078495"
344.931957625916,0.656823796096837,0.206843528050733,0.000969320257009393,0.00207831864378278,"ENSMUSG00000059602"
184.040878630056,-0.542329855163108,0.168935398424888,0.000972439654998584,0.00208473234611707,"ENSMUSG00000031828"
914.481837045621,-0.244904665345392,0.0746598438551862,0.000973449235326499,0.00208662189263165,"ENSMUSG00000026836"
17.0245882111506,1.55848196059236,0.563578175895818,0.000977309692481397,0.00209462108942886,"ENSMUSG00000046500"
45.5320284714311,0.927802595037043,0.304831045999693,0.000978707174301938,0.00209734009785241,"ENSMUSG00000031165"
1950.47461770108,0.328009568514252,0.100447012926347,0.000979995010814545,0.00209982345478994,"ENSMUSG00000036167"
12.9040562976687,1.90704818739118,0.720482039065272,0.000988304466110673,0.00211734931552376,"ENSMUSG00000043110"
3550.04191263192,0.252237255590736,0.0769445196070932,0.000988555850639223,0.00211760917708979,"ENSMUSG00000052981"
1054.96169539274,0.500821095312145,0.155430218877274,0.000989150017145328,0.00211860315514364,"ENSMUSG00000067038"
205.011042903625,-0.506592600128585,0.157563384235895,0.000990333354248913,0.0021208586160326,"ENSMUSG00000073856"
13.921433541079,1.52012474854148,0.546628304285809,0.00099198292246827,0.00212411181425132,"ENSMUSG00000102185"
273.376602279864,0.422710957011098,0.130270993041661,0.000993831231025475,0.00212778965916516,"ENSMUSG00000030254"
297.483230700929,-0.823970524504324,0.266996131150627,0.00099504861621849,0.0021301159093641,"ENSMUSG00000045886"
8.15610076546413,1.93286108659563,0.725354832906784,0.000998146544455636,0.00213646672592358,"ENSMUSG00000037034"
4948.12699446818,-0.186339440316998,0.056911731052243,0.00100535951179881,0.00215162268381029,"ENSMUSG00000003435"
9413.36744515295,0.263091878242578,0.0804055131943497,0.00100777442467607,0.00215650743852729,"ENSMUSG00000071644"
119.365358102461,0.861347760793937,0.281427377548515,0.00100900276249736,0.0021588521251225,"ENSMUSG00000045064"
21328.5801602412,-0.256512711646475,0.0785059819990648,0.00100977688094433,0.0021602244799595,"ENSMUSG00000058793"
2452.80157316535,0.490699549823532,0.152446017649554,0.00101258189890781,0.00216594062423408,"ENSMUSG00000074968"
474.622774401954,-0.359279570524313,0.110582462054625,0.0010142926241114,0.00216931485156817,"ENSMUSG00000064030"
3492.83393986025,-0.234593528643927,0.0718069406541093,0.00101608461818536,0.0021728619830296,"ENSMUSG00000048222"
13708.1208891513,-0.206520903638273,0.0631169717701199,0.00101660482000321,0.00217368885590599,"ENSMUSG00000014956"
3124.22421828995,0.491342224645552,0.152584224284402,0.00101715352384004,0.00217457644616078,"ENSMUSG00000073755"
722.211876836012,-0.435872473477746,0.134978840417796,0.00101860188760032,0.00217738693714484,"ENSMUSG00000046572"
1300.69851272227,0.316381276156998,0.097097292185629,0.00102490635221,0.00219057584050346,"ENSMUSG00000042903"
1203.45957688957,0.314537648404052,0.0965774602354846,0.0010282554751738,0.00219744553300237,"ENSMUSG00000025766"
1147.32880162089,0.352209981867336,0.108402279228501,0.00102919009314209,0.00219915415281792,"ENSMUSG00000003746"
4546.29185919398,0.295051671278476,0.0904937990191398,0.00103008599330538,0.00220077960349454,"ENSMUSG00000025967"
216.4442320826,0.569184560969419,0.178730562391065,0.00103096184129459,0.00220236179167893,"ENSMUSG00000025001"
4278.37493910925,-0.326921980429549,0.100849811914236,0.00103266493568487,0.00220571051345995,"ENSMUSG00000044285"
1578.35547248393,-0.27439993243133,0.0841883861843089,0.00103347736551054,0.00220715619991872,"ENSMUSG00000028920"
1638.98477379048,-0.287818630472094,0.0884641624325236,0.00103820255875749,0.002216956742943,"ENSMUSG00000021470"
152.543985932502,0.503577988300253,0.157085068885783,0.00103881842152954,0.00221798088479248,"ENSMUSG00000038637"
537.394982081853,-0.365671464062893,0.112848211612261,0.00103995489840223,0.00222011617523823,"ENSMUSG00000050471"
2293.05305885993,-0.318426768596722,0.0979437806883228,0.00104379909643912,0.00222803064409075,"ENSMUSG00000051412"
1184.26016628367,-0.290740856244578,0.0893571205505159,0.00104467534086869,0.00222960865329231,"ENSMUSG00000031935"
2351.11350219459,-0.256412762185608,0.0786677999204898,0.00104545915772277,0.00223098901014831,"ENSMUSG00000019806"
26.3463643490775,-1.26790786161219,0.443383330988079,0.00104680432640784,0.00223331013504094,"ENSMUSG00000032715"
29.7507086614309,1.24160580685375,0.431730903497393,0.0010468212514045,0.00223331013504094,"ENSMUSG00000096574"
92.1295874780426,0.726456683094102,0.233018812796412,0.00104835222815357,0.00223628326168049,"ENSMUSG00000078722"
3995.16542963503,-0.393893035029846,0.121482210108803,0.00105311517515628,0.00224614895455895,"ENSMUSG00000062257"
653.186278063836,0.295581644382155,0.0908958801393282,0.00105437137606996,0.00224853363810648,"ENSMUSG00000090946"
1843.9351034029,0.395871274098626,0.122743876649564,0.00105458427290647,0.00224869305663761,"ENSMUSG00000059439"
1523.8706837405,-1.95122722870645,0.773004162950952,0.00105647001450141,0.00225241897787216,"ENSMUSG00000069917"
356.529974054133,-0.432505389456601,0.13441765434108,0.00106279397758654,0.00226560507689283,"ENSMUSG00000023800"
3878.91290941041,0.408054195640569,0.126484450195016,0.00106636609222358,0.00227292225339996,"ENSMUSG00000051146"
801.092675617667,-0.355881258294186,0.109929606260883,0.00107125805160162,0.00228305034877862,"ENSMUSG00000004561"
19.7623992910024,1.7581579552393,0.671096823407538,0.00107471285162447,0.00229011333927779,"ENSMUSG00000095779"
27.6183834361881,-1.02002640999303,0.343898082424759,0.00107729658605223,0.0022953185638427,"ENSMUSG00000010830"
827.900568901587,-0.380391975022121,0.117932021397596,0.00108277060399507,0.00230667973980262,"ENSMUSG00000006586"
186.02509049798,-1.65899932839275,0.631904261231355,0.00108710067031731,0.00231560124462512,"ENSMUSG00000090394"
8252.46726678009,0.349839922383051,0.109200204797365,0.00109167896085204,0.00232504908082553,"ENSMUSG00000066036"
75.3887517201727,0.790606070793291,0.257030332715294,0.00109366380498453,0.00232897166634461,"ENSMUSG00000073705"
874.155734850209,0.574102157735919,0.181245673983356,0.00109472630278231,0.00233092933377245,"ENSMUSG00000003974"
686.712816598235,0.320025606605622,0.0988769996691476,0.00109642952890008,0.00233425057172841,"ENSMUSG00000017144"
1521.47258248042,-0.295001976909054,0.0910053750335309,0.00109671542273294,0.00233455389711609,"ENSMUSG00000029270"
4837.41683383162,-0.334527405989231,0.103510498538949,0.0011000629799971,0.00234137358634844,"ENSMUSG00000034563"
3074.38529916406,-0.263305885894355,0.0812142410852515,0.00110027825947433,0.0023415256252743,"ENSMUSG00000005510"
3240.46623181993,-0.604441566689024,0.19207811479502,0.00111552171857555,0.00237365523332978,"ENSMUSG00000020484"
65.9186607638604,1.20548902261065,0.424067481366168,0.0011157235562007,0.00237377441482617,"ENSMUSG00000019982"
1469.40070557823,0.432863044097891,0.135102109363224,0.00112662616936709,0.00239665718569754,"ENSMUSG00000025232"
44.7404318116844,1.15357870706688,0.403819564320857,0.00113173360207025,0.00240720757539522,"ENSMUSG00000018983"
2900.07274210474,0.191852953718841,0.0590951181871465,0.00113408890470071,0.00241190216758794,"ENSMUSG00000027455"
858.685348755218,-0.324723468195444,0.10071506359292,0.00113654677848831,0.00241681364601341,"ENSMUSG00000022471"
2909.71409033593,-0.240476291731053,0.074296832579251,0.00113879208039272,0.00242127187625819,"ENSMUSG00000052681"
3319.17828298551,0.252054380871818,0.0775969868276699,0.00113964795982386,0.00242277517173995,"ENSMUSG00000031993"
99.2323285059252,-1.09170704380034,0.37619573503143,0.00114459429175162,0.00243291828492339,"ENSMUSG00000020131"
1808.3170680453,-0.281597385213906,0.0874627007833969,0.00114471809462024,0.00243291828492339,"ENSMUSG00000038290"
1659.04783420928,0.335815292954168,0.102532452230697,0.00114701550971444,0.00243716466089697,"ENSMUSG00000032462"
1646.57150638688,-0.346015143013874,0.107581976950315,0.00114692860217485,0.00243716466089697,"ENSMUSG00000063160"
81.6169645239595,0.805656121967468,0.265282528591824,0.00115153564440747,0.00244644965017813,"ENSMUSG00000110067"
2366.14046119096,-0.276385171483751,0.0853811307079121,0.00115865311230484,0.00246124955788833,"ENSMUSG00000001482"
907.131954031054,-0.29226913649834,0.0906663355956074,0.00116009818095596,0.00246399767609618,"ENSMUSG00000043702"
572.056060269648,0.355806408128435,0.110720363700355,0.00116027687702979,0.00246405570832236,"ENSMUSG00000026504"
1610.83211348121,-0.357988910646729,0.111504481478626,0.00116261898815881,0.00246870752533904,"ENSMUSG00000047417"
439.098183898042,0.666747369491676,0.213941407665536,0.00116284155387858,0.0024688580688712,"ENSMUSG00000096488"
1197.4340505909,-0.30731255262907,0.0954570876684898,0.00116438971519082,0.00247182261135579,"ENSMUSG00000044715"
32.5912145933908,-1.02222541402538,0.347570786196131,0.00116553272098991,0.00247392640921551,"ENSMUSG00000100490"
854.26393557048,0.290424860217083,0.0900420292416694,0.00116623920381257,0.00247510322811746,"ENSMUSG00000057375"
51.7407530269889,1.01024777382382,0.341937001569508,0.00116776118122728,0.00247801023439157,"ENSMUSG00000047642"
1544.56015439531,-0.281443554628867,0.087412137792673,0.00117453871417309,0.00249206741257945,"ENSMUSG00000062908"
3954.31019539941,-0.411089854301848,0.128100652482375,0.00117680441631464,0.00249654923612273,"ENSMUSG00000026930"
42.9404687263926,-1.14339174776002,0.398718974164198,0.00117751624104661,0.00249773382483147,"ENSMUSG00000035429"
2297.03945162499,-0.237130480296131,0.0734825662575758,0.00117886884026954,0.00250027713119317,"ENSMUSG00000053519"
3942.79789448621,0.430107037019763,0.134764433066263,0.00118056401063882,0.00250354624350948,"ENSMUSG00000039959"
137.320113439762,0.646518182023573,0.207457788719993,0.00118479159724681,0.00251218413703056,"ENSMUSG00000111837"
164.306157422041,1.05662358079519,0.36270131040641,0.00118552551765494,0.00251341291695587,"ENSMUSG00000032586"
598.455915169496,-0.41803868115419,0.131065027141509,0.00118685938048074,0.00251591313914124,"ENSMUSG00000022559"
1430.85560682742,0.302503696630399,0.0940315649925541,0.00118844636623779,0.00251829340661529,"ENSMUSG00000022376"
3136.86161408156,-0.292940627131139,0.0910797264288202,0.00118821994408737,0.00251829340661529,"ENSMUSG00000032330"
192.437565736569,0.438051265344877,0.13740011648697,0.00118829411335555,0.00251829340661529,"ENSMUSG00000041945"
1412.44900294751,-0.289066829808179,0.0898705911373031,0.00119109736644061,0.00252358231562153,"ENSMUSG00000060935"
50.0702264877229,-0.863096589930728,0.286774104691795,0.001198143668385,0.00253818097787234,"ENSMUSG00000032593"
1793.96901154309,0.302618823912369,0.0941312027176213,0.00119890054200818,0.00253945387414562,"ENSMUSG00000025499"
8246.42081332045,-0.224494287763494,0.0697487675621504,0.00120219273566974,0.00254609593432631,"ENSMUSG00000022658"
358.132757255048,0.51423912867106,0.162747645231966,0.00120257295676068,0.0025465698699298,"ENSMUSG00000022018"
4820.73613244535,-0.310038155720795,0.0965869202777,0.00120363072045539,0.00254847826061041,"ENSMUSG00000020647"
644.882634881309,-0.309981854111979,0.0965892713773328,0.00120385565683763,0.00254862301755794,"ENSMUSG00000028609"
1150.21656898777,0.408714357489349,0.128089675554166,0.00120434278720267,0.00254932274253382,"ENSMUSG00000070348"
83.2090690092692,0.664486507496696,0.214067892131189,0.00120772447567683,0.0025561486172237,"ENSMUSG00000023935"
786.622513208034,0.260141044136939,0.0808122249010562,0.00120847326529734,0.00255740091166278,"ENSMUSG00000013495"
23109.754301105,0.232859462285577,0.0722940240997317,0.00122010024117339,0.00258133503064991,"ENSMUSG00000021939"
4758.14603330164,-0.230967126804794,0.0717508372287815,0.00122008046122959,0.00258133503064991,"ENSMUSG00000030519"
733.555670729561,0.380747835043163,0.119197545554064,0.0012212846788212,0.00258350513344398,"ENSMUSG00000020009"
406.768722829616,1.352821000766,0.490525077773756,0.00122161142350412,0.00258386054467258,"ENSMUSG00000034579"
3286.47061176869,0.216261618729986,0.0671179613468004,0.00122233989641171,0.00258506545846301,"ENSMUSG00000042572"
134.303847130475,0.836219554683661,0.277470536388405,0.00122269681388492,0.00258548437729524,"ENSMUSG00000032014"
116.860512402366,0.759277900179278,0.248662757465681,0.00122355923512923,0.0025869719742088,"ENSMUSG00000041143"
25.9718777796098,-1.86175880792746,0.747571396933062,0.00122733310893599,0.00259461407107273,"ENSMUSG00000117748"
2253.82273846395,-0.282305481049617,0.0879543541318402,0.00122812744783151,0.0025959561869629,"ENSMUSG00000036282"
6062.56392062085,-0.447606541531302,0.141135677936286,0.00122858738458881,0.00259659120310785,"ENSMUSG00000024614"
65.5663731612176,-3.33253107349468,1.64968994589363,0.0012346025387229,0.00260896535445039,"ENSMUSG00000000889"
3299.7638133229,0.304454723810052,0.094960332415786,0.00123716688420021,0.00261404498195885,"ENSMUSG00000095463"
3903.15712901838,0.301313344228112,0.0939749119691289,0.00123986479850334,0.00261940547567001,"ENSMUSG00000031021"
942.706432085615,-0.460724210819176,0.145623275577437,0.00124235912037432,0.00262433451355479,"ENSMUSG00000001998"
1504.1850524026,0.336097697420802,0.105090555588871,0.00124439265786491,0.00262828904693461,"ENSMUSG00000020024"
2231.42948990886,-0.293386503665072,0.0918209698106507,0.00124503331415981,0.00262930102333853,"ENSMUSG00000037257"
4348.69788511968,-0.490064964424018,0.152790693726443,0.00124854599869042,0.00263637719116391,"ENSMUSG00000038538"
328.767737363621,0.569578266948053,0.182072649557249,0.0012610484997068,0.00266243157953661,"ENSMUSG00000098650"
53.2773747949807,-0.780165707664215,0.256825669217573,0.00126516502770739,0.00267077633523808,"ENSMUSG00000004473"
64.9494624921845,1.12015330619731,0.395266195553694,0.00126693789703872,0.00267417208091238,"ENSMUSG00000051235"
4032.37685914331,0.345368456277264,0.108201118203183,0.00126754739546639,0.00267511169498273,"ENSMUSG00000025809"
184.444908045,-0.614577301345743,0.197831560710573,0.00126858591006007,0.002676956370749,"ENSMUSG00000080888"
1233.58094158216,-0.516277059695597,0.164376941757135,0.00126955887312903,0.00267866226011593,"ENSMUSG00000026090"
757.706620358048,-0.373535043564912,0.117448296690826,0.00127291128941712,0.00268538750247951,"ENSMUSG00000053390"
10349.5826245882,0.244384838742603,0.0762209362156795,0.00127613049881369,0.00269183001939734,"ENSMUSG00000000538"
177.825879584152,-0.779176542321776,0.257051341226449,0.00127723648437711,0.00269381387570492,"ENSMUSG00000062980"
52.1409359967179,1.18379065654911,0.420289489365642,0.00127753307633991,0.00269409035064918,"ENSMUSG00000060962"
1406.56676329023,-0.257913800139823,0.0806190081112007,0.00128074130780903,0.00270015632800355,"ENSMUSG00000002550"
2068.13669418934,-0.244941669167974,0.0764728355491722,0.00128063566191749,0.00270015632800355,"ENSMUSG00000052488"
2912.68573056795,-0.242466812324363,0.0757041770208837,0.00128242214461997,0.00270334986663092,"ENSMUSG00000028078"
2554.78025059413,0.323656040448844,0.101353433052289,0.00128619968849847,0.00271096187095405,"ENSMUSG00000037601"
4347.75343892225,-0.233096160403287,0.0728131114789554,0.00129108565485071,0.00272090785728378,"ENSMUSG00000020936"
3209.72064913981,0.239299922655875,0.0747128508917261,0.00129446106092618,0.00272766823945066,"ENSMUSG00000038023"
1152.73364136987,0.373021194681053,0.117356675978895,0.001295027482046,0.00272850858824032,"ENSMUSG00000034248"
98.1379250368225,-0.940285730457733,0.320791415394438,0.00129615876354105,0.00273053867644896,"ENSMUSG00000026224"
30.7330792975647,1.01077749062681,0.346481331564895,0.00129699232850554,0.00273194113915801,"ENSMUSG00000071714"
397.795891239137,-2.03018781084485,0.841813446125636,0.00129727299621722,0.0027321787854087,"ENSMUSG00000073940"
2079.95794427812,0.282236059670077,0.0883467726643341,0.0013001073481749,0.00273779397329768,"ENSMUSG00000056121"
16.2408265607643,1.61651705550701,0.623668393861311,0.00130215658215058,0.00274175460409354,"ENSMUSG00000068744"
209.969250179404,0.823314392503412,0.27374873009855,0.00130330989938713,0.0027438280577113,"ENSMUSG00000041323"
4113.90865573316,-0.364978359107607,0.113329576927772,0.00131014996521969,0.00275787160660107,"ENSMUSG00000029364"
4955.20233736629,-0.254967053554866,0.0797547863537965,0.00131202773059718,0.00276146720955015,"ENSMUSG00000015087"
1353.00780251378,-0.293430697259379,0.0921997400875446,0.00131440850620763,0.0027661204478407,"ENSMUSG00000004896"
87.6305834213197,-0.848517136888079,0.283881163065748,0.00131632304882378,0.00276979144115221,"ENSMUSG00000091736"
23.1750708977677,-1.40917212470303,0.518258285262924,0.00132269545921397,0.00278284046595385,"ENSMUSG00000041372"
15.1329778724999,1.55781737321988,0.586987244651392,0.00132532033939005,0.00278800264727207,"ENSMUSG00000038242"
58.097708763515,0.793939184397216,0.262658712528556,0.00132717817076185,0.0027915501051378,"ENSMUSG00000094942"
2271.98229008623,-0.191506884632652,0.0598596497104469,0.00132948563469286,0.00279604226893158,"ENSMUSG00000027502"
97.206522179555,0.727661741529757,0.238950495657153,0.00133560515747,0.00280854938035094,"ENSMUSG00000114025"
17.1074582493503,1.43782996894232,0.529893435551899,0.00133624176051437,0.00280952510690428,"ENSMUSG00000096904"
1827.29728922488,0.217615032498434,0.0681325985462883,0.00134108443438722,0.00281934294497678,"ENSMUSG00000016257"
5677.51462122138,-0.273359385657463,0.0852574142952725,0.00134365827877189,0.00282438913505278,"ENSMUSG00000036257"
2912.05309478032,0.346816362466316,0.10953134973317,0.00134397618174541,0.00282469261284076,"ENSMUSG00000034709"
207.380697422529,0.644521386452243,0.209703898568059,0.00134817374425896,0.00283314900710656,"ENSMUSG00000048478"
417.32126698003,-0.400440948688093,0.126897699799929,0.0013512935031673,0.00283933853679583,"ENSMUSG00000036845"
66.7657465474564,0.697700064297869,0.228426357486576,0.00135688156800225,0.00285071220494846,"ENSMUSG00000064090"
2707.04694109976,0.277535724452452,0.0871569270157284,0.00135787247648597,0.00285242588362867,"ENSMUSG00000043241"
1178.09774223342,-1.04816120210998,0.365084718381137,0.00135845965500293,0.00285329113085648,"ENSMUSG00000118332"
917.826953109836,-0.295295060403421,0.0929596103758285,0.001360524668025,0.00285725977888156,"ENSMUSG00000025646"
37.4343349257731,1.15489845793159,0.407563172032392,0.00136153302725044,0.00285900859359942,"ENSMUSG00000028348"
1617.4035089795,-0.327224413064262,0.103273484999085,0.00137169547812031,0.00287997665327518,"ENSMUSG00000028634"
2593.14858447179,0.444163370503665,0.141457796931869,0.00137881482379299,0.0028945509029794,"ENSMUSG00000004113"
3122.50295696179,-0.213302813718883,0.0670007559032372,0.00137939741984292,0.00289540054161226,"ENSMUSG00000062232"
864.971389466333,-0.349707056837794,0.110521137665746,0.0013837717430357,0.00290420789493748,"ENSMUSG00000028799"
40.7641999827332,1.04578260385008,0.366006650798478,0.00138430244573572,0.0029049471718043,"ENSMUSG00000021611"
445.990919820714,0.503556176672034,0.16121357217968,0.00138542877597152,0.00290693601640428,"ENSMUSG00000048310"
98.8253384417414,-0.728505823642747,0.240695041747204,0.00138695541888364,0.00290976418463564,"ENSMUSG00000028702"
4100.52985920421,-0.178241191100881,0.0559132947483267,0.00138727985290285,0.00291006977391141,"ENSMUSG00000027367"
32.779726994731,-1.23303747831584,0.445459816028653,0.00138746418247921,0.00291008142795988,"ENSMUSG00000020974"
810.228293262479,-0.351256622417344,0.111131594498264,0.00138806211223898,0.00291096045645788,"ENSMUSG00000018417"
850.908625559966,-0.464605910829623,0.148444765903167,0.00138949074904126,0.00291358114297225,"ENSMUSG00000050332"
1942.89247322599,-0.268312911006032,0.0844547430988071,0.0013985093965235,0.00293211436844532,"ENSMUSG00000015971"
22.0710211740068,1.10864860485222,0.390066773617507,0.00140135129407088,0.00293769431614756,"ENSMUSG00000044287"
6178.49712884335,-0.310265676553528,0.0979936017878923,0.00140310083702369,0.00294098318633423,"ENSMUSG00000027130"
16.3849286236785,1.23930840684801,0.444137775816133,0.00140466048569775,0.00294387323113016,"ENSMUSG00000038276"
90.5753198614537,0.713701849204828,0.235063336259388,0.00140508550885705,0.00294438490128411,"ENSMUSG00000036553"
1899.14539405101,0.24604710800273,0.0774221768749297,0.00140580419961103,0.0029455117468488,"ENSMUSG00000038828"
79.1063605056635,0.657672645377628,0.214663987026763,0.00140599197431579,0.00294552604348937,"ENSMUSG00000034786"
943.896404890001,-0.353596233291988,0.111883072949824,0.00140698044043008,0.002947217553638,"ENSMUSG00000047098"
2973.37407364379,0.297020703981005,0.0936734310283861,0.00140776863308739,0.0029484891674468,"ENSMUSG00000034101"
413.260219460313,0.432961525455593,0.137945255019911,0.00141027156077675,0.00295335140439006,"ENSMUSG00000030034"
23.7331588118822,1.12466529531299,0.396617282457841,0.00141535026264349,0.00296360581107675,"ENSMUSG00000026934"
37140.4168099348,-0.40502388327539,0.128956981731176,0.00141607444209907,0.00296474080623649,"ENSMUSG00000022425"
7015.95175982955,-0.230341048399765,0.0725466157914423,0.00141962193712551,0.00297178573720795,"ENSMUSG00000078622"
5151.39654367475,0.287579794327342,0.0907825466212555,0.00142042919691126,0.00297309328369827,"ENSMUSG00000031776"
1954.84932997607,-0.206467049301677,0.0649673843654957,0.00142083685054449,0.00297356418785848,"ENSMUSG00000021048"
962.673049649487,0.335391097875411,0.106185360208256,0.00142128335171932,0.00297411626163865,"ENSMUSG00000032743"
469.448794260455,0.344280439538182,0.109051999115406,0.00142147745076185,0.00297414009556574,"ENSMUSG00000066838"
475.70816062303,0.588256677844953,0.190986550756621,0.00142331937707551,0.0029774635981219,"ENSMUSG00000015647"
13.1533945331998,-1.66547085599077,0.642470311914332,0.00142343173120682,0.0029774635981219,"ENSMUSG00000042821"
1525.62119355525,-0.278913805151053,0.0881235849678374,0.00142464824640767,0.00297962535719184,"ENSMUSG00000043683"
1388.37969908424,0.510343920051815,0.163949576757444,0.00142817003692407,0.00298660738194374,"ENSMUSG00000050860"
721.347820696249,-0.424568893853322,0.135540172297856,0.00142932144255211,0.00298863127063112,"ENSMUSG00000028901"
1725.93789582167,0.330670153218006,0.104750046454527,0.00143263300364525,0.00299478618637952,"ENSMUSG00000030298"
43.078557532726,0.987386832745781,0.340612285934744,0.00143260048594082,0.00299478618637952,"ENSMUSG00000054320"
604.43341288399,-0.599154883152042,0.19489025108124,0.00143419485434155,0.00299766613237952,"ENSMUSG00000026586"
428.007750639297,0.369305229366881,0.117257477931808,0.00143503916536712,0.00299904577402053,"ENSMUSG00000026988"
26.2518384902756,-2.05077560372899,0.862389395181233,0.00143938313301701,0.00300773795112334,"ENSMUSG00000069378"
233.960712422778,-0.510626132295581,0.164272240320704,0.00144073056349014,0.00301016713034175,"ENSMUSG00000032718"
48.2498032580868,0.944808660335487,0.324127056561286,0.00144457216039932,0.00301780616362682,"ENSMUSG00000050270"
65.4623818849334,0.772805779228099,0.257750082263078,0.00144500698083616,0.00301832716977429,"ENSMUSG00000043008"
48.0547552798738,1.16230746670088,0.414091010795779,0.00145309097235191,0.00303482356273344,"ENSMUSG00000091563"
235.853172090805,0.658557499447655,0.216292781858735,0.00145656077264909,0.00304168008430814,"ENSMUSG00000028549"
221.053289185726,-0.630535122140542,0.206147935555568,0.00145719513157031,0.00304240467349222,"ENSMUSG00000032278"
1053.78575424424,-0.361166163890193,0.11487609836486,0.00145728156034027,0.00304240467349222,"ENSMUSG00000051351"
5362.42927419934,-0.21250922791473,0.0670621759797713,0.00146032509791957,0.00304836777942225,"ENSMUSG00000030224"
520.336927506966,0.500123871872641,0.160830083157725,0.001461777397638,0.00305100813934497,"ENSMUSG00000030539"
4554.86786601912,0.241697152925443,0.0762962559366783,0.00146896586180947,0.00306561875622237,"ENSMUSG00000018340"
987.525754727822,-0.371124854236739,0.118242282085434,0.0014717584918091,0.00307105303546579,"ENSMUSG00000026577"
795.967698514012,0.351044015658879,0.111623911402608,0.00147691697373157,0.00308142200697289,"ENSMUSG00000001763"
4190.96107076419,0.323532602099816,0.102714396014116,0.00147722348788146,0.00308166653027481,"ENSMUSG00000022674"
901.435409107532,0.26841666820777,0.0849750106281654,0.0014797600892718,0.00308656262598236,"ENSMUSG00000056941"
135.741503122254,-0.822303044041013,0.277665081228969,0.0014826526646451,0.00309219988149813,"ENSMUSG00000115232"
7.78584419522629,-2.45457750203343,1.10231730378295,0.00149162848602061,0.00311052120105604,"ENSMUSG00000118264"
647.761722989443,-0.328333510466943,0.104443615693194,0.00149486222132105,0.0031168652797059,"ENSMUSG00000042997"
2592.36215199578,0.407731205331323,0.130348008688212,0.00149941241239629,0.00312595226037228,"ENSMUSG00000045103"
178.593397027437,0.925759323747713,0.31792950837269,0.0015033114724035,0.00313367961938586,"ENSMUSG00000039552"
28.7047301322073,-1.25419556130193,0.456308909260344,0.00150450500376374,0.00313496319140632,"ENSMUSG00000002944"
16.0567040109872,1.38093010900382,0.511580740721065,0.00150420994618537,0.00313496319140632,"ENSMUSG00000028874"
5717.80573454767,-0.335021131330134,0.106676884105364,0.00150441894780098,0.00313496319140632,"ENSMUSG00000053046"
329.235449135223,0.394183102551884,0.125987884625107,0.0015052192073274,0.00313604994968327,"ENSMUSG00000038387"
1360.38633411707,-0.262134405567322,0.0831428975388832,0.00150550120084,0.00313623605672813,"ENSMUSG00000030983"
5628.84790029381,-0.293846499661336,0.0933520319261883,0.0015057655466141,0.00313638535736203,"ENSMUSG00000022185"
11099.2508356063,0.21808789550908,0.0690039289073833,0.00150720002350532,0.00313857003743375,"ENSMUSG00000029152"
4491.49119494762,0.286007811940407,0.0908488394293895,0.00150719469726962,0.00313857003743375,"ENSMUSG00000046897"
215.905789054271,0.480647420366166,0.154762620302809,0.00150773390012501,0.00313928017731324,"ENSMUSG00000053070"
770.259704810818,0.265375493227333,0.084116754372355,0.00150843135654509,0.00314033068446616,"ENSMUSG00000001844"
1735.403493295,-0.518002283979897,0.167679351655231,0.00150992679512785,0.00314304199118812,"ENSMUSG00000058886"
1915.76699016294,-0.2175508909723,0.0689250647097736,0.00151099016280953,0.00314485332696759,"ENSMUSG00000061666"
105.205744557758,0.984413677558566,0.341036078768731,0.0015167911488391,0.0031565234365639,"ENSMUSG00000000791"
2157.59176538353,-0.202975677094174,0.0642652677804403,0.00152329623021015,0.00316965563535227,"ENSMUSG00000042211"
64.2437672678455,-0.745231207587146,0.248896203918461,0.00153131938549147,0.00318594286260611,"ENSMUSG00000062284"
353.700515449152,-0.52684304722582,0.170953614499326,0.00153272456861148,0.00318845885340034,"ENSMUSG00000068391"
597.220459692486,0.317576039196678,0.101133552202858,0.00153339902875294,0.00318945430488631,"ENSMUSG00000020921"
37.9441727712966,0.956969258188487,0.330507774439232,0.00153421204289332,0.00319073765609013,"ENSMUSG00000047180"
3025.96265102411,-0.42492629924829,0.136319507662854,0.00153861371813064,0.00319948315070651,"ENSMUSG00000034858"
39.6136886564921,1.11002114336533,0.399523227054354,0.00154412899352387,0.00321054180055965,"ENSMUSG00000030589"
351.057747757483,0.505476302978237,0.163735223910359,0.00154434430069082,0.00321057937760474,"ENSMUSG00000042029"
21.8458228611683,1.59171544844084,0.62376451141044,0.00154539511074406,0.00321235367292706,"ENSMUSG00000030789"
205.292461446568,0.436150624981371,0.14028489371389,0.00154637348853655,0.00321392394008811,"ENSMUSG00000051590"
480.91039311354,-0.406671422702476,0.13057643790827,0.00154654541237929,0.00321392394008811,"ENSMUSG00000068854"
2739.27727664088,-0.449480762371913,0.145109517814252,0.00154966237885955,0.00321999032462034,"ENSMUSG00000020721"
95.4890729305726,0.686136864326473,0.227608853450914,0.0015512291645163,0.00322283450414759,"ENSMUSG00000040613"
4241.62108312182,-0.196054348964012,0.0621701069318376,0.00155411675705486,0.00322842171660784,"ENSMUSG00000027823"
3790.02420516102,0.267363610426597,0.0853130969538096,0.00155792195128966,0.00323591342645057,"ENSMUSG00000028782"
1600.66684248478,-0.238890050387797,0.0759456822364087,0.00156264878067152,0.00324531728142013,"ENSMUSG00000025027"
498.383018157216,-0.534761422362658,0.174119183999928,0.00156711571808541,0.00325417906097644,"ENSMUSG00000025036"
349.084579332374,0.363038336215641,0.116187906431431,0.00156904173451704,0.00325776292786587,"ENSMUSG00000034105"
190.272765656752,0.52807217084915,0.171956143367962,0.00157404472425953,0.00326773371017685,"ENSMUSG00000050022"
997.97240376222,-0.237004664582597,0.0753877393255534,0.00157467724983802,0.00326862997613661,"ENSMUSG00000044147"
878.167968534243,0.387161235810546,0.124158279799929,0.00157493211197307,0.0032687421801221,"ENSMUSG00000055553"
405.240082655542,-0.570322937580057,0.186642979391475,0.00158079582082147,0.00328049392801274,"ENSMUSG00000030714"
657.775346796737,-0.776629666928581,0.261997496899463,0.00158216365252773,0.00328291394975735,"ENSMUSG00000029135"
394.224667001186,0.389557384611321,0.125123653704947,0.00158375996012452,0.00328564426072638,"ENSMUSG00000004127"
6459.64197089475,-0.178773908672027,0.0567779881795216,0.00158388318675021,0.00328564426072638,"ENSMUSG00000047514"
1530.53464501021,0.347569205798863,0.111261369400272,0.00159087132477066,0.00329972011017034,"ENSMUSG00000026239"
6633.40290644323,0.227562327401194,0.0724195136132006,0.00160908370480281,0.00333707026968787,"ENSMUSG00000056486"
592.136186981366,0.4776588414541,0.154710155989913,0.00161240358424936,0.00334352936871479,"ENSMUSG00000107879"
904.254851670261,0.467989156421002,0.15141999889014,0.00161398113893178,0.0033463743446098,"ENSMUSG00000059540"
5641.90430972446,0.435937790864474,0.140723721736992,0.00162212075175872,0.00336282241430572,"ENSMUSG00000041757"
98.0796413265202,0.845205516596979,0.288314028637369,0.00162626881686767,0.00337099246160346,"ENSMUSG00000022346"
3216.32830685937,-0.229893363745538,0.0732969600026707,0.00162730772474849,0.00337271646848179,"ENSMUSG00000046096"
181.754903877951,-0.938144914934228,0.326293493734566,0.00162760956045316,0.00337291259389644,"ENSMUSG00000027833"
1456.28276314175,-0.336101457621616,0.107853443971489,0.00162865773207976,0.003374655112372,"ENSMUSG00000030978"
892.156593988045,-0.46107380371366,0.149483239670124,0.00163012368164445,0.00337707800378447,"ENSMUSG00000024544"
1010.92706629945,0.289361934062582,0.0924930079753905,0.00163024198020263,0.00337707800378447,"ENSMUSG00000035131"
4651.35940468773,0.364748670182606,0.117184831157479,0.00163433323608745,0.00338512233325252,"ENSMUSG00000032875"
2855.74394479064,0.274748831152186,0.0878207721869204,0.00163618751861604,0.00338853186107276,"ENSMUSG00000055733"
1105.50555699552,0.237548648669875,0.0757408422024672,0.00163754150449081,0.00339090454269196,"ENSMUSG00000039294"
6408.21947581048,0.286382217798487,0.0915685177671696,0.00163856316375686,0.00339258854994075,"ENSMUSG00000026426"
52.0997443260057,0.930589507191192,0.322678048682552,0.00163976799293262,0.00339465132760489,"ENSMUSG00000029762"
1973.7483544548,-0.271696494478935,0.0869156781537661,0.00164035391238459,0.00339543247530472,"ENSMUSG00000020097"
45.9819080377914,-1.04915060891077,0.373229503876888,0.00164378280697125,0.00340209746114151,"ENSMUSG00000032218"
1217.52780441009,-0.261692650093746,0.0836815334691834,0.00164525596590223,0.00340471352821721,"ENSMUSG00000066456"
1952.03971392503,-0.381330798226266,0.12289415457084,0.00164774537110215,0.00340943169579265,"ENSMUSG00000024817"
878.440114042364,0.490966424306739,0.159567089368455,0.001649951840643,0.00341356330223522,"ENSMUSG00000063626"
8134.50227292061,-0.288013331265644,0.0922934267283332,0.00165211834924818,0.00341761119444171,"ENSMUSG00000075232"
5683.2839834268,0.369456549519777,0.118917293844577,0.00165993999874612,0.00343335493006218,"ENSMUSG00000029713"
45.6358975164891,1.22825628451512,0.452256531304186,0.00166416670562914,0.00344165997131637,"ENSMUSG00000049154"
28.307014597049,0.953852501564492,0.332942384291872,0.00167136074689521,0.00345609886152949,"ENSMUSG00000092335"
563.894936777591,0.332245619373135,0.10679979171625,0.0016735766544774,0.00346024143040558,"ENSMUSG00000037447"
8342.8597662714,0.405462691792781,0.130971916736529,0.00167508242503168,0.00346291487359228,"ENSMUSG00000031431"
10692.1967306355,-0.180395429341702,0.0574956740584963,0.00168281826947297,0.00347846549720393,"ENSMUSG00000056851"
177.778081343495,0.60361081890722,0.199233906947153,0.00168553517442259,0.0034836391022411,"ENSMUSG00000030271"
946.409892959255,0.401630244423077,0.129855107684697,0.00168597421620403,0.00348410413753576,"ENSMUSG00000090115"
23.3793373549356,-1.08636656735657,0.388343615417862,0.00168681810314473,0.00348540557032114,"ENSMUSG00000078905"
1383.32422975381,-0.249620706856257,0.0799838223302283,0.00168744393190763,0.00348625616494383,"ENSMUSG00000003037"
76.9608124790985,0.625285795521864,0.207101393813602,0.00168795845124961,0.00348687660779709,"ENSMUSG00000042349"
960.846499859281,-0.510491464830389,0.166945108084646,0.00168885569827434,0.0034882874072465,"ENSMUSG00000025316"
844.601349465213,-0.317177524612889,0.102008062641221,0.00168943386621816,0.00348903888280883,"ENSMUSG00000043929"
984.724390554092,0.382577164409407,0.123525231345421,0.00169020204426801,0.00349018252906186,"ENSMUSG00000061778"
116.866479598427,0.641494567781184,0.213402488309213,0.00169332211906272,0.00349573842157299,"ENSMUSG00000048776"
15.1866519201196,-1.42874553371997,0.546126842704329,0.00169320913521749,0.00349573842157299,"ENSMUSG00000097187"
67.2952743696662,0.912749033637822,0.315846090034746,0.00169424375618692,0.00349719754795977,"ENSMUSG00000000686"
2851.23629481923,-0.451544862439131,0.146907877833367,0.00169541851696842,0.00349917872691923,"ENSMUSG00000025245"
363.798694203641,0.451708326477363,0.146861238585184,0.00170109017863438,0.0035104393924709,"ENSMUSG00000036036"
715.959419584004,-0.328666136493568,0.105868859128659,0.00170540289877199,0.00351889319130568,"ENSMUSG00000103677"
3006.39709446862,0.25208253958128,0.0807988839049991,0.00170666454927992,0.00352105013094786,"ENSMUSG00000034761"
15.9785555227775,1.24927354477419,0.46035205842797,0.00170938074470805,0.00352620704123149,"ENSMUSG00000003206"
574.158997104107,-0.533910612436675,0.175265597107184,0.00171012577136145,0.00352729692172094,"ENSMUSG00000074519"
629.993652707449,-0.437610893770918,0.142319401686883,0.00171036118794135,0.00352733554001131,"ENSMUSG00000014554"
906.60713818065,-0.382370653866967,0.123707818681811,0.00171375724412251,0.00353389161639552,"ENSMUSG00000078851"
269.760531766376,0.381479613130668,0.123296383140072,0.00171437817554094,0.00353472424844274,"ENSMUSG00000014245"
260.454476444834,0.536375140187704,0.175893320125232,0.00171692968176166,0.00353953664636731,"ENSMUSG00000036915"
920.351136302958,-0.445986212887118,0.14513922903234,0.00171734525430566,0.00353994504870047,"ENSMUSG00000103793"
164.300898033334,0.749442903476656,0.253835052553927,0.00172764518823105,0.00356072529425487,"ENSMUSG00000028621"
574.508650200958,-0.709618058343847,0.23892474110302,0.00172793565139635,0.00356087308943281,"ENSMUSG00000112101"
1908.2072182234,-0.381538621433264,0.123529021491626,0.00173040275927031,0.00356550583739266,"ENSMUSG00000038205"
6360.8768976615,0.275374228660287,0.0884459162086112,0.00173235233147297,0.00356907116209555,"ENSMUSG00000032199"
7035.83267732491,0.238482257309555,0.0762030798366818,0.00173314929678318,0.00357026123171812,"ENSMUSG00000027012"
207.834228610535,-0.490312269701571,0.160344481827064,0.00173442750707129,0.00357244223207724,"ENSMUSG00000044258"
4002.27199544946,-0.315821741126638,0.101837025899965,0.00173588318032422,0.0035749881590736,"ENSMUSG00000035877"
515.677731201862,-0.409383580625184,0.132947487426507,0.00173676948786359,0.00357636100233315,"ENSMUSG00000031570"
2834.80622435254,0.583237574822567,0.192650402379505,0.00173856768147102,0.003579118738645,"ENSMUSG00000020538"
1047.49768416177,-0.358843189151285,0.116017218695976,0.00173845701015468,0.003579118738645,"ENSMUSG00000029153"
942.548861841365,0.33172066347662,0.106948469350489,0.0017387683367247,0.003579118738645,"ENSMUSG00000057342"
2623.40566929739,-0.328155206593102,0.105898920715177,0.00173976900750486,0.00358072574335114,"ENSMUSG00000032905"
77809.1270338719,0.27394775141731,0.090215887583837,0.00174422401486428,0.00358944102578517,"ENSMUSG00000040907"
705.933083446384,-0.38611816663076,0.12511019114271,0.00174472594614852,0.00359002009245425,"ENSMUSG00000020990"
867.729338322027,0.279314742498076,0.0898851002816153,0.00175935358878166,0.00361966098561525,"ENSMUSG00000051864"
514.354664983703,0.546315755959577,0.18005270627284,0.0017611050895487,0.00362280660276428,"ENSMUSG00000031897"
20419.0518700537,0.226862363673288,0.0728329113420245,0.00176885088590873,0.0036382808593407,"ENSMUSG00000062270"
1944.27121874009,-0.345744743907871,0.111882903082456,0.00176914542590779,0.0036384269416206,"ENSMUSG00000003662"
140.160872775178,-0.814492304346345,0.280057261090388,0.00176993037547279,0.00363958143657732,"ENSMUSG00000046192"
2075.40795328456,-0.30836431819007,0.0995316167473431,0.00177525297887312,0.00365006542757315,"ENSMUSG00000007603"
7946.31040644014,0.338813627692339,0.109530890607252,0.00177598324935701,0.00365110575057255,"ENSMUSG00000022051"
2657.57048631825,0.683843740177348,0.229550138993775,0.00177667205054196,0.00365206056809219,"ENSMUSG00000018042"
8.99758417229767,2.04776297909938,0.890963380528781,0.00177839227248673,0.00365513502670947,"ENSMUSG00000046008"
1017.6089821684,-0.310328323259009,0.100251432624274,0.00177896305721815,0.00365584656550903,"ENSMUSG00000021067"
9.77332810689232,1.76827128954262,0.728977548493695,0.00177999001387559,0.00365749525951362,"ENSMUSG00000001588"
709.80197900423,0.367076885554936,0.118944316642778,0.00178094332948288,0.00365899223997504,"ENSMUSG00000022707"
18.4937023945358,1.36390530420567,0.516471566835401,0.00178239254695206,0.00366150755669934,"ENSMUSG00000026167"
32.120792239823,-0.898676272818775,0.313369271912256,0.0017870994367757,0.0036707135182126,"ENSMUSG00000073898"
256.703729900282,0.577176027062651,0.191465613693098,0.00179577092146469,0.00368805943219811,"ENSMUSG00000020014"
46.6443046056355,0.942801310320778,0.334222889278397,0.00179956943670606,0.00369539438510171,"ENSMUSG00000034664"
3749.45736977945,-0.225716475146932,0.0726612016909456,0.00180078752347775,0.00369742927688834,"ENSMUSG00000049532"
275.947425275098,-0.540098642850961,0.178571704159544,0.0018114632151855,0.00371887983564,"ENSMUSG00000004665"
495.264279268594,-0.397104404205058,0.129318270365524,0.00181270308308387,0.00372095596298099,"ENSMUSG00000032551"
1099.96796706109,-0.363832042053095,0.11814321740612,0.00181320349353369,0.00372151386555811,"ENSMUSG00000005102"
441.293001304893,-0.625412730777117,0.208980162945272,0.00181796990274189,0.00373082628300964,"ENSMUSG00000115279"
21.7305227715431,1.33821809875968,0.518087980728316,0.00182312262269583,0.00374092903721703,"ENSMUSG00000028979"
1676.0367935756,-0.357165687952424,0.116004063840833,0.0018241459810702,0.00374255713131594,"ENSMUSG00000056493"
12257.6460273199,-0.212968584260066,0.0686907538705718,0.00182538521056034,0.00374462765689996,"ENSMUSG00000018909"
102.981512257882,-0.764471398782421,0.261986527500515,0.0018275726672383,0.00374864262566848,"ENSMUSG00000030346"
1108.59536799616,-0.277690048013368,0.0899460086805181,0.00183608928926578,0.00376563707328567,"ENSMUSG00000022125"
446.775880473025,-0.490708699384762,0.161530961223806,0.00183939132289606,0.00377193398262813,"ENSMUSG00000041718"
52.8006379521236,0.913511177247097,0.319822423690797,0.00185710514889277,0.00380777901671199,"ENSMUSG00000024696"
6619.73131733808,-0.225730644527358,0.0728776752093567,0.00186029706037884,0.00381336299569913,"ENSMUSG00000015165"
9.4845931034732,-1.7898182678314,0.732692098223238,0.00186010393273468,0.00381336299569913,"ENSMUSG00000052180"
682.196379384827,-0.323471354647384,0.105031959875335,0.00186536245601037,0.0038232649280958,"ENSMUSG00000073423"
66.8616079823324,0.756375752761607,0.258008469337471,0.00186704779281679,0.00382623743818099,"ENSMUSG00000031258"
9883.55931480789,-0.256192832464393,0.0829155912202209,0.00186909379957509,0.00382994824641028,"ENSMUSG00000019210"
889.631597450457,-0.408888946385858,0.133749210128612,0.00187680420314386,0.00384526353917882,"ENSMUSG00000078866"
493.562452392915,-0.328570888796853,0.106864663694955,0.00188713115712702,0.00386593518445931,"ENSMUSG00000000916"
53.0339009535518,-0.807214154313765,0.278554329728407,0.00189045295557356,0.00387225282632771,"ENSMUSG00000090523"
468.247696182966,0.451558466210825,0.14826919232354,0.00189130023724071,0.00387350091366435,"ENSMUSG00000029864"
49.6983508732678,-0.962880857723,0.342079238959346,0.00189517417431728,0.00388094668631737,"ENSMUSG00000057899"
7.34574766088754,-1.7954439499113,0.742447089866389,0.00190053042449155,0.00389142569180798,"ENSMUSG00000024910"
868.60160058012,0.364523415833841,0.118809974916923,0.00190281336820587,0.0038956101128984,"ENSMUSG00000040410"
1176.74246211219,0.274006421339051,0.0887867962840947,0.00190340328111562,0.00389632779300806,"ENSMUSG00000056153"
42586.5959885914,-0.259659673862321,0.0836404397566414,0.00190731200576178,0.00390383815287191,"ENSMUSG00000019505"
18.5757281351778,-1.49332660107702,0.592709576116331,0.00190845796098093,0.0039056925683741,"ENSMUSG00000024043"
1034.53276517511,0.261145967097887,0.0846419790080683,0.00191259894185627,0.00391367511948918,"ENSMUSG00000014873"
539.723325108027,-0.365135493301733,0.119230000374852,0.00191325312328232,0.00391452166173826,"ENSMUSG00000043923"
1349.8850539587,-0.35350246440438,0.115351317600298,0.00191613571003275,0.00391992674222862,"ENSMUSG00000052419"
591.049683452816,0.28825067384707,0.093606370291156,0.00191770393491605,0.00392264195181748,"ENSMUSG00000029610"
1395.87194951802,-0.470418328199159,0.155153829708956,0.00191883130374096,0.00392445482627157,"ENSMUSG00000020482"
222.138028390699,-0.937046756814469,0.33256629431295,0.00191966858727503,0.00392567402809837,"ENSMUSG00000025650"
5049.40842563279,-0.211963427875129,0.068630093435858,0.00192349954192495,0.00393301413684893,"ENSMUSG00000040407"
39.9490222753302,1.04719972584661,0.379526392685748,0.00192686159295367,0.00393939374655864,"ENSMUSG00000001228"
538.724186811425,0.272622238198426,0.0885002191949779,0.00193013847445595,0.00394559765003063,"ENSMUSG00000031901"
1155.59552869325,0.341288534995087,0.111259603964841,0.00193078076636433,0.00394641503200383,"ENSMUSG00000027878"
92.469551399509,0.674825383984495,0.22839439727609,0.00193732687614882,0.00395905888026406,"ENSMUSG00000031595"
212.370391288852,0.522454152349871,0.173176377720656,0.00193745319082096,0.00395905888026406,"ENSMUSG00000049036"
1917.17497357873,-0.375676226768375,0.122954277630287,0.00193952743879084,0.00396280000610484,"ENSMUSG00000018160"
5193.18531391371,0.590984310384064,0.197508778666251,0.00194420358039162,0.00397185565783318,"ENSMUSG00000045136"
75.1664717538534,-2.19003713009303,1.00657716589595,0.00194520227254979,0.00397339723836937,"ENSMUSG00000047420"
134.970289004169,-0.788633244844797,0.272389577437146,0.00194982038974756,0.00398233077845806,"ENSMUSG00000000120"
339.43990947748,0.342284593472147,0.111729401674228,0.00195068427454931,0.00398359536082218,"ENSMUSG00000007867"
1001.01799189158,0.299769295879815,0.0975322670298958,0.00195134448298122,0.00398444373983546,"ENSMUSG00000006526"
1147.2874610148,-0.435245696277205,0.14326162116564,0.00195159940878621,0.00398446446459576,"ENSMUSG00000033849"
7660.46309362551,0.246454551221597,0.0799402670753187,0.00195533312623163,0.00399158673549015,"ENSMUSG00000042066"
204.49378861528,0.473935898851792,0.156453703288908,0.00196023293792081,0.00400058572761722,"ENSMUSG00000014243"
774.762847798264,-0.305602147771943,0.099637085497392,0.00196006514527065,0.00400058572761722,"ENSMUSG00000024528"
1441.18604505299,0.427334340351813,0.140426427988795,0.00196125104070744,0.00400216177016869,"ENSMUSG00000020156"
498.893795784962,0.337833840459454,0.110291042495685,0.00196269075047326,0.00400409575588466,"ENSMUSG00000041797"
80.9178866745312,0.642070903242585,0.216378350691761,0.00196248700076712,0.00400409575588466,"ENSMUSG00000091275"
113.567452402856,0.69896145666231,0.237922568430868,0.00196506112227699,0.00400842919153194,"ENSMUSG00000041849"
236.775633586669,0.487158150607171,0.161101429061285,0.00196663573515229,0.00401113851607681,"ENSMUSG00000046688"
28.0583593704326,-0.971259376315516,0.347430524259584,0.00197129376344261,0.00402013528956637,"ENSMUSG00000110124"
18900.1006864432,-0.266053528311237,0.0877132830910066,0.00197245287937596,0.00402149147926877,"ENSMUSG00000052459"
92.6918137232117,0.55748156593173,0.18601116438325,0.00197238160971455,0.00402149147926877,"ENSMUSG00000063623"
2929.35901558589,-0.368853086889427,0.120870274578108,0.00197747359273275,0.00403122293581761,"ENSMUSG00000037646"
1439.79327187725,0.243908854725611,0.0794573713388884,0.00197982711202321,0.00403551536808337,"ENSMUSG00000038055"
3157.23568257525,0.323401618247034,0.105721154487455,0.00198190624202664,0.00403924750315634,"ENSMUSG00000031808"
4487.85006216603,-0.247338312772378,0.0805316015127044,0.00198635440733767,0.00404780633984008,"ENSMUSG00000030061"
3036.59906110006,-0.194567472342322,0.0631835661121279,0.00198917232789109,0.00405304132599964,"ENSMUSG00000029048"
3270.95227828356,-0.260354402436849,0.0847843494843587,0.00199269656873361,0.00405971398571285,"ENSMUSG00000068040"
51.8354485482207,-0.849670113891543,0.298280963838196,0.00199328499773121,0.00406040460431343,"ENSMUSG00000032323"
2687.63762814941,-0.287821200828448,0.093878154074101,0.0019944532834511,0.00406227609459673,"ENSMUSG00000035248"
224.682869265875,0.728991107973279,0.249757219618121,0.00200169083729745,0.00407650737514424,"ENSMUSG00000073016"
990.250919289455,-0.30288506346339,0.0989325259813278,0.00200286235495299,0.00407838296396358,"ENSMUSG00000018362"
7564.59580020038,0.303739247762058,0.0991266129880545,0.00201246363490326,0.00409707767431014,"ENSMUSG00000006333"
28.2387827513534,1.36900374638595,0.529865234694666,0.00201254657106425,0.00409707767431014,"ENSMUSG00000031727"
665.5622393009,0.295712256050809,0.096555612626688,0.00201505370794311,0.00410166865798399,"ENSMUSG00000005150"
1022.29518561583,-0.42598587109428,0.140545345342928,0.00201709061430103,0.00410530145281223,"ENSMUSG00000030091"
56.7102991559172,0.80122544769506,0.278386311227614,0.00202189447032963,0.00411456409401497,"ENSMUSG00000060445"
5991.2819202763,-0.420698752256341,0.138801976449129,0.0020228036960992,0.00411589982063784,"ENSMUSG00000024298"
516.951546097993,0.427565967726799,0.140942681349539,0.00202712827608751,0.00412390457045749,"ENSMUSG00000024079"
1895.11373641133,0.378521373654573,0.124309502896736,0.00202724440181846,0.00412390457045749,"ENSMUSG00000024220"
146.377676165376,0.777187675528324,0.270285131331567,0.00203055995523527,0.00413013306901409,"ENSMUSG00000004730"
524.73153762747,-0.486459046732919,0.161578699493295,0.00203533228642531,0.00413932270844967,"ENSMUSG00000021179"
212.606709984084,-0.459981357328751,0.152455577275638,0.00203646565967962,0.00414111030709117,"ENSMUSG00000045107"
657.377603384476,-0.281916173266174,0.0920961455478212,0.00203806273287759,0.00414384026552353,"ENSMUSG00000039033"
3917.04881846079,0.229782559685383,0.0748455497086571,0.00204058404679905,0.00414844849678968,"ENSMUSG00000025745"
1125.35088768769,-0.325407212735775,0.106640335116679,0.00204301195421293,0.00415286570812663,"ENSMUSG00000073481"
34.7574392507532,1.12631390725056,0.417868840250192,0.00204484596391438,0.00415607474099117,"ENSMUSG00000053161"
5852.79745311748,0.19887260031673,0.0647169171167698,0.00204756304095988,0.00416079721474283,"ENSMUSG00000036955"
344.162046084361,0.524275514900494,0.174917893446289,0.0020476807032378,0.00416079721474283,"ENSMUSG00000063954"
2095.7044235503,-0.300429852070152,0.0983500010600354,0.0020620036118105,0.00418937778245773,"ENSMUSG00000041483"
728.121400367127,0.372043630797473,0.122389389080342,0.00206959126312847,0.00420426888571137,"ENSMUSG00000031458"
56.9493910645175,-0.975612772998317,0.353074637889572,0.00207590783243092,0.00421657445673951,"ENSMUSG00000041361"
3016.69351733437,0.227235022909574,0.07414019071561,0.00208345705883416,0.00423138041218994,"ENSMUSG00000022607"
785.955669001481,-0.445127797135718,0.147676443259322,0.00208424391238632,0.00423243248780853,"ENSMUSG00000025007"
10.2872067911201,1.77436651434449,0.728942212569085,0.00208449510104196,0.00423243248780853,"ENSMUSG00000051860"
507.487510074739,-0.32799744577052,0.107767749568714,0.00209822396006015,0.00425977670514582,"ENSMUSG00000021645"
3076.57033769569,-0.253895289375067,0.0830409058683465,0.00210164633064681,0.0042661926637073,"ENSMUSG00000019254"
1811.49277422821,-0.381437132227262,0.125949024232698,0.00210757895328727,0.0042777020201509,"ENSMUSG00000021198"
2512.54541549606,-0.395933603322349,0.132183983005199,0.00210825127790436,0.00427853313822804,"ENSMUSG00000027981"
4656.73195224104,-0.206300479035204,0.0673690869252668,0.00211116185967117,0.00428390585287053,"ENSMUSG00000010095"
1365.98866912611,-0.307097747295753,0.100856050377453,0.00211218812556917,0.00428492002841662,"ENSMUSG00000005374"
850.065988529638,-0.241558943197391,0.0789912803610988,0.0021119660895407,0.00428492002841662,"ENSMUSG00000040220"
798.260602931663,-0.350309343463337,0.115341763318998,0.00211292742570356,0.00428588568667944,"ENSMUSG00000019948"
4352.58265854473,-0.283584674070565,0.0923717524098569,0.00211440273729379,0.00428834385218892,"ENSMUSG00000010097"
2944.17383363974,-0.256043984153709,0.0838492550622123,0.0021156639429145,0.00429036721848291,"ENSMUSG00000020687"
1161.61999145595,-0.24397680580388,0.079884264973198,0.00211883619482899,0.00429626501985878,"ENSMUSG00000032555"
3994.20394616853,-0.522044235152389,0.175040750646957,0.00212057338411416,0.00429925190517005,"ENSMUSG00000048148"
6411.82654946358,0.371814000336182,0.122587871051686,0.00212113115140984,0.00429984718339345,"ENSMUSG00000044533"
379.562537791611,0.363203143019667,0.119686867428131,0.00212303986000805,0.00430318053059533,"ENSMUSG00000080268"
1001.40466835737,0.413494908867998,0.136691422859088,0.0021247708899314,0.00430615295646206,"ENSMUSG00000001761"
116.310727130709,0.535464610354604,0.179538937301043,0.00212810740930291,0.00431237799186267,"ENSMUSG00000001948"
544.413274348003,0.406740634214929,0.13469429366205,0.00213760140324519,0.00433107737640344,"ENSMUSG00000035495"
1141.88867547192,-0.236246241974015,0.0774012132645032,0.00214425859776983,0.00434363983374611,"ENSMUSG00000001158"
84.1541561361067,0.968215281189742,0.351060467918074,0.00214433528099175,0.00434363983374611,"ENSMUSG00000033386"
3678.63766173223,-0.222756732438408,0.0729472454310385,0.0021465697205607,0.00434762497340887,"ENSMUSG00000020530"
999.853875309727,-1.77836112805931,0.769736862296721,0.00214701501571601,0.00434798587034401,"ENSMUSG00000069919"
1850.19540548573,-0.304996179352561,0.100333404036254,0.00214794169388824,0.00434932141971797,"ENSMUSG00000024493"
4175.07793360115,0.240473882338621,0.0792803371126646,0.00214942962931232,0.00435179297337636,"ENSMUSG00000019804"
778.475665051529,0.336894391321591,0.111026063548533,0.00215669656168264,0.00436596276968909,"ENSMUSG00000038459"
677.758486872441,0.275706382755541,0.0905175135231708,0.00215864333380921,0.00436936038146559,"ENSMUSG00000026142"
572.624009301622,-0.683120208945342,0.234578223256451,0.00216044447160499,0.00437191883500572,"ENSMUSG00000025019"
4560.86876064767,-0.279514658037227,0.0918840839810701,0.00216037267233692,0.00437191883500572,"ENSMUSG00000031453"
2476.73189382243,-0.397369215280992,0.131606407845985,0.00216207184000784,0.00437466816801089,"ENSMUSG00000062866"
3809.23746679764,-0.33987175710879,0.112663304397099,0.00217142785405052,0.00439305277258691,"ENSMUSG00000063694"
143.590735449021,0.444344940882138,0.147903717518153,0.00217609622752476,0.00440195034070437,"ENSMUSG00000017405"
49.2530362521807,-1.58151381681878,0.673712652487311,0.00218025097101049,0.00440980682232962,"ENSMUSG00000051747"
2523.67729245406,0.200351307729814,0.0656042786591645,0.00218593610318778,0.00442075635329739,"ENSMUSG00000022634"
2990.14211786343,-0.578606211205159,0.195976937732819,0.0021921727219436,0.00443281833140347,"ENSMUSG00000073664"
571.752150308344,-0.301663744040501,0.099407165372831,0.00219361641138892,0.00443518667800136,"ENSMUSG00000033434"
1062.05173634321,-0.327820474303658,0.108256053451762,0.00220364683259245,0.00445491345515895,"ENSMUSG00000058446"
2314.67916170397,-0.390528535955035,0.129830928078056,0.00221559173619594,0.00447850518835186,"ENSMUSG00000034614"
829.264731672206,-0.442065524101061,0.146456003833209,0.00221987982923284,0.00448661582570798,"ENSMUSG00000078684"
2216.36233063949,-0.485381982389137,0.162786324407993,0.00222339323076963,0.00449315890881044,"ENSMUSG00000058318"
822.259688995361,0.438828441729227,0.146221841011395,0.00222381717760663,0.00449345779755222,"ENSMUSG00000022802"
2640.86463130962,-0.277649230200255,0.0915605962400532,0.00222457810699369,0.00449443743647056,"ENSMUSG00000021000"
801.082225390682,0.47397431804308,0.158627760730107,0.0022259120607465,0.00449657440119527,"ENSMUSG00000007655"
8392.87729791498,-0.625050256628582,0.211091855232186,0.00222731124798271,0.00449828442861818,"ENSMUSG00000027677"
19827.9134842493,0.377702384833118,0.125194846552336,0.00222709906876913,0.00449828442861818,"ENSMUSG00000037996"
525.57052497817,0.434084929832421,0.144715988643799,0.00222950216295035,0.00450215062752833,"ENSMUSG00000000876"
51.6626012526313,0.786423054605152,0.275060793368007,0.00223086853195336,0.00450435102494875,"ENSMUSG00000058173"
204.060562212837,0.57249342510869,0.193947244377843,0.00223912100293882,0.00452045289418803,"ENSMUSG00000063286"
2937.65890770952,-0.287188346374188,0.0947652449740598,0.00224066422189498,0.00452300746577462,"ENSMUSG00000073563"
607.251666702656,0.321562250974836,0.106223807888069,0.00224287153021209,0.00452690176922411,"ENSMUSG00000024570"
8034.90058749132,-0.215371031923215,0.0708159943834422,0.00224673421326282,0.00453413581992217,"ENSMUSG00000061032"
5629.29978776609,-0.177053797841157,0.0582114140788817,0.00226058519555093,0.00456152297175878,"ENSMUSG00000013662"
1198.76890782936,-0.34601775980109,0.114731054104129,0.00226354746274332,0.00456636827345839,"ENSMUSG00000026788"
1147.57370087753,0.402230576429598,0.133845645244356,0.00226350292316366,0.00456636827345839,"ENSMUSG00000033209"
36.2517523313702,1.0792195673266,0.401871614281727,0.00228352109358843,0.00460609124676982,"ENSMUSG00000092592"
66.7721444126826,-2.4985787365546,1.27724222625323,0.00228960943077982,0.004617799815913,"ENSMUSG00000046714"
3485.18783286912,0.413625827223956,0.137820835430936,0.00229631637617298,0.00463075296969076,"ENSMUSG00000009013"
81.5494471207514,0.598854496635999,0.204138905490378,0.00229988102060722,0.00463736693341314,"ENSMUSG00000002257"
48.0224677439397,0.790540021709356,0.278044157310694,0.00230477235544313,0.00464665400073114,"ENSMUSG00000056529"
11.8318106791881,1.43653241345928,0.580566700722978,0.00230525260130735,0.00464704666799765,"ENSMUSG00000071332"
49.5830145699044,1.29196923161119,0.503734698885437,0.00231080773855482,0.00465766819814208,"ENSMUSG00000027744"
25.7301274325005,-1.2125025478218,0.469526048656791,0.00231556425278934,0.00466667759154448,"ENSMUSG00000022753"
50.013682855166,0.815796231378397,0.287675608510194,0.00231926281241152,0.00467355286710011,"ENSMUSG00000027496"
8.6849952280544,1.59988691795392,0.654229693123759,0.00232239712945598,0.00467928957461128,"ENSMUSG00000040694"
161.713021312962,0.55092563658878,0.187042520495991,0.00233253291066754,0.00469913003958493,"ENSMUSG00000025102"
1519.40668876877,-0.381894699324476,0.12740974512696,0.00233653674922835,0.00470661368691239,"ENSMUSG00000042595"
12.5304930359466,-1.33294336483234,0.522159276968509,0.00233829950445684,0.00470958170422525,"ENSMUSG00000075570"
2345.51761602987,0.350659071019132,0.116563632504788,0.00233899326737385,0.00471039619031444,"ENSMUSG00000036617"
523.064251514807,-0.352951505244342,0.117553751107799,0.00234247276198938,0.00471681984409489,"ENSMUSG00000006191"
6664.05233558498,-0.27505538476489,0.0911030782532536,0.00234311354681243,0.00471752656957485,"ENSMUSG00000034120"
992.295833790647,0.378648445408764,0.126180642678024,0.00234774991053635,0.00472627665640746,"ENSMUSG00000049086"
1209.27877702002,0.234568104195613,0.0774168275401079,0.00235154652974695,0.00473333429098811,"ENSMUSG00000040570"
356.238782806217,0.437727023981077,0.146717828020074,0.00235208746724575,0.00473383775863333,"ENSMUSG00000096687"
52.7631583011421,-1.21238656608515,0.46982699601496,0.00236536229378595,0.00475996630216933,"ENSMUSG00000109724"
186.158789191077,-0.533185081837388,0.181034292603405,0.00236875816723835,0.00476621080918489,"ENSMUSG00000048616"
1804.84124266181,-0.46145597754437,0.155032151074588,0.00237304576896863,0.00477424780957501,"ENSMUSG00000055805"
625.647413683611,0.337809972179813,0.112225861833806,0.00238189560865788,0.00479146029630908,"ENSMUSG00000059355"
3395.4856276759,-0.222728672665138,0.0736762722777169,0.00238876161919938,0.00480467831920518,"ENSMUSG00000016018"
1442.40210975909,-0.3004335022261,0.099881866369742,0.00239584932353077,0.00481820051841799,"ENSMUSG00000033760"
12076.8089168248,0.269709623343341,0.089405321713028,0.00239607649567475,0.00481820051841799,"ENSMUSG00000043733"
4746.74489294977,0.258970405589387,0.0858202569568868,0.00240007663470864,0.0048250521748533,"ENSMUSG00000001366"
5003.31262032228,-0.310263921149873,0.103227502819161,0.002399836987219,0.0048250521748533,"ENSMUSG00000029757"
5485.19960708127,-0.260803656538406,0.0866233382117407,0.00240042368136291,0.00482515394976852,"ENSMUSG00000067851"
1653.87752633555,0.312640941431915,0.103952442220221,0.00240300053967097,0.00482973734840894,"ENSMUSG00000049751"
817.582404393768,0.339251614074641,0.112787069221973,0.00240807148867531,0.00483933181390824,"ENSMUSG00000024664"
1644.74172399894,0.311356925182129,0.103507029985019,0.00241103466947407,0.00484468860013565,"ENSMUSG00000020392"
400.962912799067,-0.722261676457398,0.252727778028124,0.00241605747987749,0.00485418213495998,"ENSMUSG00000043301"
82.3876022223105,0.826107112993285,0.294197476563267,0.00242254171455902,0.00486660916075425,"ENSMUSG00000019865"
6294.28947526218,0.302852023109295,0.100608344223572,0.00243512863319226,0.00489129120077784,"ENSMUSG00000027010"
1122.02385682727,0.264731946178819,0.0878974167611641,0.00243563946651851,0.00489171366267591,"ENSMUSG00000020400"
33.9186234180245,1.00083871500301,0.368910157517514,0.00244284375985701,0.00490557743929835,"ENSMUSG00000054383"
825.20915261846,-0.370825835356195,0.124204748604895,0.00244377765512567,0.00490684749847487,"ENSMUSG00000095362"
5582.15039942292,-0.293655170879587,0.0978078103066137,0.00244653816096666,0.00491178443317899,"ENSMUSG00000022905"
2426.8516108929,0.300216887787474,0.0999282615667571,0.00244903844558744,0.00491619778237419,"ENSMUSG00000034544"
54.095667917324,-0.747745368435443,0.263067936951824,0.00245109741443549,0.00491972425550936,"ENSMUSG00000031448"
2313.68475731371,0.347171480055849,0.115888740207064,0.00245272252815203,0.00492237915340387,"ENSMUSG00000032411"
7976.70763698976,0.436595086149889,0.146579105544968,0.00245675011821907,0.00492985434225469,"ENSMUSG00000021379"
1116.71703955244,-0.235965333055107,0.0783694689298371,0.00246005752405823,0.0049358827038851,"ENSMUSG00000033845"
638.171450901078,0.351017538871813,0.117335928543361,0.00246195675113525,0.00493908454461173,"ENSMUSG00000028743"
2180.86067884935,-0.390934112733315,0.131298023880581,0.00247748578642441,0.00496962583258368,"ENSMUSG00000038384"
384.165102935987,0.35926285211067,0.120186420751827,0.00247959163625003,0.00497323714328216,"ENSMUSG00000022827"
1743.79797602061,-0.315824593926699,0.105463096020378,0.00248360855541805,0.00498068006222681,"ENSMUSG00000025495"
4562.85001391913,-0.24721347458571,0.0822131106269093,0.00248768621085438,0.00498824293425567,"ENSMUSG00000033228"
2832.99137815041,0.246900813617505,0.0820863960183981,0.00249097452837776,0.00499422137860983,"ENSMUSG00000032485"
12.8660907767851,1.41281256049734,0.567699161730887,0.0024929521979361,0.00499757092093643,"ENSMUSG00000094282"
1638.60485177622,-0.370814333857401,0.124448258862661,0.00250186718151873,0.00501482501918013,"ENSMUSG00000034040"
799.208820293158,0.340587075389053,0.113916708101795,0.00250221596212061,0.00501490660322571,"ENSMUSG00000074749"
2275.92810345061,-0.302050785459903,0.10090804082441,0.00250995644131081,0.00502980068344914,"ENSMUSG00000040383"
181.473783189996,0.542957464032338,0.185443652509478,0.00251556288956279,0.00504041515464095,"ENSMUSG00000026656"
963.446672693444,0.266904483099602,0.0889760442345886,0.00252658866302325,0.00506188433928522,"ENSMUSG00000042642"
208.625057336282,0.549908491709798,0.188001970322711,0.00252783112917209,0.00506375032250347,"ENSMUSG00000038214"
225.021937768868,0.438914454537046,0.148363506456819,0.00253284988830592,0.00507317958432924,"ENSMUSG00000032089"
129.710906522033,0.89053623213526,0.322508833041293,0.0025340422781617,0.00507494343059992,"ENSMUSG00000026841"
993.236842944559,-0.271941467885553,0.0907780136028797,0.00254463121282026,0.00509552305108725,"ENSMUSG00000020621"
165.751048377631,-0.585688992830587,0.201872104164114,0.0025456174905761,0.00509687103463688,"ENSMUSG00000022881"
2194.14949244774,0.21410841362328,0.0712513719565045,0.00254876389415937,0.00510254318892217,"ENSMUSG00000015095"
780.012388914225,-0.294228599013851,0.0983982731987478,0.00255031152493783,0.00510501365013994,"ENSMUSG00000019659"
56.859060847911,0.764970840462774,0.271233812598563,0.00255629042289405,0.005116352576401,"ENSMUSG00000014503"
1639.5566786523,-0.240065650021335,0.0800601394566206,0.00255965580594207,0.005122458471739,"ENSMUSG00000036352"
15.5601962204892,1.32179505176022,0.525958206875575,0.00256278442411165,0.00512808910334228,"ENSMUSG00000080797"
1895.04174940934,-0.424095878340004,0.143475725174588,0.00258213229407045,0.00516616881549641,"ENSMUSG00000052812"
5233.23824443435,-0.18578794822535,0.0618665016444402,0.00258301368505237,0.00516666217317307,"ENSMUSG00000031731"
2479.56223319802,-0.266713808422412,0.0891555014329106,0.0025828607978975,0.00516666217317307,"ENSMUSG00000068479"
2518.34608286847,-0.320369833620528,0.107533056527433,0.00259195260799929,0.00518390521599859,"ENSMUSG00000063884"
57.9413405707694,0.937471577730278,0.343352913341075,0.0025938462686885,0.00518705522871148,"ENSMUSG00000115632"
31.5446756544815,-0.881159279119981,0.319517522311461,0.00259439298632044,0.00518751124325318,"ENSMUSG00000085513"
132.867629100203,0.726838497949971,0.25691262893692,0.00259862353920248,0.00519533210158904,"ENSMUSG00000043895"
6570.8231459302,0.223858940175504,0.0746322291613862,0.0026003165463711,0.00519807844060281,"ENSMUSG00000018481"
874.006820905957,-0.326729248111713,0.109785457461106,0.00261527795579315,0.0052262442660811,"ENSMUSG00000029263"
13.4421980550589,1.64765483247464,0.739724225528362,0.0026153695657634,0.0052262442660811,"ENSMUSG00000049115"
30.1011626302653,0.992905150404226,0.366769697265646,0.00261492029583578,0.0052262442660811,"ENSMUSG00000071537"
1367.52348477012,-0.241669040705361,0.0808201308744852,0.00261596531610724,0.00522679310366928,"ENSMUSG00000057551"
2592.99289772132,-0.340675675429038,0.114637554889624,0.0026248568331864,0.0052439150135749,"ENSMUSG00000021893"
4737.10636189782,-0.293436706103611,0.0984382656574393,0.00263122289889681,0.00525598801671889,"ENSMUSG00000033813"
158.531233581648,0.550919158541817,0.189122260002047,0.00263493862726343,0.00526276453676001,"ENSMUSG00000014778"
912.641005845343,-0.356516322438304,0.120226735955373,0.00263916661389737,0.00527056240228455,"ENSMUSG00000001674"
3904.69819244565,0.339810246902173,0.114298045692871,0.00264191189206531,0.00527539766671236,"ENSMUSG00000055296"
25.8421011705568,1.25627593787411,0.49789712731194,0.0026429682628856,0.00527685973055952,"ENSMUSG00000035875"
2240.89716601053,-0.260509013516005,0.0874438694600608,0.00264369997392094,0.00527767331070457,"ENSMUSG00000003721"
2652.0182231159,-0.24442806115932,0.081861415044276,0.0026578538141303,0.00530473871581399,"ENSMUSG00000033916"
1061.82464395105,0.291163193604977,0.0976647743137424,0.00265790938482485,0.00530473871581399,"ENSMUSG00000055897"
514.302779634055,-0.465800462172947,0.1587155468709,0.00266038478433701,0.00530902826032093,"ENSMUSG00000031871"
10.1419039165141,1.47187877566983,0.606272607500085,0.00266116531935872,0.00530993491891655,"ENSMUSG00000001558"
1135.82066959575,0.41407819813098,0.140259996697384,0.00266191656533339,0.00531078292076196,"ENSMUSG00000040918"
6797.48099310662,0.234106766860857,0.0783129079258555,0.00266377633579502,0.00531384205809698,"ENSMUSG00000048307"
497.159370591637,-0.279523719780906,0.0937807671882419,0.00266515544949705,0.00531594172367516,"ENSMUSG00000022009"
482.086870916631,-1.20397748218999,0.472394893533551,0.00266724947449933,0.00531946666820633,"ENSMUSG00000021186"
17.9271599062332,-1.210107635938,0.471039595942597,0.00266807662908199,0.00532046445769896,"ENSMUSG00000026407"
1964.89982711196,-0.305564124673374,0.10275099522732,0.0026687344997553,0.0053211244717071,"ENSMUSG00000057411"
468.876310244972,-0.301731762668698,0.101457394125632,0.00267565605005028,0.00533427179212718,"ENSMUSG00000049728"
93.4604499048465,-0.565531088921891,0.195292666047447,0.00267937126167896,0.00534102441802719,"ENSMUSG00000019773"
25.544709439961,1.0796590873044,0.408767584172657,0.00268096694880494,0.00534355087457412,"ENSMUSG00000010538"
211.377551991179,0.483237621378997,0.164904658095274,0.00268416361344511,0.00534926729917476,"ENSMUSG00000009633"
467.322675851971,0.316690295565795,0.106573684376899,0.00268566997393181,0.00535161413094161,"ENSMUSG00000028637"
598.025255087069,0.300454521598762,0.101009119431161,0.00269200558694247,0.00536358224531817,"ENSMUSG00000031970"
29.7935673589941,1.09277068428522,0.416612305292283,0.00269601202646432,0.00537090732673921,"ENSMUSG00000031927"
3238.34776641074,0.258315361972603,0.0866534758186352,0.0027014994204279,0.0053811805635983,"ENSMUSG00000021124"
7370.65591539625,1.00956999590102,0.375053286638019,0.00270430490392862,0.00538610977929158,"ENSMUSG00000031980"
115.111052381555,-0.920561393879288,0.33891030282732,0.00271008690639689,0.00539696533671747,"ENSMUSG00000109147"
7837.60916317789,-0.351038637584048,0.118641260667706,0.00271071660133195,0.00539755900140446,"ENSMUSG00000057522"
660.17954150507,-0.324586193057789,0.109516704024723,0.00272368016795755,0.0054227086318509,"ENSMUSG00000035372"
1285.40582430577,-0.265080655379138,0.0890882924847233,0.00272524040909274,0.00542515144664445,"ENSMUSG00000031796"
13.9612870366458,1.31030738663738,0.523221885775872,0.00272733483097202,0.00542865693061416,"ENSMUSG00000057346"
15.0496977911278,1.71401424817447,0.813112152894526,0.00273380475423749,0.00544086976274334,"ENSMUSG00000030877"
552.268787922919,-0.25758572753315,0.0865531253578454,0.00273486262051483,0.0054418598682926,"ENSMUSG00000027222"
1101.21489769567,-0.396507311446197,0.135916686447628,0.0027349708552956,0.0054418598682926,"ENSMUSG00000028909"
2300.2607118847,-0.178699754797407,0.0598436203798204,0.0027354249561162,0.00544209819550959,"ENSMUSG00000035949"
25256.7819575158,-0.173180113052791,0.0579949763544421,0.0027366607624422,0.00544389146902531,"ENSMUSG00000027893"
961.021512931327,0.284647184417349,0.0957555620869192,0.00273761734367982,0.00544512892478252,"ENSMUSG00000024556"
880.080169764843,-0.374985811518978,0.127105320523716,0.00273911214095521,0.00544743646065595,"ENSMUSG00000034518"
5530.46955097285,-0.413745196792637,0.140815190872131,0.00274497675713936,0.00545843289185372,"ENSMUSG00000050812"
289.244894921749,-0.506993093902677,0.174216573171007,0.00274569057028154,0.00545918542848943,"ENSMUSG00000106189"
11.6599224397701,1.34762287611787,0.545754017973697,0.00275414930995813,0.00547466631670515,"ENSMUSG00000029195"
370.885576592832,-0.549628398225671,0.190080245610155,0.00275381730845138,0.00547466631670515,"ENSMUSG00000057103"
6385.53203265491,-0.250491872103142,0.0842495107647491,0.00275693588117723,0.00547953629716763,"ENSMUSG00000001036"
996.566998055164,0.311940831044327,0.105222334190137,0.00275769114408115,0.00548036826313673,"ENSMUSG00000032534"
180.466994687553,0.57639520273541,0.199868907412379,0.00277108529540767,0.00550631426253003,"ENSMUSG00000048581"
878.778702608551,-0.301504149359693,0.101773187494626,0.0027749683726333,0.00551335715485473,"ENSMUSG00000035045"
185.583998922172,-3.06064950724413,2.10349480650065,0.00277690099667056,0.00551652360554106,"ENSMUSG00000024650"
1285.03674083815,0.466239847287982,0.159508969872948,0.00278013066149643,0.00552226563854044,"ENSMUSG00000021585"
24.7368651979923,1.13126039242449,0.435644593968467,0.00278985803890292,0.00554091131738187,"ENSMUSG00000071715"
343546.909252949,0.304353499984223,0.102703995916504,0.00279740742587963,0.00555522728784539,"ENSMUSG00000064357"
3684.18033070751,-0.523479557019337,0.182227504636408,0.00280048056547985,0.00556065170101012,"ENSMUSG00000036800"
174.122775912776,0.536891453453205,0.185614517433078,0.00280945746994966,0.00557779591362857,"ENSMUSG00000029186"
6460.2791756252,0.188210429677752,0.063207046967989,0.00281826197668021,0.00559459371419518,"ENSMUSG00000014195"
4147.80175543986,-0.242084626524991,0.081552576483323,0.00282038167426518,0.00559811887497726,"ENSMUSG00000026374"
2390.0296945394,0.492341560585268,0.169263015485002,0.00283814745497924,0.0056326949856318,"ENSMUSG00000040940"
1855.059638336,-0.30138440298761,0.101964024559553,0.00284477553264792,0.00564516105332718,"ENSMUSG00000017929"
317.535209690356,-0.431045048240925,0.147522518350451,0.00284844898469258,0.00565176164953996,"ENSMUSG00000030446"
7298.92091175255,0.24156126326826,0.0813748821977732,0.00285003041117049,0.00565421024168595,"ENSMUSG00000032412"
19.4686470492617,1.33364958326748,0.557900310431954,0.00286486354011408,0.00568294524810834,"ENSMUSG00000047534"
561.778403094695,-0.306138187749337,0.103685826822659,0.0028665124749452,0.0056855233419225,"ENSMUSG00000039763"
1345.8763311036,-0.298728535039712,0.101153452859242,0.00287060118500804,0.00569293933839679,"ENSMUSG00000046873"
44.1167402527722,-1.13620895246168,0.441601216095732,0.00287903102114215,0.005708961744689,"ENSMUSG00000038560"
3409.92763624467,0.339654104849477,0.115283420522156,0.00288198425076474,0.00571412175809359,"ENSMUSG00000021066"
629.326581964874,-0.318989146433633,0.108268249610595,0.00288371817018019,0.0057168632778216,"ENSMUSG00000028292"
910.054368246813,-0.304678334126589,0.103251155720227,0.00288462166086954,0.00571795803648739,"ENSMUSG00000040820"
43.9660561655497,0.936202542809204,0.348271100818651,0.00288559652609275,0.005719193991445,"ENSMUSG00000030708"
60.3627799573986,-0.689330429075854,0.244458653272068,0.00289178506197372,0.00573076177730803,"ENSMUSG00000051669"
2532.79095095632,-0.332161282599778,0.112649756850918,0.00289642809970732,0.00573926434656552,"ENSMUSG00000030059"
1300.78933068668,0.255360039199308,0.0863149352479962,0.00290789978218939,0.00576082582430466,"ENSMUSG00000018425"
50.3189742787816,1.2216270405842,0.484921640076807,0.00290801731160532,0.00576082582430466,"ENSMUSG00000031212"
22464.2300855037,-0.245668314561519,0.0830401236304011,0.00291068441991328,0.0057654077619066,"ENSMUSG00000032216"
389.051611126338,-0.565001102682587,0.196935754607641,0.00292098427394917,0.00578510548866585,"ENSMUSG00000062960"
789.873328987124,-0.309602773558195,0.105135822820036,0.0029230196472587,0.00578843233796558,"ENSMUSG00000070002"
1194.65455655395,-0.288165187212966,0.0977472796559181,0.00294187570186005,0.00582506418621554,"ENSMUSG00000069814"
4312.24458011275,-0.17679987388514,0.0597504944171803,0.00294693497780841,0.00583437211977198,"ENSMUSG00000032458"
3984.03557053456,0.214313940093175,0.0724146848439067,0.00295660329494742,0.00585280170681675,"ENSMUSG00000028936"
577.921031408026,-0.245864028733355,0.0832448959394912,0.0029578072691767,0.00585447309431643,"ENSMUSG00000025200"
11.8333176807133,1.41393719209379,0.585923252645058,0.00297080525871577,0.00587948547129183,"ENSMUSG00000056880"
547.643861830513,-0.279244291989172,0.0947952102852405,0.00297528623622531,0.00588763789852608,"ENSMUSG00000045996"
2704.17301075065,-0.364504707499252,0.122787397384799,0.00298451137765226,0.00590507093938033,"ENSMUSG00000027708"
21.7676709784919,1.19294267961776,0.469959466889057,0.00298482145774797,0.00590507093938033,"ENSMUSG00000037411"
441.448506702684,0.366060926491114,0.125038489315657,0.00298669279542867,0.00590805508858766,"ENSMUSG00000030560"
1434.85318146368,-0.336531577144656,0.114846102582829,0.00299538362648528,0.00592452669160722,"ENSMUSG00000069171"
1311.92202351216,-0.239214015811211,0.0810844304467007,0.002999354040801,0.00593165898143102,"ENSMUSG00000020464"
679.189642808057,-0.282079322892552,0.0958600661984217,0.00300333809683422,0.00593881651363793,"ENSMUSG00000015942"
1763.0490907013,-0.29446596043199,0.100036551109048,0.00300716563984682,0.00594566285502569,"ENSMUSG00000020163"
702.750195040624,-0.277865429713366,0.0944465970462046,0.00300950563288918,0.0059495667588256,"ENSMUSG00000048039"
36.9169631226671,-0.856432876322767,0.314744842159686,0.0030113665625044,0.00595252275706699,"ENSMUSG00000070458"
939.42367286905,-0.292987397304387,0.0996754390022629,0.00301508059034083,0.00595914058396893,"ENSMUSG00000025898"
248.226137834483,0.456173857664815,0.157368493348524,0.0030174382866112,0.00596307641489098,"ENSMUSG00000045257"
3018.03898480286,0.392317127303476,0.134404863300923,0.00302223738130871,0.00597183540822325,"ENSMUSG00000032625"
1736.03620721812,-0.241202793795885,0.081860192555959,0.00302394370938626,0.00597448181835047,"ENSMUSG00000026455"
3000.28045665305,0.305290646048421,0.104893992679442,0.00303008797136919,0.0059858946599451,"ENSMUSG00000031538"
8415.08368711067,0.32457194033373,0.106287558020543,0.0030471504474864,0.00601833120915066,"ENSMUSG00000009894"
1062.1458379324,0.254359536446096,0.0863757560468423,0.00304724694838553,0.00601833120915066,"ENSMUSG00000025505"
463.988672132801,0.542436354736698,0.189021038279457,0.00305003349812468,0.00602310387995554,"ENSMUSG00000052395"
520.332116145309,0.310813253510211,0.105982453056452,0.00305401546576431,0.00603023577774278,"ENSMUSG00000024369"
3616.85900149902,-0.285080553713306,0.0971861811542951,0.0030584444797477,0.0060382485435213,"ENSMUSG00000031835"
1074.05779832073,-0.324953428806679,0.110997731708913,0.00306453346253727,0.00604953622400943,"ENSMUSG00000058979"
24.8790011637686,1.5576447382887,0.678970426666381,0.00306939136732155,0.00605839125466961,"ENSMUSG00000000983"
3559.18049391225,-0.184064389380606,0.0623495480157299,0.00307686292294252,0.00607240235931842,"ENSMUSG00000031858"
21.4486061161762,1.30682184473991,0.536502430184594,0.00307774393774749,0.00607340475435248,"ENSMUSG00000042641"
3062.40986521541,-0.198091086855595,0.0672857949042105,0.00308632688720923,0.00608960352363538,"ENSMUSG00000025364"
5191.1554964765,0.146404394967352,0.0495631718582305,0.00308824446362243,0.00609264857336638,"ENSMUSG00000028657"
561.079606628065,-0.303539535961719,0.103610928919108,0.00309003485891477,0.00609544200598821,"ENSMUSG00000095258"
1143.27632722833,-0.226679507132401,0.0770473907294815,0.00309302338176355,0.00610059791692075,"ENSMUSG00000032078"
13.7722193233938,-1.30447747828547,0.532878159231909,0.00309426782929457,0.00610231302704834,"ENSMUSG00000056162"
1066.05382752787,0.307263632538911,0.104822537784034,0.00309482404984996,0.00610267060974653,"ENSMUSG00000002346"
5944.31725924646,-0.340197247453684,0.116414957154252,0.0030984817201347,0.00610914310081791,"ENSMUSG00000038437"
537.435833876986,0.357373843694351,0.122507357431115,0.00310728599366326,0.00612576013138556,"ENSMUSG00000041734"
432.626745159436,-0.327386652943876,0.112063840212846,0.0031186909124191,0.00614749947594552,"ENSMUSG00000030826"
1185.89756496925,0.58662854367332,0.206383620521608,0.00311947825496845,0.00614830694204823,"ENSMUSG00000040860"
3232.67965735241,0.251328403749654,0.0855945602163334,0.00312125175750149,0.00615105764026747,"ENSMUSG00000031068"
865.03060616119,0.277726058078022,0.0946802173128964,0.00312652152554956,0.0061606969365568,"ENSMUSG00000025068"
79.3677748997604,0.803991469831141,0.29429582196735,0.0031316400992159,0.00617003601247112,"ENSMUSG00000021363"
12755.0579541606,-0.25219982528141,0.0859980518704747,0.00314270636939777,0.00619034054707852,"ENSMUSG00000024576"
129.820100532268,0.753076573226878,0.272930108771989,0.0031423720203227,0.00619034054707852,"ENSMUSG00000032514"
46.655813851904,0.88027880805703,0.326987195166161,0.00315351812146482,0.00621088541817355,"ENSMUSG00000050558"
702.135234784429,0.302221692946849,0.103296079104255,0.00315541935523318,0.00621387808667864,"ENSMUSG00000037820"
854.191574348229,0.278893827743354,0.0952201221669597,0.00316049853064983,0.0062231275047681,"ENSMUSG00000044496"
68987.9423942009,0.468507423417527,0.16252048712025,0.00316670815454769,0.00623460030717552,"ENSMUSG00000026473"
989.05038023528,0.307148668206461,0.105084192350482,0.00316722540523988,0.00623486457207579,"ENSMUSG00000011257"
3701.94461025368,0.331703761189392,0.111963565239615,0.00317159225967486,0.00624270602212664,"ENSMUSG00000035325"
4163.19753142268,-0.264196162603383,0.0902348108669906,0.00317753096912935,0.00625363911443448,"ENSMUSG00000054611"
1700.80529146586,-0.327896298916985,0.112482282341676,0.00317851921341579,0.0062546194062741,"ENSMUSG00000018476"
414.799025628518,0.460330234033497,0.159659397635332,0.00317879753950765,0.0062546194062741,"ENSMUSG00000035948"
9.84230882199052,1.38677053977307,0.574764409048568,0.00318303749863453,0.00626220502813305,"ENSMUSG00000072723"
2383.8736708491,-0.369092141837241,0.124786641048613,0.00318369433158719,0.00626274034194276,"ENSMUSG00000079056"
739.341167500261,-0.246869897734989,0.0843147601810673,0.00318639976979435,0.00626730491212089,"ENSMUSG00000027498"
2757.9321220203,0.335769083145754,0.115158807952785,0.00319053214192859,0.00627467466549638,"ENSMUSG00000028445"
580.24313867902,0.339283561447661,0.116464724291755,0.00319473840063227,0.00628218793011502,"ENSMUSG00000040043"
28.7365510513185,1.00784239025008,0.385445817262913,0.00320112777591957,0.00629399177876781,"ENSMUSG00000041301"
3855.83287982382,-0.262171274606918,0.0896193759159475,0.00320218444753472,0.00629530898997224,"ENSMUSG00000034560"
176.01210165595,0.541830305795395,0.190036880262878,0.00320446299068492,0.00629902772157579,"ENSMUSG00000079260"
612.605452663793,-0.328817647617093,0.112873231163581,0.00320741494988621,0.0063040691323651,"ENSMUSG00000038697"
2645.9516406849,0.203932796986012,0.0695147035059249,0.00322381561976639,0.00633553913540473,"ENSMUSG00000040945"
92.8610220662507,0.663627827079403,0.237873206509467,0.00323086861306495,0.00634863342388596,"ENSMUSG00000043541"
692.011860092501,-0.380897892470807,0.131496663676506,0.00323992173576473,0.00636565431681089,"ENSMUSG00000028393"
4633.32193258044,0.26906408773823,0.092003496487937,0.00324128997419237,0.00636757400433303,"ENSMUSG00000018567"
115.955939149976,-0.729085980388939,0.264361007448082,0.00324646058980706,0.00637696216735601,"ENSMUSG00000117333"
89.1231933361887,0.696202011055309,0.251765183304516,0.00325281334101205,0.00638866983168365,"ENSMUSG00000026546"
67.130711755839,-0.634299199998475,0.226479802251848,0.00325522444068118,0.00639263402646982,"ENSMUSG00000032355"
2621.94495767949,-0.29771934585582,0.102180048053659,0.00326282023067103,0.00640677777018853,"ENSMUSG00000075478"
68.6988725042469,-0.921980081685579,0.34747150273651,0.00326525910683289,0.00641079335918777,"ENSMUSG00000008845"
1533.73043662575,-0.35915738703833,0.124314717668633,0.00327015077314689,0.0064196230445351,"ENSMUSG00000078894"
2113.51648128978,-0.304877573499772,0.10475339092752,0.00327539469992203,0.00642914203850606,"ENSMUSG00000028291"
1069.63054233902,-0.383230770429055,0.132460987034864,0.00328928016311054,0.00645561882024515,"ENSMUSG00000028337"
17.6900508509089,-1.21199160744223,0.486637874294302,0.00329361442842526,0.00646334607183923,"ENSMUSG00000044006"
131.484589369976,-0.549611727455014,0.193802292411991,0.00329886334512725,0.00647286614416363,"ENSMUSG00000018752"
8198.05677623604,-0.393136791103055,0.136190584261356,0.0033075983191969,0.0064892232662272,"ENSMUSG00000020598"
404.852143926822,0.550205948801203,0.194007276661453,0.00330986160052512,0.00649288107174596,"ENSMUSG00000035126"
290.562177621288,0.372511783062965,0.128776203976344,0.00332188930663708,0.00651569034021429,"ENSMUSG00000039693"
97.1487305965849,-0.641103929866046,0.229374915780124,0.00332661610003468,0.00652417552727282,"ENSMUSG00000079737"
34.1112897095017,-1.02975825377133,0.400050048336223,0.0033352322656661,0.00654028560661521,"ENSMUSG00000010136"
488.414825541598,-0.285870161738871,0.0982922167403437,0.00333991864994256,0.0065478978421974,"ENSMUSG00000024878"
45.4086147569516,-0.757904323826328,0.276807130250066,0.0033395704397329,0.0065478978421974,"ENSMUSG00000039238"
144.336331886166,0.629565042907058,0.224905731178785,0.00334052473372054,0.00654829740071086,"ENSMUSG00000030225"
4642.70724757398,0.203422616535312,0.069551928816858,0.00334480993314859,0.00655590801827726,"ENSMUSG00000024350"
40.1199413436764,1.04817689439769,0.411187156214486,0.00336321773174802,0.00659119410515221,"ENSMUSG00000038793"
205.697336824286,0.381761931136003,0.132269965671106,0.00336363442243711,0.00659121718170594,"ENSMUSG00000025525"
1545.43033821285,0.215991059881923,0.0739817624849556,0.003364572587989,0.00659226198691442,"ENSMUSG00000049553"
32.7780358699016,0.858762326444966,0.320145433049161,0.00336724703266227,0.00659670805123076,"ENSMUSG00000069910"
7946.9313305494,-0.84410500937054,0.314866417523958,0.00336854731617044,0.00659846127709055,"ENSMUSG00000031167"
27.6205301265181,0.950403287012526,0.362310260265395,0.00337203059834072,0.00660443962876757,"ENSMUSG00000037337"
113.978804908338,0.621389403274244,0.222041929541698,0.00337241075035729,0.00660443962876757,"ENSMUSG00000064080"
12.865148423418,1.52362181418074,0.696744483826371,0.003374968018639,0.00660865264133354,"ENSMUSG00000064147"
2432.78567953501,0.353560949318379,0.122208227980643,0.00338013706162841,0.00661797824021978,"ENSMUSG00000020733"
3399.20844965541,-0.421492315354543,0.143570471401548,0.00338729135484901,0.00663118805462804,"ENSMUSG00000040761"
2295.87748627445,0.331579128328639,0.114450593615636,0.00338775688003806,0.00663130188711636,"ENSMUSG00000035078"
762.450584528791,0.390995711501038,0.135599349383927,0.00338945107619861,0.00663382044227017,"ENSMUSG00000027163"
243.101388310568,-0.45353651279747,0.158698193772246,0.00339288523982106,0.00663974343998645,"ENSMUSG00000070972"
139.109755153609,-0.608722498868894,0.217435878759083,0.00340303359958732,0.00665880285299704,"ENSMUSG00000110218"
395.394662090406,0.460142238120474,0.160751943653916,0.00340761603650038,0.00666696800987418,"ENSMUSG00000050666"
8311.37983082707,-0.263022406580829,0.0905155547184657,0.00340817516228729,0.00666726058066488,"ENSMUSG00000062604"
3461.49152936031,0.26643963822913,0.091691639160528,0.00341446206370453,0.00667795428006516,"ENSMUSG00000023883"
2573.99703360861,-0.286250490722013,0.0986615819718449,0.00341445179069777,0.00667795428006516,"ENSMUSG00000032599"
43.6532242782294,0.974769245712858,0.375232449774093,0.00341625001091912,0.00668064844759027,"ENSMUSG00000012123"
4687.63430372813,-0.222702940757482,0.0764888976245527,0.00342241433377185,0.00669189916217876,"ENSMUSG00000038462"
1884.92726468597,-0.445633217866092,0.152913097013554,0.0034229300413407,0.00669210367678885,"ENSMUSG00000030235"
4152.15413829651,-0.281529865371544,0.0970362114261701,0.00342337390715922,0.00669216770274261,"ENSMUSG00000028194"
796.474781234781,0.300561511792491,0.103631720800563,0.00343023592843195,0.0067047767102564,"ENSMUSG00000023015"
2122.73263411945,0.232923195519468,0.0800509809540623,0.00344121777668361,0.00672543438214142,"ENSMUSG00000018677"
777.878468736682,-0.297857777588461,0.102882656729983,0.00344419068884302,0.00673043649855783,"ENSMUSG00000031906"
165.376922154324,0.690560253392373,0.249812338397374,0.00344490683059542,0.00673095385236788,"ENSMUSG00000005958"
64.5771910390253,0.699110253587952,0.253393864438935,0.00344528243629003,0.00673095385236788,"ENSMUSG00000025934"
688.070075815211,-0.36056195867516,0.125172789052326,0.00345908481220978,0.00675710819310582,"ENSMUSG00000040822"
2364.70703270227,0.292965308637085,0.101096728038726,0.0034753480840055,0.00678806288834191,"ENSMUSG00000068290"
1714.8443140462,-0.338577635536614,0.117530075805674,0.00347636937565181,0.00678924303501622,"ENSMUSG00000084957"
2821.20814143833,-0.51158525602032,0.180629467649154,0.00348100974994979,0.00679749000835925,"ENSMUSG00000027582"
45.0403049059277,0.894563865711303,0.33687752745249,0.00348463204398762,0.00680374720067535,"ENSMUSG00000046961"
267.896762211193,0.464584640284036,0.162938416547615,0.00348509455194926,0.00680383414687336,"ENSMUSG00000056069"
16.4285132090389,1.34727099264686,0.567924161355288,0.00348889898816678,0.00681044462518034,"ENSMUSG00000092048"
12419.4029856592,-0.202707731355189,0.0697829531654498,0.00349741378091602,0.00682624718534184,"ENSMUSG00000020886"
7201.91714743534,-0.2343115730626,0.0807135133997567,0.00349824881975603,0.0068270584208115,"ENSMUSG00000090841"
503.568797650386,0.290526488975051,0.100340188852967,0.00350109766633325,0.00683179906647958,"ENSMUSG00000079677"
6756.99057160649,-0.481158055526987,0.16971254625988,0.00351195019581144,0.00685215453522937,"ENSMUSG00000087141"
778.509693276038,-0.286409526676074,0.0990371718347642,0.00351821872880555,0.00686356237625801,"ENSMUSG00000061374"
1679.75903859603,0.31250821439659,0.108196382184893,0.00351991436035899,0.0068660474485229,"ENSMUSG00000053898"
11600.1113958761,-0.33227681974204,0.115303163807872,0.00352081961240114,0.00686699037271338,"ENSMUSG00000027184"
12.7457425768183,-1.31197417756745,0.547965068338444,0.00352906474200222,0.00688224701932577,"ENSMUSG00000074210"
411.415681764026,-0.601148991829673,0.215405092079498,0.00353016565548417,0.00688356930282359,"ENSMUSG00000031200"
98.6670914720048,-0.603160204146277,0.215864537870863,0.00353410073923687,0.00689041703596811,"ENSMUSG00000090264"
639.589656818252,0.288845279479214,0.0999133411635143,0.003545601119935,0.00691201138087448,"ENSMUSG00000037060"
2745.12061486136,-0.315136552540827,0.109401336290602,0.00354808839825103,0.00691520389687863,"ENSMUSG00000002006"
1641.09394872342,-0.255232435055241,0.0882836060737698,0.00354795728502752,0.00691520389687863,"ENSMUSG00000041355"
6091.0969850472,-0.180138470574582,0.0620665071531242,0.00355952444773796,0.00693500167088911,"ENSMUSG00000025544"
564.487175752897,0.326009395730911,0.113109282886055,0.00355893008381936,0.00693500167088911,"ENSMUSG00000028420"
483.012167974875,-0.296592419251828,0.102749750767717,0.00355944577139741,0.00693500167088911,"ENSMUSG00000029594"
6708.19098266617,-0.463636943240597,0.163403455263567,0.00356335106346925,0.00694162621004698,"ENSMUSG00000041879"
15.5229796495604,1.31356763255028,0.548624360700907,0.00357538561903896,0.00696423682023646,"ENSMUSG00000006538"
18.6322382834599,1.22527483891976,0.502101644575757,0.00357666572690754,0.00696589671005037,"ENSMUSG00000048065"
2955.26608505816,-0.204348245635103,0.0704923539860156,0.00358552601872198,0.00698231756582801,"ENSMUSG00000018377"
153.80925492935,0.759366493547948,0.279906054660011,0.0035905635881648,0.00699129115886921,"ENSMUSG00000035403"
3262.14787313636,0.271912007095868,0.0938449602409591,0.00359728859396848,0.00700354786898923,"ENSMUSG00000015961"
42.6220135548782,-1.05283847727711,0.418894941355167,0.00360533251407806,0.00701836912989269,"ENSMUSG00000020782"
44682.6570390689,0.440391272509616,0.154539894056686,0.00360855702718995,0.00702380620454358,"ENSMUSG00000002985"
605.476269786475,-0.482601925567974,0.170471697900718,0.0036106595840952,0.0070270584301652,"ENSMUSG00000118504"
8463.49675159555,0.360515775176264,0.125601925509064,0.00361849518306048,0.00704146617930168,"ENSMUSG00000061603"
864.838738530286,0.321595743888975,0.111681064470256,0.00362210271726231,0.00704764380009514,"ENSMUSG00000042380"
103.287606222815,0.687037319090772,0.250572303435722,0.00362434410122104,0.00705116209868245,"ENSMUSG00000022773"
179.850178341473,0.508018591242799,0.179977621626164,0.00362668396001131,0.00705487111628396,"ENSMUSG00000021090"
4753.78302750107,0.227741592084387,0.0787178404116618,0.00363770436150243,0.00707546320904966,"ENSMUSG00000036112"
905.915172080871,-0.328710235657482,0.114418231944,0.00364539988775932,0.00708958415447386,"ENSMUSG00000020546"
1568.8255777574,-0.339364550055738,0.118291979379185,0.00365804078625933,0.00711331835129966,"ENSMUSG00000044030"
247.252854220434,0.591779766759736,0.212137169329414,0.00365905823762933,0.0071144469651374,"ENSMUSG00000062309"
11.1657161566025,1.42733082227888,0.613177269622986,0.00366935920250152,0.00713362344420396,"ENSMUSG00000075296"
17.579823254415,-1.41293859164909,0.617594755420818,0.00367390852333003,0.00714161487255389,"ENSMUSG00000036687"
434.06208107988,-0.315946061577783,0.109988563544333,0.00368455152427563,0.00716144832383985,"ENSMUSG00000029179"
2375.31854795381,-0.298063544622568,0.104034100089132,0.00368581022443002,0.00716303949776408,"ENSMUSG00000027575"
25.8787604045342,1.02834977614363,0.404329628473329,0.00369114496493756,0.00717255076271381,"ENSMUSG00000019942"
3119.42533032279,-0.32826569352285,0.11448188808529,0.00370032537198369,0.0071895316788196,"ENSMUSG00000031333"
819.978935628488,-0.239489056368384,0.0830872265830743,0.00371496083792206,0.00721710616060332,"ENSMUSG00000041438"
6734.97975321103,0.194146882832393,0.067093491815906,0.003715663314495,0.00721760947891999,"ENSMUSG00000017831"
2910.28699760608,0.237962620579359,0.0825057342514542,0.00373169691281125,0.00724788955336375,"ENSMUSG00000021486"
1674.56570502881,0.30087945369786,0.104752168328724,0.00374269383992971,0.0072683810935786,"ENSMUSG00000033475"
3930.16759584238,-0.406272814526206,0.142933756247413,0.00375151722345355,0.00728464718637443,"ENSMUSG00000061755"
3352.36383134845,-0.404839511923732,0.143885891344521,0.00375823538775613,0.00729682199927173,"ENSMUSG00000000600"
2853.85751559176,-0.277912079380571,0.0967605509638483,0.00375968002115313,0.00729875627720103,"ENSMUSG00000024826"
766.426830356627,-0.319839384998608,0.111718443769247,0.00376377274813158,0.00730583028787095,"ENSMUSG00000000142"
3149.00165498061,0.282128909694914,0.0982024264781705,0.00377525001380219,0.00732723497372983,"ENSMUSG00000007656"
1002.78269333482,0.336743612744976,0.117621183573973,0.00377622867027376,0.00732826064553126,"ENSMUSG00000040472"
1057.78285401797,-0.342003413925756,0.119695642826221,0.00377716625013037,0.00732920636781764,"ENSMUSG00000029676"
608.816782891327,0.360831292044326,0.126331904904238,0.00378339546822129,0.0073404185258291,"ENSMUSG00000021115"
3022.64073386049,-0.337581706633894,0.118163659036364,0.003797745944504,0.00736738272966703,"ENSMUSG00000024498"
2049.33479743725,-0.223378543294122,0.0776291069089241,0.00380621927969156,0.00738294059042174,"ENSMUSG00000010054"
658.100328458097,0.271861282813038,0.0946756859013219,0.00381548156622826,0.00740002489396684,"ENSMUSG00000021240"
159.770060944783,0.88925567580799,0.340419819034072,0.00382270890172106,0.00741315886373784,"ENSMUSG00000048126"
877.297162530232,0.408471432004459,0.143882527574111,0.00382380654216077,0.00741440415643753,"ENSMUSG00000047786"
53.7354404701082,-0.771018123805496,0.287054740102649,0.00382694400552506,0.00741960392114542,"ENSMUSG00000026380"
2190.05306767703,-0.239523140529402,0.0833327216961232,0.0038280977277453,0.00742095686700465,"ENSMUSG00000062421"
28.7140710538389,0.879400582767187,0.334528409133375,0.00383403632566319,0.00743158410444694,"ENSMUSG00000067297"
229.65307816528,-0.407771909795015,0.14384963872566,0.00384109893182035,0.00744438723802497,"ENSMUSG00000072762"
49.2378799232543,-1.07803022689566,0.430892168688801,0.00384213299081965,0.00744550486006694,"ENSMUSG00000078920"
256.072166542831,0.483019115966762,0.171579425569746,0.00384641676428148,0.00745291894881252,"ENSMUSG00000022146"
1373.7236436341,-0.23656621236271,0.0823737508724512,0.00385195163199487,0.00746275513754017,"ENSMUSG00000022195"
7073.29508746827,0.191164647112045,0.0664114953760401,0.00386792374336445,0.00749280765137291,"ENSMUSG00000038965"
34.1617258051329,1.01675380957708,0.401393354016673,0.00387779297564728,0.00751103213441057,"ENSMUSG00000111409"
790.44160461863,-0.247354745962104,0.0862371976478126,0.00387949695300156,0.00751343859618791,"ENSMUSG00000074829"
626.016952945241,0.614155950505127,0.222659936100782,0.00388334639081125,0.00751999911368374,"ENSMUSG00000092083"
406.235022486817,-0.449952995127871,0.159643574438765,0.00388471509661494,0.00752147816143993,"ENSMUSG00000031216"
93.214314973032,0.744551762928588,0.27620428918519,0.0038850343028251,0.00752147816143993,"ENSMUSG00000090363"
10441.6945374428,0.274112078049934,0.0976553415616735,0.0038876775043989,0.00752570037062734,"ENSMUSG00000042182"
1120.65551032222,-0.197610033787246,0.0687427483674276,0.00388841939873038,0.00752624149495042,"ENSMUSG00000043998"
447.931089365006,-0.338864758082975,0.119017289265589,0.00389352499882296,0.00753522766981811,"ENSMUSG00000024824"
284.567100867369,-0.417697420397365,0.147701822368892,0.00389502017871359,0.00753722521030669,"ENSMUSG00000078747"
32.0468032479479,0.845735433764821,0.320013163499198,0.00390221196399941,0.0075502444252921,"ENSMUSG00000110266"
1073.21227063947,-0.276480302811579,0.0966374865757533,0.00390361398604831,0.00755205948002073,"ENSMUSG00000021392"
1425.98938734801,-0.248740753839531,0.0868011441815576,0.00390432472750608,0.00755253688821674,"ENSMUSG00000039756"
443.22460670486,0.524859116632417,0.187739896805018,0.0039059766883576,0.0075548346641023,"ENSMUSG00000059173"
411.534925401473,0.309104989813897,0.108291021255424,0.00392059052983844,0.00758219943503744,"ENSMUSG00000036368"
1322.11962880038,0.310768036586886,0.108854047717868,0.00393160553681023,0.00760259858971216,"ENSMUSG00000061455"
1315.61507871645,-0.353379817534033,0.125329367595761,0.00394226647317788,0.00762152492700958,"ENSMUSG00000021974"
3004.88396847434,-0.203561513592872,0.0709399363968043,0.0039423295174727,0.00762152492700958,"ENSMUSG00000030127"
1073.92747593152,0.310096405907696,0.108485823674475,0.00394884164900951,0.00763320797560585,"ENSMUSG00000031755"
43.5338385296746,0.742398340976361,0.276078442395511,0.00394943329171809,0.0076334451582269,"ENSMUSG00000073924"
359.021056456883,-0.326495231768505,0.114695682766512,0.0039505294571188,0.00763414977578516,"ENSMUSG00000028540"
14.8759399519513,-1.50654206129252,0.689923816512597,0.00395073582204289,0.00763414977578516,"ENSMUSG00000072571"
588.472550519181,-0.591829894437726,0.214572611081495,0.00395667614481768,0.00764472098342341,"ENSMUSG00000050954"
20.0529624992732,1.2599467383632,0.530393713268698,0.00398294684671406,0.00769456548431183,"ENSMUSG00000003341"
144.638252634389,-0.523033426347645,0.187865903382117,0.00398753786039932,0.00770252062318502,"ENSMUSG00000039480"
2813.5924727281,-0.280865914291459,0.0984443976789788,0.00398886777062775,0.00770417531683419,"ENSMUSG00000064127"
6554.92112669914,-0.280544618499827,0.0983083124726509,0.00399786203954085,0.00772063095024867,"ENSMUSG00000029775"
11.51524641905,-1.60743334820805,0.797106284115621,0.00400741137074805,0.00773815448315975,"ENSMUSG00000020867"
389.504369437443,-0.291594598888618,0.10235361550393,0.00401222473025878,0.00774652996787481,"ENSMUSG00000042660"
4719.56880309568,0.293233428466997,0.102873677670176,0.00402340531660496,0.00776719541552366,"ENSMUSG00000020220"
614.247294405979,-0.361457253345422,0.12762552227494,0.00402730995482957,0.00777381138915164,"ENSMUSG00000024959"
723.967002950693,0.271049119640255,0.0949710311908065,0.00402871818349594,0.00777560761097307,"ENSMUSG00000016477"
296.307408601822,-0.587401589359799,0.213395946435709,0.00403423124103922,0.0077853249723339,"ENSMUSG00000031297"
105.918435262455,0.83559806915508,0.318298557674337,0.00404087744935093,0.00779722654344884,"ENSMUSG00000057836"
3580.93645167939,-0.332699248596414,0.11724088531012,0.00404827477366491,0.00781057446553483,"ENSMUSG00000020265"
3392.09978071678,-0.246115767949335,0.0862036148599426,0.00405560325982395,0.00782378642609793,"ENSMUSG00000031545"
512.049629144514,-0.46879432373833,0.167509891014809,0.00405969917074292,0.00782987507334135,"ENSMUSG00000031486"
320.437655406779,-0.372578600585746,0.131784769711547,0.00405972144114762,0.00782987507334135,"ENSMUSG00000069678"
199.355536927083,0.720255068557641,0.267383084653283,0.00406991232936952,0.00784860003524191,"ENSMUSG00000032041"
3505.40455439299,-0.297141411350793,0.104535562128933,0.00408059259330946,0.00786826418311909,"ENSMUSG00000029505"
135.662344829779,-0.645104850310224,0.236813286622101,0.00409065476825125,0.00788673200492642,"ENSMUSG00000024871"
21.2662971920127,1.25427913385141,0.52672426374736,0.00410287955109144,0.00790936444015472,"ENSMUSG00000040680"
71.8206019307806,-0.565090810392743,0.204858690849608,0.00411244903176122,0.00792687333795253,"ENSMUSG00000101860"
5461.99626655361,0.166311640534684,0.0580889725713639,0.00412295079021183,0.00794617487130809,"ENSMUSG00000034958"
1285.13768751874,0.262338574416042,0.0921184235347852,0.00412776448617638,0.00795342783936479,"ENSMUSG00000029175"
3961.78274395086,-0.186558147478794,0.0655150751000474,0.00412805753829945,0.00795342783936479,"ENSMUSG00000032307"
232.685310523662,0.469618454844877,0.168120986990976,0.00412817986329974,0.00795342783936479,"ENSMUSG00000032508"
1265.55692278257,-0.450215072906539,0.160874993075567,0.00413097969117691,0.00795788016721631,"ENSMUSG00000020844"
413.250556262786,-0.378524429730334,0.134312848309098,0.00413710195729766,0.00796873099762055,"ENSMUSG00000062012"
32.8570434463214,1.19227107960573,0.498701133318739,0.0041412406970715,0.00797575911818858,"ENSMUSG00000070336"
28.5487875349195,0.89221702250951,0.343949829301819,0.00414236213789711,0.00797697514263448,"ENSMUSG00000018595"
828.755553340865,0.257994967984736,0.0905763418415766,0.00414434116963101,0.00797984215273878,"ENSMUSG00000041632"
18.7929040741533,1.33804513972861,0.579278390835307,0.00415232273713502,0.00799426487464031,"ENSMUSG00000100515"
212.2326225167,0.388202503600072,0.137761831010563,0.00416057380201619,0.00800825592399427,"ENSMUSG00000027487"
2719.70020936233,-0.418945127294946,0.149279284763456,0.00416012671207588,0.00800825592399427,"ENSMUSG00000071793"
6286.79746298536,-0.342476787426957,0.121361413959947,0.0041670611570339,0.00801979445663251,"ENSMUSG00000030846"
9930.89731865493,0.145757319319128,0.0509891737541311,0.00418370012235324,0.0080508654204594,"ENSMUSG00000029076"
10.4611331362404,1.42024971801109,0.62734195436966,0.00418687376701729,0.00805602023398434,"ENSMUSG00000037106"
3669.11583670099,0.280662585910423,0.0995735683661294,0.00420497967462823,0.00808894577447392,"ENSMUSG00000040389"
1259.10018012156,-0.291016942149625,0.102658238225952,0.00420462409439654,0.00808894577447392,"ENSMUSG00000041375"
22.4071906733233,0.948561963406381,0.370992070961321,0.00420709757558622,0.00809206361046821,"ENSMUSG00000051984"
1285.19469625879,-0.3043045592496,0.10766487919558,0.00421023473221265,0.00809714094647419,"ENSMUSG00000029036"
106.576470528274,-0.682128445471421,0.253410340222647,0.004218628651159,0.00811232571571957,"ENSMUSG00000037169"
3465.39018699231,0.294087552821152,0.104617774074596,0.00422364898358321,0.00812102033484143,"ENSMUSG00000026640"
763.441235690907,0.259911637305421,0.0914887298362339,0.00423538152914732,0.00814261728256291,"ENSMUSG00000070520"
5597.32606292301,0.25768404968799,0.0904856846374415,0.0042374464925975,0.00814562517790531,"ENSMUSG00000020716"
481.674593483723,0.575230153888151,0.209637839138606,0.00423965722615463,0.00814891254308007,"ENSMUSG00000031684"
28935.538501302,1.16949729609984,0.481012914226676,0.004241135505609,0.00815079147111019,"ENSMUSG00000022548"
136.412727319006,0.542730039745452,0.196639378226468,0.00425254592695373,0.00817175570758503,"ENSMUSG00000059213"
11.577154924984,1.49007929411409,0.676396549695478,0.00425358824903717,0.00817279385243474,"ENSMUSG00000020461"
19.7788532741952,-1.21752973478205,0.520148298467295,0.00425429401768165,0.00817318517878224,"ENSMUSG00000051517"
771.896833472518,-0.356898926916489,0.126764309397883,0.0042656164008122,0.00819397023512166,"ENSMUSG00000069089"
449.998598178172,0.407388315943929,0.145201185895446,0.00426680780255225,0.00819529172978709,"ENSMUSG00000023008"
32.7025157240048,0.863760704954935,0.332692747257269,0.00426768973229374,0.00819601857742774,"ENSMUSG00000025963"
436.529119355213,0.323178744617018,0.114397322575685,0.00427026744658037,0.00820000159200605,"ENSMUSG00000026035"
742.401215313169,-0.226087862524351,0.0795438617818122,0.00427630017834572,0.00821061739833825,"ENSMUSG00000029486"
294.751382561581,-0.42932601915481,0.153727627677181,0.00428483075154331,0.0082260260612834,"ENSMUSG00000072774"
898.276411527015,0.433570463605344,0.155107252178027,0.00428896162946188,0.00823298554296939,"ENSMUSG00000031610"
2090.20735866967,-0.250554985490133,0.0883764077940667,0.00429512094956762,0.00824383667221575,"ENSMUSG00000025413"
2284.7480896492,-0.291692779992699,0.103168087295857,0.00429596544068862,0.00824448543309707,"ENSMUSG00000035666"
778.754544282543,0.348069471772464,0.12353350155721,0.004300061385878,0.00825137324523425,"ENSMUSG00000032519"
757.285520258452,0.286941103070454,0.10141910535539,0.00431114298612109,0.00827166260349823,"ENSMUSG00000023022"
236.620320665636,-0.422136753356797,0.151001099914542,0.00431200191936524,0.00827233556198319,"ENSMUSG00000060591"
18.2182281294867,1.50333733678983,0.670208340478878,0.00431543354275501,0.0082772692718492,"ENSMUSG00000028023"
8357.96842273099,-0.299179594316106,0.105924615994043,0.00431559063215285,0.0082772692718492,"ENSMUSG00000078899"
925.919516887034,-0.218125226564119,0.0768505008520238,0.00432584418834107,0.00829595802283411,"ENSMUSG00000021731"
37.527264559825,0.873973667097802,0.337428126572986,0.0043437815197327,0.00832937631973246,"ENSMUSG00000054385"
2749.19309222054,-0.228011629177088,0.0804794079710694,0.0043580732957149,0.00835579706803853,"ENSMUSG00000020883"
2290.97462556175,-0.355054961413731,0.125115712135728,0.00436842629690554,0.00837466061253426,"ENSMUSG00000029673"
292.659780786084,0.484117323602864,0.174610093949388,0.00437283101109592,0.00838211766352088,"ENSMUSG00000037552"
57.0994599055568,-0.797993904330138,0.3052306506636,0.00437955232564647,0.00839401304095999,"ENSMUSG00000027478"
2031.58115967678,-0.189020169413536,0.0666301826647509,0.00438646339679796,0.00840600565108322,"ENSMUSG00000038604"
310.255589585735,-0.499812301531861,0.181118787702111,0.0043868422414272,0.00840600565108322,"ENSMUSG00000061894"
705.23129451886,-0.359222413303068,0.128143968801857,0.00439628837659627,0.00842311466504639,"ENSMUSG00000025762"
3191.39047918234,-0.370509013719257,0.132258535410612,0.00440106812276411,0.00843128008736662,"ENSMUSG00000027630"
18.1925323562455,1.28069178601757,0.558212738723382,0.00440393486594916,0.00843577921251123,"ENSMUSG00000043789"
23.273383446483,0.974500226785197,0.388084954736145,0.00441607697618309,0.00845804224241773,"ENSMUSG00000068101"
388.15930337985,-0.456701648404517,0.16465556353381,0.00442125605128785,0.00846696541210159,"ENSMUSG00000022245"
527.614774285788,0.362263929371394,0.129157264190845,0.00442286886256176,0.00846905768083524,"ENSMUSG00000021884"
524.40013774991,0.421155075424719,0.150962119612455,0.00442730112405443,0.00847654760025381,"ENSMUSG00000042626"
1313.54515958275,-0.437621229220275,0.157546038248218,0.00445249320057425,0.00852377799822976,"ENSMUSG00000047804"
2459.9835147772,0.49440861476956,0.178679538795765,0.00446112869726998,0.00853930537795869,"ENSMUSG00000028785"
1755.36350174278,-0.243409127010878,0.0862129130383495,0.0044731239143563,0.00856125938599551,"ENSMUSG00000051154"
2383.02923244008,-0.304636955652204,0.108457070455008,0.00447369255247061,0.00856134109676894,"ENSMUSG00000021113"
614.228995367186,-0.344952794799823,0.123027834104606,0.00447632308144552,0.00856536818147057,"ENSMUSG00000068299"
5143.93811233383,-0.241175051744658,0.0855066630210577,0.00449309323007607,0.00859543678448446,"ENSMUSG00000030265"
2548.19107952839,-0.323278168800373,0.115178311616561,0.00449288209201711,0.00859543678448446,"ENSMUSG00000042197"
1726.9404577984,0.357805885150458,0.127719452600279,0.0044941750567415,0.00859649607210788,"ENSMUSG00000029310"
4398.26362144623,-0.201664546431276,0.0713027872777188,0.00450000060899288,0.00860662788311433,"ENSMUSG00000052738"
4346.24707510697,0.229128486661237,0.0810737451872683,0.00450094190462546,0.00860741686131264,"ENSMUSG00000026664"
677.40965526415,-0.290965040872965,0.103470569983333,0.00450437844205715,0.00861297689178976,"ENSMUSG00000021716"
452.48391211501,0.455150333777616,0.164228313626514,0.00452331240685109,0.00864816529935659,"ENSMUSG00000036854"
1827.10452814071,-0.376170247036841,0.13476311248858,0.00453405375556053,0.00866768373846321,"ENSMUSG00000035933"
1913.47366833501,-0.285962798410204,0.101713983473288,0.0045346443297827,0.00866772934588153,"ENSMUSG00000039233"
54.9929697576356,0.707481189676465,0.265648476355463,0.00453514257518571,0.00866772934588153,"ENSMUSG00000070034"
87.3112213652426,0.711105906511085,0.268907585478833,0.00453649442879832,0.00866929517633,"ENSMUSG00000029925"
102.798270842426,0.611949848240122,0.22603977751614,0.0045381940988454,0.00867152524251736,"ENSMUSG00000022468"
2310.01678836697,-0.175771432561377,0.0621591668225681,0.0045440167006389,0.0086816319076291,"ENSMUSG00000005846"
1156.5713328594,-0.229419695259297,0.0813478845249454,0.00454468083784451,0.00868188178364429,"ENSMUSG00000032615"
2022.06863723015,-0.233525913436429,0.0828671148791785,0.00455348050447608,0.0086976713977777,"ENSMUSG00000026289"
1387.26836704913,0.230886207192862,0.0818397368111562,0.00455589893647733,0.00870126984488771,"ENSMUSG00000030095"
933.840742116057,-0.391814738077438,0.140726181333637,0.00455927629790045,0.00870669868339085,"ENSMUSG00000006641"
262.723170652304,0.389829799637785,0.139756030419979,0.00456081274405978,0.00870861112584224,"ENSMUSG00000046380"
3470.67240633058,-0.166751831668938,0.0589925996533355,0.00456582679014703,0.00871716261904918,"ENSMUSG00000015120"
2424.02579416789,-0.364277903257269,0.130814601283778,0.0045681743961831,0.0087206218858999,"ENSMUSG00000035849"
1742.98833293005,0.268834510658085,0.0955144259206851,0.00457215615040598,0.00872719955632135,"ENSMUSG00000038020"
13525.9621314484,-0.27968401781723,0.0996595595570477,0.00458362530228252,0.0087480657369627,"ENSMUSG00000071796"
3266.26477498141,0.21161487584113,0.0753899245401653,0.004587538435556,0.00875450769683241,"ENSMUSG00000021054"
49.4229056199447,0.86249424518273,0.33707346721354,0.00459960224191415,0.00877650044471675,"ENSMUSG00000034906"
546.919396321482,-0.288834801178249,0.102915500688225,0.00460582586223181,0.00878734568511597,"ENSMUSG00000029524"
4570.70362585388,-0.343603085482656,0.12309426660746,0.00461911326016185,0.00881166361759224,"ENSMUSG00000047888"
2981.02372181743,-0.238191497340601,0.0846128086107826,0.00462095169350989,0.00881413776270846,"ENSMUSG00000050947"
464.251968644542,-0.285809213749912,0.101906412560635,0.00463186463047443,0.00883391827239165,"ENSMUSG00000005481"
4540.94427947549,0.193489960442139,0.0685791247397319,0.00463451117248054,0.00883689502935905,"ENSMUSG00000024304"
3700.84886905926,-0.150683878536752,0.0533588086348989,0.00463427891795444,0.00883689502935905,"ENSMUSG00000024360"
1291.36571976212,-0.297222816432917,0.106139419496415,0.0046387896931692,0.00884401717327339,"ENSMUSG00000059708"
1282.69397632349,0.200955449490705,0.0712744845289652,0.00465081960762333,0.00886591422565788,"ENSMUSG00000029234"
880.564983010889,-0.354678559363635,0.127233911760155,0.00465307412022603,0.00886917336405612,"ENSMUSG00000037243"
7331.89301911039,0.179650471140396,0.0635845852919104,0.00465366723481695,0.00886926533758932,"ENSMUSG00000058799"
2362.76760913663,-0.419699533238308,0.151605301524342,0.00466447855663992,0.00888674882314894,"ENSMUSG00000029167"
234.799899696167,0.563571002748973,0.207227172580567,0.00466443560618049,0.00888674882314894,"ENSMUSG00000050592"
34.8674314976056,-0.842136817448895,0.32688006245355,0.00466365886832056,0.00888674882314894,"ENSMUSG00000055216"
69.5937137510587,0.737569224427542,0.281469735639259,0.00466583758158675,0.00888829773587701,"ENSMUSG00000073077"
44.3997300038734,-2.30021222352614,1.44834394915214,0.0046682427419337,0.0088918389133158,"ENSMUSG00000048373"
10176.4803864535,-0.291619118346407,0.104154681852268,0.00467141080925605,0.00889683223974143,"ENSMUSG00000024654"
1199.74428011658,0.225363328762943,0.0800483484156313,0.00467197518301566,0.00889686617093226,"ENSMUSG00000026027"
183.639407277398,-0.70513487485344,0.26618721393361,0.00467476503067655,0.00890113757975821,"ENSMUSG00000032327"
41.1851610680127,0.878977068963274,0.344372979971158,0.00467761388034432,0.00890552032096431,"ENSMUSG00000038811"
1114.00423995671,-0.319578361022753,0.114360012114027,0.00468036201857048,0.00890971031906096,"ENSMUSG00000014850"
48.3286130578383,0.781412576602648,0.298972410099386,0.00469449826264337,0.00893557562199588,"ENSMUSG00000033033"
152.687542363496,-0.811669932173924,0.314306924061841,0.00469870071372792,0.00894252896271053,"ENSMUSG00000031786"
6201.3994449761,0.209287960024209,0.0747519691823556,0.00470840161300377,0.00895889672197258,"ENSMUSG00000019795"
86.6685389103996,-1.71495049355343,0.868262022179264,0.00470833141401423,0.00895889672197258,"ENSMUSG00000025270"
37.9015158273326,-1.33155476198751,0.593828947598919,0.00473389187641009,0.00900634548436226,"ENSMUSG00000090256"
432.84286986982,-0.462496850421958,0.168195936011517,0.00473778166793657,0.00901269253133944,"ENSMUSG00000039759"
99.5749944175339,0.85478104527331,0.333759027081779,0.00475396443460191,0.00904030760122078,"ENSMUSG00000026679"
3163.01886556384,-0.233022121083338,0.0830584060693203,0.00475312865551223,0.00904030760122078,"ENSMUSG00000054199"
3038.38891204519,0.271864702105992,0.0970855254575368,0.00475384008875603,0.00904030760122078,"ENSMUSG00000070565"
10331.5301523472,0.235114631220045,0.0838279124404666,0.0047572746544849,0.00904554571027977,"ENSMUSG00000020585"
16.5203346853899,-1.20859191204122,0.517085840364979,0.00475814537977164,0.00904614464983914,"ENSMUSG00000028012"
1491.13807141868,-0.329415371404701,0.118180570523787,0.00476521398627138,0.00905803987973751,"ENSMUSG00000055409"
2715.76870982668,-0.389406609739696,0.136782666631516,0.00476551502212017,0.00905803987973751,"ENSMUSG00000056476"
1610.64086322976,0.341988410786327,0.124347509946302,0.00476784183640762,0.00906140448488538,"ENSMUSG00000058388"
1255.53395421538,0.28354176235201,0.101329816682662,0.0047734464026869,0.00907099702812717,"ENSMUSG00000032757"
2501.58075352816,0.269125648025213,0.0962088756027347,0.0047867741805472,0.00909526206501078,"ENSMUSG00000024319"
380.918505784285,-0.397527241265512,0.14382702100237,0.00481567533729831,0.00914910867653384,"ENSMUSG00000115027"
1050.32171664844,-0.273494883453052,0.0978732551344851,0.00482455138623012,0.0091649022598966,"ENSMUSG00000031438"
158.197207427,0.576355508622591,0.213161315105115,0.00483150434235667,0.00917703940313673,"ENSMUSG00000045268"
1713.99688733977,0.327934284226083,0.118404888460052,0.00483302038948031,0.00917884796406026,"ENSMUSG00000026311"
746.07029713087,0.439937700984534,0.1597630598927,0.00484777811766822,0.00920580170315016,"ENSMUSG00000038982"
837.331149967761,-0.234383748514533,0.083756618651928,0.00485717217823574,0.00922256488012613,"ENSMUSG00000001707"
859.671058901847,0.499229728372149,0.182836210763297,0.00486040308320728,0.00922762320835644,"ENSMUSG00000051910"
5423.53411123877,0.261511788214449,0.0935525443265633,0.0048750273380674,0.00925430845586719,"ENSMUSG00000059447"
489.33903921107,0.260889353482789,0.0933703920782688,0.00488064987651189,0.00926390143305277,"ENSMUSG00000024007"
3127.15139807668,-0.30116941743832,0.108254209255759,0.00490990408498315,0.0093183419255399,"ENSMUSG00000024019"
2639.83312117538,-0.278133753489162,0.0998343556528217,0.00491972180422346,0.00933588616567376,"ENSMUSG00000030629"
24992.5472732274,-0.315570671384016,0.11379098153146,0.00492929446409761,0.00935296133425585,"ENSMUSG00000004980"
2996.77127114091,-0.269301037592775,0.0961356403206298,0.00493440084776475,0.00936155909089914,"ENSMUSG00000024068"
4119.39671667435,-0.279824958056268,0.100508973503319,0.00495022169707883,0.00939047998893476,"ENSMUSG00000035199"
18.3595357738941,1.14889421483474,0.487683216611594,0.00497005488656811,0.00942700459607967,"ENSMUSG00000035896"
12.1436445774694,1.23354049456788,0.531299304307401,0.00497140082483927,0.00942845888695487,"ENSMUSG00000104213"
763.029874846893,-0.342041233757735,0.123578860734866,0.00498590777850926,0.00945487031903235,"ENSMUSG00000104346"
22.1774666424013,-0.926900182538718,0.369796647261692,0.00498875876776956,0.00945917474918496,"ENSMUSG00000094632"
6814.82760438422,-0.197472578166611,0.0706708171202986,0.0049907415144555,0.00946183209554003,"ENSMUSG00000016921"
570.458258753187,0.400755140377899,0.145449931398161,0.00499245697519344,0.00946398214070092,"ENSMUSG00000025534"
41.6955220736265,-0.753471393795219,0.289727493650578,0.00499322648394143,0.00946433869417776,"ENSMUSG00000035262"
292.022070970682,-0.384015373430988,0.139378221247667,0.0050033242534349,0.00948237422254201,"ENSMUSG00000002870"
228.923273839333,0.47414592902176,0.173765143945323,0.00500773310681346,0.00948962508879039,"ENSMUSG00000036304"
1299.64479716284,-0.293084415639175,0.105807085112085,0.00502504831806122,0.00952132889319061,"ENSMUSG00000021311"
297.713556415596,0.410284545737126,0.149350866569796,0.00506819894177173,0.00960197187781194,"ENSMUSG00000030602"
835.938377495277,-0.539335844049701,0.199725438519643,0.00507025865496293,0.00960475624176499,"ENSMUSG00000041378"
23.9995984789167,-0.893811562265684,0.35516982987285,0.00507305066769174,0.00960892701520668,"ENSMUSG00000095762"
4451.27658289188,0.258955529485533,0.0930559562451795,0.00507398923546424,0.00960958659393681,"ENSMUSG00000034574"
74.0539540084102,0.61987125601708,0.232499478256036,0.00509248840985621,0.00964237831053151,"ENSMUSG00000069793"
7.80113831122658,1.51594815978842,0.695770101431139,0.0050922515524372,0.00964237831053151,"ENSMUSG00000072492"
1103.32205568546,0.319685099435826,0.115486376092646,0.00509420944786895,0.00964451516543507,"ENSMUSG00000005907"
159.254761635468,0.433903204627748,0.158506312453717,0.00510250318757037,0.00965909371871967,"ENSMUSG00000053730"
832.840730571683,-0.42974367307632,0.157106112962045,0.00510628444355811,0.00966400397305417,"ENSMUSG00000039096"
174.789987931138,-0.433638556373557,0.158529131392901,0.00510618955801129,0.00966400397305417,"ENSMUSG00000111269"
1522.94269339297,-0.224575096530814,0.0806846180241813,0.00510783591772611,0.00966581644602948,"ENSMUSG00000026766"
7628.11410590136,-0.167687393079902,0.0601010266384401,0.00511271088214249,0.00967391697541736,"ENSMUSG00000026554"
84.8358115570384,0.588793946879853,0.219730981516319,0.00511429266952642,0.00967578522484323,"ENSMUSG00000057054"
2246.38714752789,0.554147210417191,0.206271438492425,0.00511808752168326,0.00968183947448694,"ENSMUSG00000025823"
3142.16303782116,-0.214885903469236,0.0772522682374674,0.00515604603924811,0.00975251190179883,"ENSMUSG00000021012"
976.877221915638,-0.254602936203292,0.0917233423605679,0.00515979584849021,0.00975847064270055,"ENSMUSG00000003955"
264.320419574137,-0.372377634793641,0.1354800209547,0.0051684246741983,0.00977365437344331,"ENSMUSG00000038888"
2932.67340484555,-0.242674075792893,0.0875061437544263,0.00517031768707133,0.00977609842143654,"ENSMUSG00000042446"
7095.47168035568,-0.170082796143862,0.0610556264104427,0.0051773173779713,0.00978819654803912,"ENSMUSG00000044792"
418.66436349516,-0.470443290071701,0.17316602173119,0.00519720938332477,0.00982466314501923,"ENSMUSG00000016493"
2607.84020991887,-0.403604703843537,0.147430915608889,0.00520263489923965,0.00983377739082943,"ENSMUSG00000054843"
597.187560452504,-0.662137831662082,0.251565425194687,0.00520937061002377,0.00984536570184221,"ENSMUSG00000051951"
27.4116211576947,0.885819542055179,0.352455903200268,0.00521531234657299,0.00985545093771943,"ENSMUSG00000052087"
316.394260361522,0.433095017645902,0.158639111525668,0.00521940779235157,0.00986204527497374,"ENSMUSG00000028010"
2172.00003474412,-0.475094763374922,0.175157547195271,0.00522459385491994,0.00987069855738009,"ENSMUSG00000020948"
754.565485502274,-0.242818744202344,0.0876017180182658,0.00524009022839938,0.00989882659137578,"ENSMUSG00000026248"
706.069656106464,0.641765115226764,0.242545418639533,0.00524235543496676,0.00990195657581677,"ENSMUSG00000021613"
135.343716066353,0.483945985319196,0.178451211618925,0.00524499187982247,0.00990578696133545,"ENSMUSG00000041859"
528.937653197558,0.305228033598571,0.110494655426602,0.00525424893619805,0.00992211881478327,"ENSMUSG00000106037"
197.650267319298,0.492483009494125,0.181979446238624,0.00526751371906932,0.00994601418849442,"ENSMUSG00000036904"
1705.37759079799,-0.23551621912384,0.0849715114225427,0.00526986339433207,0.00994929672151907,"ENSMUSG00000022808"
22.4726311960115,1.26764677301176,0.567296226762088,0.00529006431349722,0.00998627703758643,"ENSMUSG00000029204"
640.882042006161,0.28720514684186,0.103935328504788,0.00529394481957963,0.00999128507514403,"ENSMUSG00000019797"
416.616108562778,-0.483408329388852,0.178678829858021,0.00529356016085052,0.00999128507514403,"ENSMUSG00000118125"
7119.9927019907,-0.213050426710914,0.0768425425924106,0.00530548249043666,0.0100118993715891,"ENSMUSG00000037072"
2006.24623273766,-0.188945745528954,0.0680709998594187,0.00530727943673229,0.0100141294391015,"ENSMUSG00000019578"
610.487806497721,-0.418356003325501,0.153501986294186,0.00531414911269017,0.0100259294455691,"ENSMUSG00000097333"
22.1662632672692,1.07139686549895,0.447452553242924,0.00531488267230528,0.010026151366298,"ENSMUSG00000005947"
1156.33974043073,-0.480312302198158,0.177654224414495,0.00532410884882912,0.0100423921021136,"ENSMUSG00000045410"
3105.02650117326,-0.392974217014564,0.143965275702883,0.00532556268849803,0.010043970506705,"ENSMUSG00000028403"
631.738551132482,-0.368122248819493,0.134388437958863,0.0053271357785402,0.0100457734248236,"ENSMUSG00000030584"
219.754511130484,-0.392687107906432,0.143604291918015,0.00533141376433141,0.0100526761561203,"ENSMUSG00000074194"
33.6132874460529,0.900009573231168,0.358036520036884,0.00533757843426821,0.0100631343239539,"ENSMUSG00000094370"
61.6175301759064,-0.693935397117741,0.265982896402616,0.00535722009944193,0.0100989958052942,"ENSMUSG00000042988"
681.142814608969,-0.286328853130799,0.103799202897564,0.00536074030474849,0.0101044616350968,"ENSMUSG00000022386"
2207.13486890857,-0.289642315182842,0.10517351062213,0.00538080035228613,0.0101410985451561,"ENSMUSG00000037935"
14.4605307291858,-1.24063446951684,0.54771730787578,0.00538187603463674,0.0101419516197982,"ENSMUSG00000021125"
654.718936193837,0.405176712121976,0.148419700805564,0.00538987027957144,0.010155840769865,"ENSMUSG00000042709"
864.089849824775,0.504816306211411,0.187296602194677,0.00539403028824478,0.0101625028972278,"ENSMUSG00000073096"
53.3479142839508,0.776892489224615,0.303306353112415,0.00540948143805785,0.0101904338443127,"ENSMUSG00000042293"
568.501355663002,-0.33227928907598,0.121061594690137,0.00541869384331285,0.0102066070795472,"ENSMUSG00000048503"
69.4348513831754,0.675504689020034,0.257955864298475,0.00543236740107149,0.0102311785901471,"ENSMUSG00000001604"
20.9611125725372,-1.0574761511127,0.445957063270764,0.00544493790794318,0.010252481118045,"ENSMUSG00000044279"
31.5916596713836,1.25376851537934,0.55904954729835,0.00544458922451427,0.010252481118045,"ENSMUSG00000049796"
16110.345383448,-0.185098443338585,0.0669591787816801,0.00546745850111945,0.010293695290449,"ENSMUSG00000020349"
3073.5700653396,-0.228573058333246,0.0827858310051059,0.00547403614286466,0.0103048872827051,"ENSMUSG00000027566"
1185.70759596583,-0.260718390832442,0.0946655113011486,0.00548075418744633,0.0103163409647608,"ENSMUSG00000035572"
2199.41929580572,-0.207775187306681,0.0752201440800727,0.00549482848628798,0.0103416369637872,"ENSMUSG00000069895"
542.351245196372,0.252226793290413,0.0914766485944058,0.00549791246659432,0.0103462449862685,"ENSMUSG00000031429"
1997.46907661609,-0.31146290894077,0.113187186808451,0.00549861579693668,0.0103463724358496,"ENSMUSG00000031432"
22.1768321907252,1.37569632595602,0.632016962173877,0.0055031605178765,0.0103537271047149,"ENSMUSG00000051617"
12753.9076425059,-0.39578721360407,0.145509307174205,0.00551041260191578,0.010366173157747,"ENSMUSG00000022186"
2991.94325722165,0.309940108340782,0.112906924489494,0.00552264041236418,0.0103879755757412,"ENSMUSG00000026819"
4798.40138115745,0.27011205692345,0.0985955243465073,0.00556862794946966,0.010473266985727,"ENSMUSG00000024248"
26.6434825951703,0.926057001347423,0.376871797284653,0.00558232812061207,0.0104978208349496,"ENSMUSG00000103845"
387.460960744009,-0.428273245536527,0.158347529415883,0.00559577694287849,0.0105218963932281,"ENSMUSG00000090266"
13.807413312691,1.29637495105267,0.583427728079419,0.00561810385074374,0.0105614383280294,"ENSMUSG00000046922"
982.574113852706,-0.315260988835764,0.115221896895367,0.00561775681280556,0.0105614383280294,"ENSMUSG00000069631"
1755.74551097603,-0.388008168872748,0.142851490231961,0.00562859982183386,0.0105799477944355,"ENSMUSG00000025899"
94.8098090740492,1.04690894844818,0.440807622542807,0.00564590028791638,0.010611241760386,"ENSMUSG00000054667"
813.43920255686,-0.311053300613681,0.113735168816247,0.005655208086606,0.0106275083391564,"ENSMUSG00000031533"
1089.37671052685,-0.200352231032973,0.0727747588137691,0.00566310925530494,0.0106411280685506,"ENSMUSG00000022300"
2368.59973831438,-0.35538830461855,0.130531517248936,0.00567433557280581,0.010660991973007,"ENSMUSG00000057421"
13.0776396491851,-1.25124538872689,0.567803596033486,0.00567709186596922,0.0106649395723309,"ENSMUSG00000079076"
5492.08302385623,-0.264114639572326,0.0962478356945253,0.00569010049707839,0.0106881439985509,"ENSMUSG00000033713"
3363.58562147748,-0.18624895927557,0.0676124077793422,0.00569581064507217,0.0106976353617728,"ENSMUSG00000025178"
26.6269096311806,1.07452327401689,0.456493269954992,0.00570842862687271,0.0107200970452508,"ENSMUSG00000028523"
1342.63137127368,0.257650045777007,0.0939201503484014,0.00570974788754668,0.0107213376529571,"ENSMUSG00000089872"
24.0516323776911,0.904821499334289,0.366820163036114,0.00571248518298113,0.0107240034377311,"ENSMUSG00000022385"
827.345500101586,0.275207145563899,0.1004186636411,0.00571224374525225,0.0107240034377311,"ENSMUSG00000078784"
1297.9395101849,-0.303525321495282,0.111082283552567,0.00571380795447422,0.0107252497558731,"ENSMUSG00000029466"
210.290118139171,0.537751297942112,0.202260923706632,0.00571670618862088,0.0107294527082175,"ENSMUSG00000074158"
145.758368384374,0.730594530376319,0.284509062235811,0.00572407181417959,0.0107420383895798,"ENSMUSG00000031910"
1330.58971917817,-0.311955182482031,0.114348169558876,0.00576092141287303,0.0108099456782418,"ENSMUSG00000022562"
1885.5715933646,-0.406291766527371,0.149687463606998,0.00578265250905768,0.0108494718237023,"ENSMUSG00000062949"
1443.1710656686,0.349822889474574,0.128549157895073,0.00578617173092703,0.0108548234915328,"ENSMUSG00000038181"
4841.53334189954,-0.242651630269253,0.0886196918351468,0.00579177716492428,0.0108640871964321,"ENSMUSG00000029767"
1211.14863857285,0.258379363003926,0.0943600528498068,0.00579307169653708,0.0108652634031836,"ENSMUSG00000021710"
5945.48467725089,-0.304427323846625,0.111538420656316,0.00579482798066844,0.010867305284484,"ENSMUSG00000025609"
65.2180229101414,-0.551054177219123,0.208044359713727,0.00579571978877336,0.010867725690779,"ENSMUSG00000083798"
79.5573977808567,0.61655948692602,0.235823647980782,0.00579739983743978,0.0108696238831887,"ENSMUSG00000022575"
498.417876101262,-0.331568063356963,0.121819066788811,0.00580055962277392,0.0108742956972836,"ENSMUSG00000047613"
128.50825929456,0.468781784373513,0.17477704215507,0.00581575740627991,0.0109015314439687,"ENSMUSG00000052056"
2724.59680990628,-0.261000800320235,0.0952822864573395,0.00581720026377611,0.0109029805289289,"ENSMUSG00000026858"
1259.14484823043,-0.325215351840028,0.119566276102736,0.005825168538532,0.0109166582397218,"ENSMUSG00000054414"
57.1399450265042,-2.25189565345353,1.61732534245474,0.00582746680145472,0.0109197081379164,"ENSMUSG00000079507"
799.439036492847,-0.296214683682013,0.108526266097289,0.00583266815880549,0.0109281966262702,"ENSMUSG00000034848"
48.0638803805654,0.964257246156845,0.397927613455969,0.00583475134020385,0.0109308415601149,"ENSMUSG00000053914"
433.372531057021,-0.410366082352411,0.152234636974497,0.00584672623345411,0.0109520149169351,"ENSMUSG00000026960"
4884.83231800178,-0.48505477786698,0.181662827187596,0.00585647407921168,0.0109690122035908,"ENSMUSG00000043991"
740.809625640561,-0.402828802581738,0.149232200338355,0.00586786177119288,0.010989076611997,"ENSMUSG00000020717"
15019.5053002237,0.214461815135206,0.0786703675334694,0.0058710492863227,0.0109937812357944,"ENSMUSG00000024163"
601.147713481196,0.362173509408065,0.133582240805174,0.00587882191802623,0.0110070696091133,"ENSMUSG00000035285"
636.663419266487,0.255387278296893,0.0934217667157851,0.00588032312390803,0.0110086141243214,"ENSMUSG00000021975"
292.474236894843,-0.315363138018412,0.115953751385475,0.005883596676982,0.0110134759323727,"ENSMUSG00000051034"
118.547544999902,-0.590853316776516,0.22509712135626,0.00588531497714827,0.0110141592547735,"ENSMUSG00000030431"
760.97553393456,0.285758321816395,0.104751406191997,0.00588529062550391,0.0110141592547735,"ENSMUSG00000042787"
271.21961052878,-0.340340620699223,0.125393437377149,0.00588967790005439,0.0110210572315307,"ENSMUSG00000012483"
63.3583609023836,0.790075385869823,0.314068743873494,0.00589149380053917,0.0110231880557674,"ENSMUSG00000038943"
3009.99359939901,0.514644282880587,0.193442632213773,0.00591403485748965,0.0110640914159541,"ENSMUSG00000021301"
382.163852029811,1.07801490373044,0.462449990244278,0.00591695298816958,0.0110682786418553,"ENSMUSG00000015852"
3532.50650136795,-0.477989609083065,0.179087396689981,0.00591941800030389,0.0110716173973281,"ENSMUSG00000035173"
90.7363806911586,0.617108250660998,0.236981079518976,0.00594611586650228,0.0111202750545639,"ENSMUSG00000039496"
1370.48975459923,-0.194702681183844,0.0710831324904509,0.00595333723968964,0.0111325012737126,"ENSMUSG00000023286"
1387.93605805288,0.228143672001043,0.0834632509641285,0.0059602751843067,0.01114419474502,"ENSMUSG00000028961"
65.8370171090703,0.911496500974431,0.37267378824776,0.00597745275191091,0.0111750288153906,"ENSMUSG00000024175"
2656.91192771148,0.324041315332951,0.119306372990213,0.00598254924903733,0.0111832724708119,"ENSMUSG00000066571"
79.7199390330895,0.596470902006146,0.227634336481139,0.0059842498222994,0.011185166908645,"ENSMUSG00000114172"
140.237727376463,0.471445879791687,0.176384813281797,0.00598956165704973,0.011193809948732,"ENSMUSG00000053574"
4504.40265618776,-0.276642529271142,0.102062078569998,0.00599162899607288,0.0111963881067701,"ENSMUSG00000021770"
75.974442709501,0.843016287469213,0.340191486015909,0.00599483952389149,0.011201101672395,"ENSMUSG00000048905"
148.758224189854,-0.550477775226409,0.208551521575627,0.00599813676386371,0.0112059761554199,"ENSMUSG00000027386"
246.367192721644,-0.386229395699089,0.143248674585144,0.00600035832859059,0.0112088401277023,"ENSMUSG00000078435"
22.1132552813202,1.09698987272559,0.474712605647937,0.00600203855728432,0.0112106923276505,"ENSMUSG00000021880"
50.5414744149777,0.775636913075619,0.308303593015234,0.00600283511735315,0.0112108937632256,"ENSMUSG00000042677"
1080.47587328811,0.29142148937597,0.106970360949938,0.00600494320768064,0.0112135442852616,"ENSMUSG00000055745"
165.444048763371,0.613288117936407,0.235231916620258,0.00600569881034492,0.0112136688729978,"ENSMUSG00000029521"
61.3819166071003,0.805296565682424,0.321619070099058,0.00603209188676156,0.0112616574988766,"ENSMUSG00000055809"
1834.38114462671,-0.522284183754609,0.197473605728616,0.00604552500518136,0.0112854422057732,"ENSMUSG00000048280"
1479.58131790016,-0.209353858450507,0.0765896375664116,0.0060519297439682,0.0112961027832031,"ENSMUSG00000030330"
366.646717271567,0.387442423905101,0.143783312017921,0.00606318472902734,0.0113158130037958,"ENSMUSG00000025665"
847.542018634297,0.363575320382164,0.134654482918764,0.00606696620214933,0.011321572376314,"ENSMUSG00000051550"
44.3641998843912,0.668296902925612,0.259020740748099,0.00606930218252738,0.0113246333020611,"ENSMUSG00000021391"
109.546520576188,0.830657189664221,0.333919410592585,0.00607079324398999,0.0113261171834578,"ENSMUSG00000056501"
3305.00230101932,-0.217013839869037,0.0796036182776587,0.00608583593554997,0.0113528807424802,"ENSMUSG00000007670"
1814.6007996434,0.214566293623684,0.0786312498153096,0.00609288067082529,0.0113647200137154,"ENSMUSG00000024270"
4448.86221148008,-0.247535651755779,0.0909728204805684,0.0060943557035438,0.0113648667822529,"ENSMUSG00000039952"
183.755825957437,-0.418930393455834,0.156165190617391,0.00609389484557027,0.0113648667822529,"ENSMUSG00000109916"
495.217950868176,-0.269802597547426,0.099319086985385,0.00611264903417584,0.0113976747970578,"ENSMUSG00000037262"
271.108060746446,0.565994238947056,0.215562542177229,0.00612952097872171,0.0114278252767875,"ENSMUSG00000096914"
9.15867886113327,-1.34795575795647,0.625567493013244,0.00613198609039028,0.0114311119536616,"ENSMUSG00000099762"
729.935681428804,-0.238372563350268,0.0877113353980308,0.00613467469647127,0.0114348144634329,"ENSMUSG00000027495"
968.140640180678,-0.241995907099352,0.0889551798112942,0.00613606536650719,0.0114360970959473,"ENSMUSG00000049091"
197.323699539127,0.479137630234657,0.180267880443329,0.00614185212969874,0.0114455717192028,"ENSMUSG00000049690"
6268.8325109954,-0.289549463962247,0.106291138772482,0.00614728002101832,0.0114543754787244,"ENSMUSG00000056124"
1849.51006341039,-0.300099185193333,0.11121414290591,0.00615127710567024,0.0114605114714548,"ENSMUSG00000021728"
60.2926457255221,0.616638815271875,0.237148696971071,0.00617645277818486,0.0115060996021164,"ENSMUSG00000033107"
39.2298424383796,0.978563448001588,0.412339303917782,0.00620404404922912,0.0115561767974999,"ENSMUSG00000017861"
12.3104070804509,1.14411732020988,0.500118113390796,0.00625257982497034,0.0116452510744699,"ENSMUSG00000089975"
1127.20587577995,0.207018829772573,0.076074828647436,0.00625689051343458,0.011651946433782,"ENSMUSG00000029014"
10.2924797662321,1.26500856731574,0.574974032998389,0.00628142050583898,0.0116962895211676,"ENSMUSG00000017002"
2507.37588044484,0.166529923374317,0.0611183253000355,0.00628444688924797,0.0117005863505866,"ENSMUSG00000053293"
931.662275825957,0.294592156221924,0.108848287110594,0.006288584528557,0.0117069509327368,"ENSMUSG00000016494"
12.3244782292224,-1.27191779329621,0.576090875498101,0.00631983872311329,0.0117637889919769,"ENSMUSG00000029373"
1978.25955382511,0.209574975593797,0.0771825398245377,0.00636050322198677,0.0118381284527213,"ENSMUSG00000041278"
5021.99043129023,0.237143362016263,0.087451138692821,0.00636425894917288,0.0118437643963229,"ENSMUSG00000037771"
6.92515542097344,1.65121826333157,0.83507299216593,0.00636781419244057,0.0118490259973191,"ENSMUSG00000063661"
41.2950781442423,-1.01162229721184,0.431689904384577,0.00637217977054515,0.0118557940684574,"ENSMUSG00000107499"
559.407885997987,-0.379268213916229,0.141754397332813,0.0063886512915281,0.0118850817969708,"ENSMUSG00000046034"
59.1533188041338,0.587338617024776,0.22565261845411,0.00639393877552578,0.0118935590661648,"ENSMUSG00000040139"
50.9834254859326,0.695561598212792,0.273081643585642,0.00640077497386266,0.0119049148794031,"ENSMUSG00000048327"
615.839259913335,-0.349319596053532,0.130270458279524,0.00643268151727046,0.0119628915501118,"ENSMUSG00000002486"
1471.06381038624,-0.204278874231325,0.0753348480434269,0.00643698629757517,0.0119695296952169,"ENSMUSG00000022526"
1400.14556850642,0.227495011729208,0.0839964554787864,0.00644818552220757,0.0119889850291827,"ENSMUSG00000021468"
14258.6543755563,-0.326901891197362,0.121834969547508,0.00646261074869564,0.0120144332762983,"ENSMUSG00000026424"
700.040014892537,0.328785606535256,0.122378953950317,0.0064715076691957,0.0120282258322868,"ENSMUSG00000002781"
1816.76600159624,0.209483833059123,0.0773096823152997,0.00647106127259068,0.0120282258322868,"ENSMUSG00000029319"
1399.57173386746,0.213623777860645,0.0788292701549721,0.00647487086079207,0.0120331028510073,"ENSMUSG00000032571"
5158.21412996704,0.168805159541409,0.0620943375325656,0.00647583647677171,0.0120335235352614,"ENSMUSG00000059119"
199.327118650759,0.536995414442428,0.205071627457887,0.00649471876090635,0.0120670204445249,"ENSMUSG00000021023"
492.956659780815,0.387071667288932,0.144905651505653,0.00649534544384614,0.0120670204445249,"ENSMUSG00000079334"
2769.39463066435,0.389944863504575,0.145826538347489,0.00649614171987218,0.0120671225511902,"ENSMUSG00000028234"
10035.5811877597,-0.344907275232308,0.128847058939812,0.00650617212169291,0.0120843758326012,"ENSMUSG00000030122"
60.937321380871,-0.925667557677577,0.386276727453854,0.00651750636746805,0.0121040466228916,"ENSMUSG00000073409"
1036.93000604659,-0.331122185838494,0.123397880420454,0.00653617262287818,0.0121373280806766,"ENSMUSG00000038774"
69.4930949812555,1.01685359072185,0.435712514034863,0.00654132974399598,0.0121455190570054,"ENSMUSG00000048617"
130.11960879106,-0.719912446603685,0.28558271447751,0.00654273830620704,0.0121467488764186,"ENSMUSG00000111497"
30.4632318435846,0.869176680896924,0.355584141607752,0.00655145546946989,0.0121615454592349,"ENSMUSG00000090707"
724.939877005674,-0.25181934176805,0.0933905765200949,0.00655978673696694,0.0121756224064251,"ENSMUSG00000061898"
39.1446907486425,0.763406047629188,0.305240595445908,0.00658894685646472,0.0122283521752973,"ENSMUSG00000073607"
3793.46799619686,0.240452565706093,0.0892098576757205,0.00659012262631909,0.0122291400035593,"ENSMUSG00000027602"
456.801858832528,0.559780317122139,0.214961212417307,0.00660364596429217,0.0122528381405161,"ENSMUSG00000086228"
4820.1667159857,0.285804158465231,0.106186333277863,0.00664093729246789,0.0123206265382713,"ENSMUSG00000038406"
661.884286427138,0.424359511195112,0.159935527898953,0.00664750658012216,0.0123305186247074,"ENSMUSG00000021136"
882.238877519134,-0.221479233111037,0.0820125297859435,0.0066477842149178,0.0123305186247074,"ENSMUSG00000026018"
3413.69791324604,0.215183101124885,0.079614368431262,0.00666892783489878,0.0123683271387128,"ENSMUSG00000026457"
2814.39239832499,0.381914214657822,0.143334528610637,0.0066830646314793,0.0123931335237207,"ENSMUSG00000051615"
211.113529739626,0.361915751318149,0.135622504723882,0.00668702108922202,0.0123990578984344,"ENSMUSG00000026433"
1995.08436536083,-0.336464518485767,0.125973678080234,0.00669565203216029,0.0124136473552967,"ENSMUSG00000027660"
2955.39419007382,-0.241345075086203,0.0896829768584836,0.00669706662545609,0.0124148559992227,"ENSMUSG00000034462"
170.198224470632,0.496179723077178,0.189241872911646,0.00671606398262261,0.0124486551479311,"ENSMUSG00000066258"
1918.16328320687,-0.225439355162641,0.0834824064773363,0.00672101813705971,0.0124564195872775,"ENSMUSG00000025235"
6198.87075888669,-0.384736610049152,0.144809374974025,0.00672263041946214,0.0124579892950825,"ENSMUSG00000021097"
28.7495219138013,-0.934190440311847,0.392622953486311,0.00672873738767843,0.0124678869888025,"ENSMUSG00000111692"
37.8483965376156,0.755582401077415,0.302313047789196,0.00673502912187586,0.0124781247491345,"ENSMUSG00000083284"
1985.61588764734,-0.295560767153415,0.110320054907183,0.00673634397497512,0.0124791404602987,"ENSMUSG00000024943"
55.357659387509,0.861327782416278,0.354638970203649,0.00673852105888131,0.0124817530492114,"ENSMUSG00000019767"
1418.20349242979,-0.178995137707877,0.0663418739421296,0.0067467713490393,0.0124956131550417,"ENSMUSG00000028622"
865.417679375323,0.285326549684283,0.106383355359457,0.00675191777209849,0.0125037221267599,"ENSMUSG00000020432"
8377.3972933646,-0.247612805030557,0.0921754522225405,0.00677322998965887,0.0125417629133963,"ENSMUSG00000039270"
7570.36746662413,0.217054137844081,0.0803634317923592,0.00678755167468821,0.0125668523840508,"ENSMUSG00000033629"
2195.37464673144,0.309965965293317,0.115923513097135,0.006789688263509,0.0125693785458205,"ENSMUSG00000028854"
2084.62863669811,-0.236750469699468,0.0881097047867846,0.00679583272369021,0.0125793228424186,"ENSMUSG00000010290"
119.798795894848,0.594022858494272,0.23014967578994,0.00679734001152039,0.0125806822862455,"ENSMUSG00000020553"
3274.19135570985,0.275087024782028,0.103262459565908,0.00680745280420234,0.0125979668879952,"ENSMUSG00000014763"
1270.33769104176,-0.221220245113943,0.0822928375638155,0.00681267072024346,0.01260619006299,"ENSMUSG00000022106"
2096.01919739726,-0.382669335770724,0.144249071692519,0.00681472705761593,0.0126085618372212,"ENSMUSG00000023952"
62.1341503078032,-0.827870632386237,0.33895665798349,0.00682709071016012,0.0126300014297064,"ENSMUSG00000079465"
712.426268425958,-0.253231742989585,0.0943684706457915,0.00683030891731109,0.0126345191540898,"ENSMUSG00000017299"
4697.65842377035,-0.406707279530093,0.153870926143476,0.00686166780816828,0.0126910838065405,"ENSMUSG00000001986"
5091.8157726988,0.215635812225003,0.0801677622438701,0.00686544442265955,0.0126966262567657,"ENSMUSG00000007458"
381.543894068574,-0.390131066829398,0.147380607530837,0.00687193546825758,0.0127071868172551,"ENSMUSG00000037465"
39.2629549814969,0.95776136570585,0.410135003361667,0.0068791349317952,0.0127190547955205,"ENSMUSG00000032254"
38.4168123265716,0.769747479053462,0.310766696731717,0.0069142555626336,0.0127825385631516,"ENSMUSG00000034947"
1005.9855233125,-0.205899057884515,0.0766720273773912,0.00692956319659279,0.0128093833425094,"ENSMUSG00000020167"
1787.26680974996,0.340893975556904,0.12803724582292,0.00694311425367645,0.0128329753402232,"ENSMUSG00000028949"
28.1799487710298,1.62471849569801,0.870075657527519,0.00696314332240627,0.0128685339466541,"ENSMUSG00000116988"
220.414600630419,-0.439148396158466,0.167065320286666,0.00697512122239284,0.0128892068632206,"ENSMUSG00000070583"
2323.38093743818,0.352439663293401,0.132642368488138,0.00697983534498774,0.0128964540006482,"ENSMUSG00000002319"
1291.1858020437,-0.19072125005654,0.0711105408009073,0.00700433918042818,0.0129402602631949,"ENSMUSG00000031711"
383.710180895385,0.324320293145166,0.121894290670874,0.00700700995217098,0.0129437253746526,"ENSMUSG00000060538"
128.878849529997,0.610184150235603,0.238809117072518,0.00701081289039636,0.0129492808612132,"ENSMUSG00000025420"
1616.00620088457,0.254967204086689,0.0953337052284675,0.00703092337908604,0.0129849524353032,"ENSMUSG00000060216"
4645.8476481889,-0.2000528048731,0.0746909185066346,0.00705225918946288,0.0130228786257603,"ENSMUSG00000026000"
1994.02726124013,0.2295479038431,0.0857353051844628,0.00707213892481719,0.0130581076926241,"ENSMUSG00000024847"
897.462848815059,-0.230653487740131,0.0862661438175347,0.00707335599639308,0.0130588736428816,"ENSMUSG00000034203"
8805.34070496211,0.312970815128646,0.117452659682218,0.0070838315402418,0.0130755601982409,"ENSMUSG00000007892"
1768.47349468907,-0.197657159340779,0.0737838420109419,0.00708400082247738,0.0130755601982409,"ENSMUSG00000040843"
736.445746414959,-0.231806353194177,0.0866799391289836,0.00710274927229031,0.0131086794392678,"ENSMUSG00000031697"
304.212436164312,0.36389721278498,0.137065383841724,0.00711603305749966,0.0131317068484276,"ENSMUSG00000049686"
321.09790797861,-0.29333876713972,0.110225052450924,0.00712145761724188,0.0131402275100276,"ENSMUSG00000063260"
872.560786039009,-0.261956085609459,0.0981958605061679,0.00712403272852936,0.013143489148249,"ENSMUSG00000063235"
25.4633257941651,1.15573384364128,0.529504088710394,0.00713589621173666,0.0131638846934099,"ENSMUSG00000037101"
28.2983799687701,0.928854265877525,0.394798266359378,0.00713893202487248,0.0131679926913172,"ENSMUSG00000037318"
988.57753556584,-0.371490208023416,0.140735540668511,0.00714869550275418,0.0131845077491313,"ENSMUSG00000038764"
282.304756468914,-0.306733045503575,0.115459354398539,0.00715664112039764,0.0131976667223103,"ENSMUSG00000060288"
19.9433477790796,-1.09772100881758,0.491930411559844,0.00718707523203643,0.0132522893777853,"ENSMUSG00000048655"
6025.51451097966,-0.23775390543115,0.0891132177867885,0.00718931640516401,0.0132549204262385,"ENSMUSG00000006005"
2691.26831552844,-0.240231750474488,0.0901399144164183,0.00719296982760428,0.0132588712860098,"ENSMUSG00000026755"
17.7705789887039,1.03989255482691,0.453245102989912,0.00719308836016417,0.0132588712860098,"ENSMUSG00000086564"
992.88063519882,-0.30134548811331,0.113453170182633,0.00720085118662663,0.0132716774927432,"ENSMUSG00000020397"
5502.40548108425,0.194987601585848,0.0728622635844508,0.0072044170855613,0.0132767464416129,"ENSMUSG00000000088"
1001.28427652431,-0.425582682088842,0.162469233802319,0.00721268751377619,0.013290483059684,"ENSMUSG00000028883"
15.0149006146009,1.6009049719904,0.931863583299462,0.00721633137966872,0.0132956923823709,"ENSMUSG00000025194"
1808.72100404196,-0.251120352668602,0.0942477362406949,0.0072278962334305,0.0133154928573768,"ENSMUSG00000033478"
4238.00522834837,0.216612980409727,0.0810952462440404,0.00724608286144652,0.0133474863436264,"ENSMUSG00000027363"
531.192064827044,0.446896616810492,0.170970677254335,0.0072596305329887,0.0133709284697884,"ENSMUSG00000028494"
126.57424045062,-0.445043187436793,0.170308760320067,0.00727873090125114,0.0134045911992947,"ENSMUSG00000002732"
3884.87520559229,0.309600062234468,0.116691986048961,0.00728200008454401,0.0134090947258153,"ENSMUSG00000038587"
11.9115215163286,1.53276962016842,0.859986259284432,0.00729077679057473,0.013423698938053,"ENSMUSG00000060470"
2076.12423179917,0.182971149900951,0.068448995796431,0.00729158041591501,0.013423698938053,"ENSMUSG00000062169"
3029.57727049589,0.256432224470015,0.0963127664803074,0.00729482167219881,0.013428147368546,"ENSMUSG00000005609"
1176.25458620998,-0.344137292098647,0.130357763249608,0.00730416521227679,0.0134438264727998,"ENSMUSG00000020329"
895.719946698642,-0.332267094748383,0.125722983132706,0.0073133757799894,0.0134592573144904,"ENSMUSG00000020935"
310.510288259219,0.448958786038031,0.17192654281348,0.00732073440299042,0.0134712768044176,"ENSMUSG00000026399"
1086.4388889719,0.269812610374818,0.101474515902865,0.0073243466781449,0.0134764005003778,"ENSMUSG00000025138"
38.0367638229596,-0.83662373773292,0.347219654298371,0.00733031250743401,0.0134858529606703,"ENSMUSG00000032611"
790.088799165966,-0.427963405129531,0.163768552206093,0.00733340164057896,0.0134900115160294,"ENSMUSG00000026958"
3200.41096726853,0.228111968307212,0.0855628177316424,0.0073361064940309,0.0134934623174955,"ENSMUSG00000041037"
3305.38442857461,-0.208588264091824,0.0782421837669537,0.00735188825718039,0.0135187105212174,"ENSMUSG00000009630"
105.71679574467,0.614244028571902,0.241636197161378,0.00735232487064365,0.0135187105212174,"ENSMUSG00000035121"
408.288418003528,-0.319038541762612,0.120622061164985,0.00735161819127861,0.0135187105212174,"ENSMUSG00000035125"
1466.80606776446,-0.285372384643292,0.107646352514457,0.00736849057743079,0.0135453743217864,"ENSMUSG00000041881"
672.794285349374,-0.351716535604248,0.133449133212163,0.0073682271266838,0.0135453743217864,"ENSMUSG00000042558"
29087.3635504417,-0.192270238285796,0.0721760835470281,0.00738097910607428,0.0135667996712598,"ENSMUSG00000022884"
163.733886306681,-0.499295763229733,0.192890745778513,0.00739462974367104,0.0135903559859407,"ENSMUSG00000030157"
1876.1794185133,0.250231629438611,0.0941318431490118,0.00740976165424245,0.0136166290593541,"ENSMUSG00000028837"
3828.84220123454,-0.818767134128938,0.339387745853873,0.00741755974957208,0.013629420657358,"ENSMUSG00000094410"
720.391271131074,-0.280714583595148,0.105905351817935,0.00742642935629182,0.0136441779979366,"ENSMUSG00000042729"
1188.42371178411,-0.246103150973504,0.0926130049009506,0.0074425014358856,0.0136721632291328,"ENSMUSG00000024424"
23.3602583602253,1.12392369251328,0.508405613040487,0.00745580081754568,0.0136950491658777,"ENSMUSG00000042282"
4501.40664911236,-0.458034380178683,0.176335557274726,0.00745732722173851,0.0136954830481192,"ENSMUSG00000021339"
150.697031277396,0.507398055157142,0.196178216379168,0.00745771972837746,0.0136954830481192,"ENSMUSG00000094825"
32.6051459353638,-1.04825580616012,0.464718431448074,0.00746022419250219,0.0136985368759786,"ENSMUSG00000111728"
3564.39316789587,-0.209664287423131,0.0788278207819963,0.00747361028296701,0.0137215687103696,"ENSMUSG00000001100"
1681.21447012717,-0.204213262170564,0.0767590012388526,0.00748000534051674,0.0137317612420132,"ENSMUSG00000040289"
6453.58336107987,0.312103548055806,0.118190607718195,0.00748798008612918,0.0137448511323873,"ENSMUSG00000032827"
485.1552606832,0.368019803023639,0.140085980859222,0.00750744841866998,0.0137790331896617,"ENSMUSG00000061286"
31.6696792668101,0.892789547867357,0.378720099577453,0.00751622050283916,0.013793578054703,"ENSMUSG00000022429"
8.39788000716698,1.28992011007609,0.609057430847265,0.00752098826455094,0.0138007718374885,"ENSMUSG00000021933"
754.599212871911,-0.448159581370626,0.172468024460724,0.00753536933017894,0.0138256021141403,"ENSMUSG00000075602"
31.1370761557956,0.974017066256229,0.423737818209033,0.00755462332704938,0.0138593664507731,"ENSMUSG00000020905"
17.3281518882219,0.963570137040426,0.414442267005741,0.00755986428255688,0.0138674183898423,"ENSMUSG00000031594"
84.9429842087772,0.614953973524502,0.243312688393874,0.00756555448363082,0.013876292494033,"ENSMUSG00000003190"
310.354552922375,0.294477627185218,0.111487452030019,0.00758561891168028,0.0139115259851658,"ENSMUSG00000045854"
1236.18915449977,-0.22880337477287,0.0863263258089886,0.00759036946018522,0.0139186700543984,"ENSMUSG00000034165"
986.620858399398,0.312729006503177,0.118727206967518,0.00759247149992048,0.0139209564176285,"ENSMUSG00000025612"
1108.98714581874,0.474475063315977,0.183327961021077,0.00760941169867494,0.0139504452788637,"ENSMUSG00000033111"
381.371344425277,-0.412008450516099,0.158129892725599,0.00763292494629971,0.0139904011120219,"ENSMUSG00000032077"
32.4688911590894,0.757534384791705,0.308989277714118,0.00763214254092967,0.0139904011120219,"ENSMUSG00000074071"
1791.53283997635,-0.243781114042186,0.0921660998411327,0.00765081470200967,0.0140216124430661,"ENSMUSG00000032314"
526.458245361307,-0.276640440668183,0.104826540789486,0.00765672544398273,0.0140308653357144,"ENSMUSG00000025785"
399.104063756593,0.336496848276054,0.128134229822081,0.00768730587024895,0.0140853179824305,"ENSMUSG00000055652"
3005.55691293043,-0.298145253523793,0.113260392682673,0.00771416126225476,0.0141329338240836,"ENSMUSG00000027889"
33676.716412883,-0.337356185379387,0.12867200852898,0.00774303813202201,0.0141842420338796,"ENSMUSG00000026825"
3755.61207165819,-0.196572965754311,0.0741969701791068,0.00774783074471316,0.0141914244247148,"ENSMUSG00000039047"
14423.2519747026,0.277750237577778,0.108699767699766,0.00775705354720362,0.014206718906546,"ENSMUSG00000018398"
1021.96392427951,-0.309277511345253,0.11769755964813,0.0077599428894797,0.0142104117847846,"ENSMUSG00000029536"
305.643541316115,0.362398126489499,0.138548586218767,0.00778452398100495,0.0142538224255117,"ENSMUSG00000079834"
3081.78042700184,-0.20843623113154,0.0787830246628929,0.00778826821674588,0.0142579455503664,"ENSMUSG00000031154"
1444.93941384996,0.250921607646508,0.094990488505141,0.00778852757303466,0.0142579455503664,"ENSMUSG00000051483"
646.277049721411,-0.324219254180965,0.123593259337035,0.00779341588802325,0.0142652899837223,"ENSMUSG00000056612"
291.450210363869,-0.481890463502011,0.187210966196748,0.00779450871408665,0.0142656861758379,"ENSMUSG00000033852"
215.984726766089,-0.451832066249392,0.174846000579306,0.00779570185244298,0.0142662658520592,"ENSMUSG00000048450"
69.3651392349157,0.808873576913771,0.335817627037023,0.00781190564400058,0.0142943120585703,"ENSMUSG00000031323"
2673.49206072828,0.185019898838957,0.0698306497861392,0.00781911115133735,0.0143058886502719,"ENSMUSG00000021610"
13256.8675999245,0.210657629899532,0.0794799138412439,0.0078238320770016,0.0143129173465309,"ENSMUSG00000032324"
3356.62289429768,-0.321246802328505,0.12149447563322,0.00782968266430512,0.014322010833752,"ENSMUSG00000040209"
1368.42551509885,0.27075117939846,0.102727166357892,0.00783653138738424,0.0143329278566113,"ENSMUSG00000061838"
57.8817696470028,0.892718053541639,0.37919568276813,0.00784557221979717,0.0143478513193864,"ENSMUSG00000052135"
13948.3940002146,-0.170863621191332,0.0645276957205375,0.00784785045542539,0.0143504054946545,"ENSMUSG00000061904"
633.207951544711,-0.328520949678362,0.125424884894092,0.0078488979043557,0.014350708759643,"ENSMUSG00000042670"
1140.49809465178,0.310428584841499,0.118206147120278,0.00785239408575765,0.0143554886486931,"ENSMUSG00000033610"
15.6196890163507,1.24533794238898,0.595263004873038,0.00785423048747372,0.0143572334503197,"ENSMUSG00000002104"
4806.21373416505,-0.232157854284083,0.0873719563086132,0.00786663248660663,0.0143782892002002,"ENSMUSG00000037999"
4385.88885031049,-0.264359151162094,0.100276374728343,0.00787114011956255,0.0143849128624946,"ENSMUSG00000022205"
702.398583968739,0.27187117004701,0.103254012379666,0.00788577211978797,0.0144100357617769,"ENSMUSG00000020752"
8226.73443726556,-0.247141438237061,0.0937677415721483,0.00788794171245042,0.0144123824441877,"ENSMUSG00000027799"
2760.94253868151,0.257229619669075,0.0975901780810343,0.00789165140652173,0.0144175422665949,"ENSMUSG00000055850"
44.1047677450542,-0.744397551021591,0.304795386585406,0.00790381122134595,0.0144381370285119,"ENSMUSG00000030674"
2003.07619726474,0.213260665820135,0.0807254231623457,0.00791791310102003,0.0144622744006288,"ENSMUSG00000044502"
750.782874509202,-0.264922534287346,0.100642333153723,0.00794519144242893,0.0145104708066709,"ENSMUSG00000033323"
1787.70421530805,-0.270282921777574,0.102830364515971,0.00795623311833808,0.0145290063608153,"ENSMUSG00000036941"
893.494420568183,-0.233628415133419,0.0886747214584272,0.00796258902653763,0.014538981960065,"ENSMUSG00000026974"
1285.89638278312,0.290083880946203,0.110240042195341,0.00800222350423421,0.0146097122254289,"ENSMUSG00000030657"
1366.47705360774,0.450929935232902,0.174668043292161,0.00800630439837523,0.0146155234940846,"ENSMUSG00000031618"
47.051297558232,0.691334728542891,0.279681350304676,0.00801771657732091,0.0146347152327461,"ENSMUSG00000029601"
1182.00862009543,-0.198933462123081,0.0754463216274534,0.00802054285759845,0.0146374031428005,"ENSMUSG00000005501"
2520.16916761073,-0.291811920441744,0.10928904458988,0.00802098759268834,0.0146374031428005,"ENSMUSG00000042807"
18.8621278147845,-0.995239350622505,0.437531827458309,0.00803091818756451,0.0146522401095242,"ENSMUSG00000051118"
55.8803569460651,-0.633255771953802,0.253996984754809,0.0080303462248915,0.0146522401095242,"ENSMUSG00000079710"
2282.07577435628,-0.31228601373648,0.119392184317781,0.00803408531928528,0.0146563757511292,"ENSMUSG00000019467"
701.49114598951,-0.363113118710822,0.139638977177162,0.00806110037078747,0.0147040107390944,"ENSMUSG00000063531"
8384.64382296082,-0.28574033875365,0.11094770876818,0.00806716980775629,0.0147134330678607,"ENSMUSG00000029840"
1469.79677635218,-0.341032337960298,0.13096599293017,0.00807788549391044,0.0147313264698492,"ENSMUSG00000037461"
417.364942182181,0.446587432366507,0.173206397217695,0.00807987343145621,0.0147333011893407,"ENSMUSG00000045875"
4621.28076957738,0.177338064358451,0.0672152206278322,0.008124783463807,0.0148135332912019,"ENSMUSG00000004798"
1583.2329034215,-0.218807112520354,0.0831908548236363,0.00812679055857508,0.0148155332862006,"ENSMUSG00000000078"
9.30805041749324,1.34213164626654,0.660838142501467,0.00813053282512054,0.0148206957813339,"ENSMUSG00000116715"
3929.18860612282,-0.193084917705059,0.0733437172332906,0.00813389682269817,0.0148251676721398,"ENSMUSG00000022400"
616.710641192796,0.39567537524637,0.152640797448729,0.00814327515560368,0.014840599303954,"ENSMUSG00000029720"
193.034916300712,-0.509656359871906,0.199936088874851,0.00814584484062207,0.0148436205435628,"ENSMUSG00000047867"
1327.68003085324,0.437974656339608,0.169906096646918,0.00815438840326924,0.014857525680369,"ENSMUSG00000045790"
64.4754054524072,-0.548270958637289,0.216425416416744,0.00816341396065506,0.0148723058143865,"ENSMUSG00000037737"
556.652717381891,0.316614952833062,0.121253485507626,0.00816687809244066,0.014876951834014,"ENSMUSG00000033429"
333.049723030834,-0.463568590206356,0.180900752561245,0.00817288639102586,0.0148862308015127,"ENSMUSG00000069184"
30.8836552932746,-0.910121506270525,0.392303505938003,0.00819361402447928,0.0149223147337742,"ENSMUSG00000118633"
4484.40830865734,-0.227265150311657,0.0865576242560062,0.00819646136059743,0.0149258304091962,"ENSMUSG00000034621"
237.436077116156,-0.350135202638149,0.134727201297082,0.00820890099767032,0.0149468110111944,"ENSMUSG00000021947"
430.216357933191,0.445942752932836,0.173400532062321,0.00821291981265494,0.0149524559568725,"ENSMUSG00000116207"
292.342083822941,0.413581430823722,0.160107204201791,0.00825603902415932,0.0150292779283455,"ENSMUSG00000020228"
281.532069272091,-0.466167183574026,0.182194417567061,0.00826441547091795,0.0150428441278768,"ENSMUSG00000107741"
4628.96903284828,-0.155776978733776,0.0592173112824725,0.00828148833202498,0.0150722346901501,"ENSMUSG00000073079"
86.7520375026763,0.972980605091291,0.431753596524685,0.00830507787795814,0.0151134776632088,"ENSMUSG00000063704"
1302.11097112036,0.263367785090937,0.100591575533099,0.00830888347368744,0.0151187128531952,"ENSMUSG00000039048"
1449.04678241172,0.321145659135315,0.125049650255777,0.00835364008156377,0.0151984523580748,"ENSMUSG00000067288"
959.061399500594,0.340681853490527,0.131158364779373,0.00837638748181731,0.0152381353854517,"ENSMUSG00000071757"
789.156633677094,0.302437663098787,0.116035118314633,0.00838062366721773,0.0152441381221332,"ENSMUSG00000035829"
27.5759218368118,0.823328183081708,0.346824451908907,0.00838763417193106,0.0152551853687926,"ENSMUSG00000044951"
529.909245629824,0.425365593889056,0.165359718076611,0.00838935312787112,0.0152566071070815,"ENSMUSG00000042797"
845.201514213095,-0.463623121305996,0.181464357355336,0.00839925141364646,0.0152729015316507,"ENSMUSG00000022893"
3644.27285516495,0.214682460151392,0.0825534107725498,0.00840200752156233,0.0152762066833454,"ENSMUSG00000003810"
548.586952008123,-0.493472341090017,0.194011598382381,0.0084042582455658,0.0152785923298325,"ENSMUSG00000032397"
2611.04851836716,-0.185033249023821,0.0705733710272945,0.00844302885349314,0.0153456480211212,"ENSMUSG00000024941"
4004.46464005871,0.187182428462928,0.0713494951997925,0.00844230645651204,0.0153456480211212,"ENSMUSG00000028932"
1560.65347472195,-0.274256575134213,0.10512264224462,0.00846542897893269,0.0153846436216441,"ENSMUSG00000022967"
424.468353442221,0.543368346008781,0.21530199904262,0.0084705432483403,0.0153922195798709,"ENSMUSG00000021786"
12.2316250874003,-1.63446935424179,0.922869880843901,0.00847290977408112,0.0153948013508754,"ENSMUSG00000026989"
5238.87572182807,0.214178248432132,0.0817811208236825,0.00847694821384521,0.0154004199804657,"ENSMUSG00000021178"
965.338688079504,-0.190537677113655,0.0727097164071546,0.00848084423888975,0.0154057786542403,"ENSMUSG00000053799"
5612.00255737295,-0.256055367006103,0.0982130872598349,0.00849076708248454,0.0154220828574742,"ENSMUSG00000063882"
151.56819574505,0.648821137102076,0.262722713874367,0.00853755734654095,0.0155053395611953,"ENSMUSG00000020709"
78.9939210575421,-0.772388329720124,0.323254836871506,0.00854142818799039,0.0155097228118283,"ENSMUSG00000000317"
665.614963617283,-0.436088290127506,0.170484842873217,0.00854187645951842,0.0155097228118283,"ENSMUSG00000016181"
20.8335010633557,1.66284943592839,0.974532832974903,0.00854393561630725,0.0155117314256357,"ENSMUSG00000000731"
3305.81243208128,-0.186350227532696,0.0711895110110304,0.00854570133195398,0.0155132069010312,"ENSMUSG00000041341"
112.914184814246,0.726683077772569,0.30014386492384,0.00854679409594584,0.0155134605590774,"ENSMUSG00000064307"
699.148073511002,-0.252712327852717,0.096990115464359,0.00855607653086073,0.0155285777421508,"ENSMUSG00000038080"
212.383766263223,-0.521586769065827,0.206550892321109,0.00857736515854467,0.015565479381359,"ENSMUSG00000055799"
897.245833128954,-0.287919647531442,0.110775956572356,0.00860566344478757,0.0156150919133042,"ENSMUSG00000050088"
5575.32479532317,-0.241637688287012,0.0927449384003147,0.0086269063013492,0.0156509945052208,"ENSMUSG00000035242"
303.551864727035,0.552989191939573,0.22006098071799,0.00862737275435225,0.0156509945052208,"ENSMUSG00000036106"
11552.6786930224,-0.245999266785806,0.0944705559235975,0.0086288369753418,0.0156519064279712,"ENSMUSG00000027189"
8126.99018450978,0.224630267220214,0.0860913151156783,0.00863179274700646,0.0156555233800302,"ENSMUSG00000000711"
243.642309353814,0.502369511534144,0.198381972814123,0.00863726971317386,0.0156637117191448,"ENSMUSG00000028088"
391.215158140362,0.36878232535059,0.143002096755687,0.00864317488635073,0.0156726747020182,"ENSMUSG00000022560"
3416.62706189688,0.310656290295994,0.118275778609079,0.0086728369289301,0.0157247092369263,"ENSMUSG00000014226"
1026.28250904733,-0.279901477612741,0.107766143991714,0.00872608142572813,0.0158194847363852,"ENSMUSG00000071267"
600.358643312034,0.346435390733214,0.13428521801981,0.00873894981549681,0.0158410495653293,"ENSMUSG00000035919"
9973.09218054602,0.21487156995426,0.0823871414017247,0.00874018112715652,0.0158415174688625,"ENSMUSG00000021096"
511.600221601471,0.301981468294569,0.116544391106805,0.00875562353627379,0.0158677399157721,"ENSMUSG00000036461"
1638.73357505107,-0.300807941304724,0.116204897968111,0.00880470212744591,0.0159549082968456,"ENSMUSG00000001627"
2437.78489496474,-0.16044743384966,0.0614672185840635,0.00880704023586859,0.0159573687621849,"ENSMUSG00000004069"
148.592423417203,-0.425794966743556,0.166792281179089,0.00881297446432361,0.0159663437206744,"ENSMUSG00000019850"
13.5347956380928,1.2012369631254,0.571692691648046,0.00881893570189345,0.0159753656082152,"ENSMUSG00000038670"
467.041266576582,0.32820784139204,0.127129561578814,0.00881994730654756,0.0159754203022122,"ENSMUSG00000010406"
584.511266110652,-0.418724186044291,0.164062485435846,0.00882160584021371,0.0159766466251668,"ENSMUSG00000048410"
865.742361103881,-0.218779010451418,0.083979402126135,0.00882354756366425,0.0159783854979783,"ENSMUSG00000030521"
162.892265109101,0.397098203413703,0.154997583679253,0.00883689064147192,0.0160007681715106,"ENSMUSG00000002227"
10579.3856980571,-0.141857873967405,0.0543501317655953,0.00885857307811518,0.0160382440847024,"ENSMUSG00000009394"
2508.99947686454,-0.256615773977853,0.098968245816918,0.00888022663666473,0.01607565938519,"ENSMUSG00000032422"
4823.30594644198,0.201285451494744,0.0773233694821233,0.00888867477797362,0.0160891635756538,"ENSMUSG00000027940"
1523.07135311811,0.206095238406921,0.079188069084097,0.00889354498567785,0.0160961891568673,"ENSMUSG00000002608"
1423.84437717481,-0.351754769712092,0.136886003233106,0.00891938607350081,0.0161405947603479,"ENSMUSG00000027284"
1540.07639624012,-0.209389440249651,0.0805583815590289,0.0089200633040969,0.0161405947603479,"ENSMUSG00000041712"
3066.3678920484,-0.187022773866631,0.071885190038125,0.00894122706345646,0.0161770917126758,"ENSMUSG00000012535"
8196.04718939196,-0.272240469926583,0.105225569866124,0.00895193269840486,0.0161946610874232,"ENSMUSG00000038886"
20.6955216303342,-0.910268582348199,0.397886040497856,0.00895639986148412,0.0162009419874695,"ENSMUSG00000101122"
1411.05349172043,-0.358485774980679,0.141994030294647,0.00899337362505581,0.0162660150965176,"ENSMUSG00000027534"
574.180401143929,-0.408798083536499,0.160331740160942,0.00902117339945349,0.0163144829014892,"ENSMUSG00000024742"
36.1846280208859,-0.951065170133405,0.422563988534031,0.00902957433190484,0.0163278616945953,"ENSMUSG00000043085"
189.705049235582,0.514567547030293,0.204835636458034,0.00903538270322561,0.0163365499992343,"ENSMUSG00000048445"
398.695800887039,-0.342586922528902,0.133525801786495,0.00903928739853585,0.0163417947882459,"ENSMUSG00000029687"
1068.46183305757,-0.214293125114377,0.0826105509986898,0.009051778443555,0.016362559634002,"ENSMUSG00000000384"
2101.20522919799,0.282808111044686,0.109326069185344,0.0090549054317305,0.0163663946943936,"ENSMUSG00000054874"
59.2427075507428,0.746781175025504,0.313820675997295,0.0090565726537742,0.0163675907247848,"ENSMUSG00000027074"
3515.01745141319,-0.332928433114657,0.12957757528039,0.00905784170287356,0.016368066967071,"ENSMUSG00000000552"
459.249590264747,-0.292679234194997,0.113508042887772,0.00906340853834496,0.0163763086010855,"ENSMUSG00000021120"
8086.12499466083,0.260576450984147,0.102993773232936,0.00908936817531447,0.0164213912494749,"ENSMUSG00000024862"
1214.92530983353,-0.29977586468816,0.116264023768646,0.0091011923532076,0.0164401509676798,"ENSMUSG00000005370"
366.705428062557,0.299257724423528,0.116088031551641,0.00910177174841693,0.0164401509676798,"ENSMUSG00000008167"
12.9431197093026,1.09597659149526,0.508614996802065,0.00911436547418799,0.0164610719171011,"ENSMUSG00000115856"
1811.9305532465,-0.274709718482317,0.106524507108444,0.00912407252761395,0.0164767753055802,"ENSMUSG00000012114"
1320.5223588813,-0.291980482170018,0.113331221650637,0.00913300978372454,0.0164910852201296,"ENSMUSG00000035757"
2336.80292073738,-0.218902336611979,0.0847046822014644,0.00916369101073011,0.0165446497640489,"ENSMUSG00000058240"
1917.98933373748,-0.286222205102774,0.111358852212445,0.00920464901317069,0.0166167546452692,"ENSMUSG00000018209"
832.503794913539,-0.234911880471239,0.0909181482486679,0.0092267125265005,0.0166547379137697,"ENSMUSG00000003848"
129.987446388055,0.569368333187796,0.229685224861404,0.0092410444152365,0.016678758287085,"ENSMUSG00000021763"
653.563361544793,-0.311355669189227,0.121198140026416,0.00925179450713327,0.0166963094220749,"ENSMUSG00000033721"
2162.03756680594,-0.284124106043481,0.110566258020661,0.00926431559338446,0.0167170523477566,"ENSMUSG00000053470"
90.822547004589,0.710097742542044,0.29520521032845,0.00927492494703875,0.0167343414196294,"ENSMUSG00000028600"
3894.72874554551,-0.263791579881388,0.102388053274296,0.00927984844864215,0.0167413690620633,"ENSMUSG00000024030"
5750.78096609633,0.228794967436035,0.0883186784298026,0.00933069118112633,0.016831226844678,"ENSMUSG00000020135"
1039.94619748388,-0.296206259774381,0.115399512296807,0.00936339317028331,0.0168883450444179,"ENSMUSG00000031904"
3207.86259454501,0.245402993101034,0.0947106078510222,0.00939961164775273,0.0169517924221271,"ENSMUSG00000062580"
50.7126540806283,-1.03746845804203,0.480330047323788,0.00940226978667206,0.0169547078306689,"ENSMUSG00000103800"
305.690008184726,0.598900766070462,0.243843617280267,0.00943038635794786,0.01700352560198,"ENSMUSG00000042251"
493.460332295708,0.239687279611742,0.0929549469078949,0.00943452055645951,0.0170090957601116,"ENSMUSG00000025209"
1522.46821111556,0.168332125243663,0.0650575610828375,0.00943757618768815,0.0170127203968093,"ENSMUSG00000028013"
1981.01710970535,-0.34704814933673,0.136063498676789,0.00944247319548942,0.0170196632350988,"ENSMUSG00000078903"
291.755705075246,0.291984006544745,0.113747608456134,0.00944799439913844,0.0170277294983587,"ENSMUSG00000029557"
9.66482346951144,-1.19404304539085,0.583708523983046,0.00947339665588599,0.0170716208086474,"ENSMUSG00000068860"
10.3944575726685,1.31340713996594,0.660678059280082,0.00947447369398505,0.0170716717722702,"ENSMUSG00000029868"
735.487252943976,-0.50552926355799,0.202675966076557,0.00947871367670233,0.0170774212760775,"ENSMUSG00000022960"
160.354417890468,-0.426174311313257,0.168817215728238,0.00948355293820668,0.0170842490845649,"ENSMUSG00000103906"
1534.94617028328,-0.254447170160433,0.0990024198178863,0.00949038842380604,0.0170946711035426,"ENSMUSG00000087403"
344.930073225593,-0.436148582471503,0.172898653958297,0.00951515513112843,0.0171373860615743,"ENSMUSG00000028329"
1104.06997783686,-0.341122459510526,0.133979685800317,0.00951873727755428,0.0171419410779985,"ENSMUSG00000063952"
19.6765019284653,0.960122953089733,0.429187425191178,0.00952285516373716,0.0171474597738179,"ENSMUSG00000020395"
68.0014794281073,0.730375880924627,0.306462076287949,0.00958055501675431,0.0172494496806467,"ENSMUSG00000031842"
273.926089498579,0.369161123010148,0.145205754838104,0.00959264052273706,0.0172692990963408,"ENSMUSG00000022863"
837.493957049174,-0.238018118352519,0.0926157425113238,0.00959830721405623,0.0172737694671539,"ENSMUSG00000020485"
870.099814432202,0.272897056464601,0.1065460993873,0.00959720220159737,0.0172737694671539,"ENSMUSG00000022453"
6272.91487565936,-0.212477055301838,0.0829222041642143,0.00959727193776355,0.0172737694671539,"ENSMUSG00000023353"
1925.90119974273,0.286152711530558,0.111649259964365,0.00959991398494619,0.0172747512543615,"ENSMUSG00000079435"
3204.50441332928,-0.170130580457915,0.0659974034041458,0.00963700685240398,0.0173395819104048,"ENSMUSG00000030754"
167.040394189709,-0.591034904309347,0.241074458543432,0.00966315874597726,0.017384714640475,"ENSMUSG00000032796"
5457.13236609231,-0.204118055731746,0.0793762401310227,0.00967617894758025,0.0174062151518081,"ENSMUSG00000020978"
957.040777844088,0.208688398821438,0.0810960621254568,0.00967735475257752,0.0174064067030339,"ENSMUSG00000003865"
2666.02315458535,-0.23812687293303,0.0928160577262604,0.00968612193252071,0.017420251112316,"ENSMUSG00000024387"
57.4815895500876,-0.632243812089186,0.260433538003171,0.00973249344240596,0.0175017154502303,"ENSMUSG00000073733"
162.894301589824,0.468827615460153,0.187465416703856,0.00976338466543151,0.0175553270279348,"ENSMUSG00000117406"
54.8504590282616,0.660571667643293,0.273603461831151,0.00976452155522153,0.0175554320605143,"ENSMUSG00000044320"
392.537582498962,-0.36965146257201,0.145890448296325,0.0097787166587583,0.0175790115705431,"ENSMUSG00000067818"
1570.57517869415,-0.324122002898197,0.127426744996557,0.00980344188182259,0.0176215135768891,"ENSMUSG00000056763"
309.632201806954,-0.364833387832787,0.143636864484835,0.00981829736246709,0.0176462674689455,"ENSMUSG00000029127"
1014.59198429839,-0.329107844789177,0.129543965334857,0.00985215451316398,0.017705163520124,"ENSMUSG00000003184"
48.0071137664928,-0.70716200754787,0.298716341512275,0.00985502763922816,0.017706475606554,"ENSMUSG00000026208"
128.158832696474,-0.628139251053245,0.259193611937513,0.00985506014223977,0.017706475606554,"ENSMUSG00000110344"
606.070143374227,0.361305181473313,0.142470730747963,0.0098690858938916,0.0177297185940589,"ENSMUSG00000025521"
174.032282184192,-0.374253453766004,0.148146047746265,0.00987755192665072,0.0177429695720614,"ENSMUSG00000031982"
30.3453722781306,0.822102543367418,0.356036619942547,0.00987951170214839,0.0177445317761858,"ENSMUSG00000070345"
3749.45689604304,0.387263785550354,0.153255351352185,0.00991260196944651,0.0178020007566913,"ENSMUSG00000024948"
55.1129208976026,0.972690258339141,0.445764964317692,0.00992095951996114,0.0178150445742887,"ENSMUSG00000023047"
23.0906570922476,-0.932508655544702,0.419447920052319,0.0100148816644448,0.0179817167145193,"ENSMUSG00000078184"
6476.47631313432,-0.455618084927731,0.182908007012394,0.0100275697768637,0.0180025124989288,"ENSMUSG00000038095"
528.188939601416,0.375158123530086,0.148523823507813,0.0100318583101238,0.0180082255814067,"ENSMUSG00000004085"
2189.45066152701,-0.218864906010984,0.0856053755193057,0.0100525692443231,0.0180434140653977,"ENSMUSG00000019854"
3446.05797991817,-0.246007915433281,0.0964029474187352,0.010053850107118,0.0180437234888277,"ENSMUSG00000000751"
1145.19207297559,-0.289020497220496,0.113418041753523,0.0100558507657772,0.0180453245248948,"ENSMUSG00000050229"
4096.94957730989,0.291083188603833,0.11436272466858,0.0101067820247857,0.0181347219796585,"ENSMUSG00000032449"
405.626622977553,-0.388547656345274,0.154464957937852,0.0101184623477149,0.0181536790583163,"ENSMUSG00000067071"
792.170746984947,0.270453586471233,0.105910993054355,0.0101241885799097,0.0181619508159324,"ENSMUSG00000027293"
1738.67533618002,-0.195657779068316,0.076512694965351,0.0101258320695745,0.0181628974576897,"ENSMUSG00000010517"
2015.51943631166,-0.27258205865691,0.107186681696026,0.0101455028364061,0.0181941715512855,"ENSMUSG00000038506"
25.0707835586507,0.795279442262569,0.342788680528844,0.0101448677674584,0.0181941715512855,"ENSMUSG00000071489"
22.1489427947425,0.915822634100406,0.410652093510982,0.0101642518454529,0.0182257866865259,"ENSMUSG00000059060"
1670.35273996871,-0.192689311261528,0.075414071044482,0.0101780803437752,0.0182485727322363,"ENSMUSG00000025868"
1075.62861882996,-0.238444915262744,0.093478946949578,0.0101843328257002,0.0182557614510239,"ENSMUSG00000029454"
64291.6687068113,0.328521322559374,0.129522668188176,0.0101832306145722,0.0182557614510239,"ENSMUSG00000044349"
48.044865234954,-0.575246310157276,0.235894904492062,0.0102024053530913,0.0182850429425427,"ENSMUSG00000009876"
15.4995891188534,-0.939458876671894,0.424339503269828,0.0102029146730013,0.0182850429425427,"ENSMUSG00000087303"
249.58084252178,0.319603375144178,0.12610420110845,0.0102105228917828,0.0182966635438617,"ENSMUSG00000042814"
281.900248918084,0.362784298239702,0.143969500962609,0.0102191151756073,0.018310044780246,"ENSMUSG00000026707"
2624.25758331401,0.259088718313224,0.101746400436705,0.0102275026724112,0.0183230561855063,"ENSMUSG00000024454"
774.161601766852,-0.346056590605781,0.13723255176103,0.0103107178784823,0.0184701073650198,"ENSMUSG00000060862"
1479.27109347558,-0.304658890548594,0.120304432320421,0.0103284240491191,0.0184997894665009,"ENSMUSG00000041915"
116.342464792257,-0.437353187268628,0.175491546744,0.0103368754138347,0.0185128900854221,"ENSMUSG00000000028"
95.9978712194687,0.469676540132542,0.189400519477155,0.0103492157923123,0.0185329521086093,"ENSMUSG00000022179"
38.9166856439016,0.776436058968417,0.334157341621571,0.0103572201803919,0.0185452458581476,"ENSMUSG00000071636"
1230.95047243685,-0.216862803160461,0.0851355857374828,0.0103665091519417,0.0185598367768705,"ENSMUSG00000035890"
11.9118092983055,-1.12938596958853,0.546900310405435,0.0103930255594208,0.0186052644953539,"ENSMUSG00000054885"
1488.31426290151,-0.320260818556252,0.126964403601948,0.0104341814418671,0.0186768864647804,"ENSMUSG00000092558"
88.6072170814727,-0.557511991307736,0.228968048428035,0.0104438442795802,0.018690072249671,"ENSMUSG00000030796"
1153.69345577505,0.263654699883256,0.103883279626879,0.0104431580178085,0.018690072249671,"ENSMUSG00000048234"
9843.40797364588,0.178600357884329,0.0702210103093458,0.0104636767869302,0.0187235056323677,"ENSMUSG00000036707"
432.886331240868,0.260600720351678,0.102698694049774,0.0104654360762445,0.0187245953450327,"ENSMUSG00000037966"
999.418209149729,0.296154894849497,0.117073003962827,0.0104874227638053,0.0187618713868801,"ENSMUSG00000054855"
2283.07725602851,-0.262193933282066,0.10348839185111,0.0104982582299878,0.0187791920294221,"ENSMUSG00000046727"
160.506531795765,0.367098736529155,0.146152740826056,0.0105197828508242,0.0188156274305809,"ENSMUSG00000056854"
276.774680009625,0.581590413420459,0.240139915778582,0.0105385003212787,0.018847034523157,"ENSMUSG00000061533"
395.57716524935,-0.269109840825291,0.106335819403218,0.0105413560232413,0.0188500706740988,"ENSMUSG00000075266"
1237.58722123587,-0.215415279860301,0.0848476074734043,0.0105709481768112,0.0189009110744873,"ENSMUSG00000001666"
226.522588771898,0.512657667809808,0.208685020605967,0.0105747570999069,0.0189056448184827,"ENSMUSG00000079657"
2076.62628893367,-0.218777740903108,0.0862248763059948,0.0105875420480093,0.0189264231778492,"ENSMUSG00000006418"
1874.38690063371,0.20555788779514,0.0809558560056432,0.0106120341374481,0.0189681225089909,"ENSMUSG00000015869"
5844.82018263139,0.180908158032628,0.07102570693051,0.0106153849637032,0.01897202859455,"ENSMUSG00000078923"
9.31316893480886,-1.36322397055378,0.722132701116203,0.0106858700309723,0.0190959043104805,"ENSMUSG00000015093"
31.1620620056392,-0.916219294805261,0.417854113504201,0.0106956287296346,0.0191112452756304,"ENSMUSG00000027901"
3297.51650914301,0.194703896840529,0.0766637740219774,0.0106991699440346,0.0191154745197009,"ENSMUSG00000022848"
13888.4006279146,-0.250190846529909,0.0988295143844071,0.0107161051889384,0.0191436304066658,"ENSMUSG00000038976"
1530.38861622364,-0.313665959678727,0.12475266904417,0.0107218267937519,0.0191517498681766,"ENSMUSG00000078878"
166.445222717159,0.506224075044561,0.206611461719321,0.0107269616010441,0.0191588195020623,"ENSMUSG00000031389"
15.4019092373339,0.982312519474393,0.452761135265682,0.0107343104433417,0.0191698415136276,"ENSMUSG00000048230"
310.115908048292,-0.315592470687676,0.125477820832178,0.0107372185492496,0.0191729314989782,"ENSMUSG00000053226"
4450.89096352936,0.292391839306751,0.115920045035995,0.0107435944670632,0.0191822124311567,"ENSMUSG00000062044"
344.166133757851,-0.376512883098744,0.150833498575399,0.0107796026725571,0.0192443926632907,"ENSMUSG00000026088"
239.01410044581,0.353830496232475,0.141319226931673,0.01078175845851,0.0192461305173402,"ENSMUSG00000001870"
796.09185439642,-0.215168540844257,0.0850245938276004,0.0108421507959491,0.0193518125719802,"ENSMUSG00000038279"
916.060859291949,-0.504390513185729,0.206185538514862,0.0108641275149288,0.0193889121464764,"ENSMUSG00000000948"
1593.75344588889,0.208296144007795,0.0822818771896214,0.0109034405618338,0.0194569398668637,"ENSMUSG00000031657"
535.967125731685,0.277826878580394,0.110299827483832,0.0109203101113496,0.0194849071569165,"ENSMUSG00000091722"
1647.03416941576,-0.309648991504142,0.123436910831286,0.0109505214145623,0.0195347980436805,"ENSMUSG00000038342"
58.6940376410578,0.912733708305993,0.415528647612473,0.0109506715904033,0.0195347980436805,"ENSMUSG00000114278"
837.854500426197,-0.199206270195484,0.0787773032763385,0.010959249050827,0.0195479570512121,"ENSMUSG00000010057"
4983.11215285536,-0.141104195426235,0.0556893082350096,0.0110072017685321,0.0196313389271575,"ENSMUSG00000029922"
572.079841718641,-0.286935344454921,0.114325029101216,0.0110469799480695,0.0197001248460424,"ENSMUSG00000024537"
3362.76209039273,0.154840596651085,0.0611209470947277,0.0110598559568799,0.0197209261984983,"ENSMUSG00000029613"
3834.01557081572,-0.224738060759114,0.0892020364230034,0.0110915085779866,0.0197752000692733,"ENSMUSG00000040028"
1076.5157061113,0.479243144137719,0.195413906550373,0.0110987401485352,0.0197859262006193,"ENSMUSG00000012296"
2293.85074847717,0.245384832589205,0.0974016287469368,0.011112298826393,0.0198079281971119,"ENSMUSG00000026620"
178.540058683464,-0.396478539752359,0.160042472590573,0.0111697196948339,0.0199081021780912,"ENSMUSG00000021541"
7469.93004710958,-0.20028160500007,0.0783064749685608,0.011187931036588,0.0199383776454543,"ENSMUSG00000030738"
859.790844061894,-0.29521820632678,0.117948830097474,0.0112251633815747,0.0200025407252625,"ENSMUSG00000036819"
1276.51283666487,0.376954433303495,0.151788343850529,0.0112439822383983,0.0200322824499652,"ENSMUSG00000018102"
1553.42856570851,-0.194341826926975,0.077056660381926,0.0112443153179342,0.0200322824499652,"ENSMUSG00000018848"
734.505888256405,-0.315979384297065,0.126566304319806,0.0112464957640709,0.0200339743978492,"ENSMUSG00000117924"
14978.4711375464,-0.259345852346118,0.102184392862804,0.0112822454522965,0.020095458088684,"ENSMUSG00000014592"
37.5460181455824,0.787322099642694,0.345914405045284,0.0112995066828919,0.020124001070472,"ENSMUSG00000023931"
4567.53691478399,0.202445507430555,0.0803305613902279,0.011337349542688,0.0201891889132344,"ENSMUSG00000029998"
1313.08232467717,0.26242001333541,0.104653806208883,0.0114005223304289,0.020299464285137,"ENSMUSG00000015882"
92.6433005080362,-0.509015931168128,0.209953756585638,0.0114539530442831,0.020392370956452,"ENSMUSG00000022615"
3944.19578748162,-0.236019220971909,0.0941721316388683,0.0114949261033039,0.0204630803925614,"ENSMUSG00000034928"
1673.7893673109,-0.282540168025817,0.113362438942535,0.0114978811095192,0.0204661026463372,"ENSMUSG00000072772"
14.4606412748172,1.27732018969839,0.673532682647767,0.0115346599640496,0.0205293237365842,"ENSMUSG00000045518"
1812.01432271345,-0.212006592904133,0.0845195317323954,0.0115364120428202,0.0205301973579345,"ENSMUSG00000031201"
6484.01657790451,0.249953878042084,0.0997765315824162,0.0115427278188491,0.0205391914555341,"ENSMUSG00000053510"
218.374780981004,0.516152598442584,0.212975154458899,0.0115875961211267,0.0206167766597116,"ENSMUSG00000022853"
23.1161357802959,0.924735608688989,0.425577577813975,0.0116178248629647,0.0206683008873595,"ENSMUSG00000089929"
2802.40618498265,-0.3571363082098,0.144304878813188,0.0116197450635028,0.0206694579984372,"ENSMUSG00000055782"
1854.83312561962,0.21627282203659,0.086242380681139,0.0116322843711912,0.0206895022939522,"ENSMUSG00000033933"
773.013261103834,0.485682223827709,0.199781109713126,0.0116465728225068,0.0207126529449104,"ENSMUSG00000035104"
27.1743028376052,0.819520302669581,0.36426866372642,0.0116621637566956,0.0207381146636979,"ENSMUSG00000067872"
217.119616879522,-0.376306265215906,0.15263989749874,0.0116634902773015,0.0207382080539501,"ENSMUSG00000029735"
2884.04799788822,-0.357613740916086,0.144681445973526,0.0117125049961391,0.0208230839151542,"ENSMUSG00000030237"
3715.03270464819,0.169754997136798,0.0675813326890498,0.0117296970168436,0.0208491506352351,"ENSMUSG00000020741"
5436.28881263606,-0.187681113828259,0.0748981280341324,0.0117297285610937,0.0208491506352351,"ENSMUSG00000036712"
832.433368432555,-0.330110752751405,0.132968445254655,0.0117457359454875,0.0208753236947969,"ENSMUSG00000046962"
1244.91994108205,0.542692163356294,0.225620337059899,0.0117499712014872,0.0208805710936472,"ENSMUSG00000021025"
2950.26619643832,-0.229751182897676,0.0919495371507856,0.0117681318476591,0.020910561097718,"ENSMUSG00000003234"
12.160924183788,1.18385199008566,0.607366999663527,0.0117731709789196,0.020917231739233,"ENSMUSG00000069581"
7593.28175805341,0.204953971136218,0.0817839858600518,0.0117942449838796,0.0209523867562579,"ENSMUSG00000022957"
117.774963845967,0.428443816998839,0.175006152872949,0.0118246792942668,0.021004160797913,"ENSMUSG00000046731"
60.9422509458915,-0.673807027391909,0.289752791843991,0.0118556273813471,0.0210568360625824,"ENSMUSG00000031994"
944.211508989303,-0.501472748357122,0.20771788028759,0.0118597503301582,0.0210618607761636,"ENSMUSG00000048732"
4573.43564077981,-0.258069660879673,0.106451090857864,0.0118902987680244,0.0211138085901496,"ENSMUSG00000022800"
5990.55977846395,-0.343003404177569,0.138920795047315,0.011900215021484,0.0211291121422029,"ENSMUSG00000031592"
282.473662596854,-0.35441955750334,0.143598571037382,0.0119058937995002,0.021136889439226,"ENSMUSG00000034429"
883.423457030588,-0.313061350461859,0.126400997921666,0.0119535827116144,0.021214611794555,"ENSMUSG00000022414"
4402.99862419858,-0.270221405713362,0.108640886554724,0.0119514016212596,0.021214611794555,"ENSMUSG00000028059"
75.292256647181,0.577408273654276,0.24254685547168,0.011953311174401,0.021214611794555,"ENSMUSG00000045679"
54.9674203070072,0.716633646292087,0.31280828698521,0.0119851096215476,0.0212682453308134,"ENSMUSG00000036928"
62.3694983752201,0.52214112104149,0.217214569271971,0.0120288551587771,0.0213435474465416,"ENSMUSG00000118559"
1428.5548363482,-0.182739279168363,0.0730742401146628,0.0120498562425335,0.0213784806447912,"ENSMUSG00000029500"
318.751160088323,0.315387342102222,0.127318087218363,0.0120542476690592,0.0213839411025443,"ENSMUSG00000038372"
17.4250914917402,1.08583809809335,0.534174154809922,0.0120835228942612,0.0214335388114618,"ENSMUSG00000046610"
23.238855634381,0.9297090821573,0.435315725693233,0.012086402252911,0.0214363102934065,"ENSMUSG00000010592"
2859.9453732118,-0.311997024728577,0.126183795007001,0.0120895141926749,0.0214394936298466,"ENSMUSG00000038582"
1819.51061498847,-0.32584033839059,0.131982229744003,0.0121047673860601,0.0214642051754124,"ENSMUSG00000036291"
3292.99800011627,-0.178531828032091,0.0714928805346085,0.0121138595173648,0.0214779877163341,"ENSMUSG00000029148"
776.111122220481,-0.23625367024086,0.0949709895411034,0.0121360926377417,0.0215150638158527,"ENSMUSG00000090553"
3468.9335342926,0.273209350608023,0.11004918059532,0.0121388243989915,0.0215175632763567,"ENSMUSG00000021824"
1047.44065896142,0.292979017516143,0.118154539363551,0.0121501673236915,0.0215353248796876,"ENSMUSG00000027327"
725.50797070449,-0.333122229457791,0.13523059987161,0.0121715327204484,0.0215708448147479,"ENSMUSG00000030888"
11378.3781081245,0.326813935071312,0.132277399372869,0.0121781183464588,0.0215801666061024,"ENSMUSG00000005871"
2464.45408835141,-0.262269488549871,0.105718735899169,0.012184420403244,0.0215889839255476,"ENSMUSG00000003068"
114.414640015234,0.423342997903877,0.173538906145971,0.0122043190644401,0.0216218878679751,"ENSMUSG00000045140"
3715.4169807649,-0.235316197005251,0.0948102984978612,0.0122112772146742,0.0216318609751298,"ENSMUSG00000028385"
2750.71925448955,0.444461837750429,0.182780732078791,0.0122231538674306,0.0216505439231813,"ENSMUSG00000047557"
721.676515635642,-0.3112070995592,0.126021641457978,0.0122251659721535,0.0216517518980214,"ENSMUSG00000102627"
3524.88919731228,0.152977665198861,0.0612362322454729,0.0122306919277535,0.0216591822454276,"ENSMUSG00000028416"
2403.96128229298,-0.185538482852479,0.0744777621494522,0.0122360367883528,0.0216662903122819,"ENSMUSG00000003813"
811.892062603953,-0.278795643737167,0.112789595117798,0.0122822538028143,0.0217457610835557,"ENSMUSG00000059689"
141.124619286052,0.543827940593027,0.227657481425159,0.0122948962442447,0.021765777168441,"ENSMUSG00000095440"
102.621286337041,-0.556428331566256,0.234014802821647,0.012305502993004,0.0217821854850065,"ENSMUSG00000078872"
4473.41480879318,0.336335400066399,0.136493077772313,0.0123082861204725,0.0217847430106613,"ENSMUSG00000032740"
9.73105571700217,-1.29215544639522,0.70920830767759,0.0123681388697525,0.0218882979475789,"ENSMUSG00000029530"
4259.40259014286,0.172286057573427,0.0691380000314876,0.012371386502334,0.0218916653424277,"ENSMUSG00000025224"
8.15404519204279,1.51943938492048,0.911086813325191,0.0124068861003416,0.021952096950148,"ENSMUSG00000038204"
1091.24091313776,-0.238503478366802,0.0962337574163868,0.0124158060476224,0.0219654918860121,"ENSMUSG00000036932"
729.993547501129,0.308426245217822,0.125049065034929,0.0124286811851962,0.0219858804969164,"ENSMUSG00000011837"
5382.85961328955,0.408010709384782,0.167455791628661,0.0124306637084804,0.0219869981361126,"ENSMUSG00000017009"
2271.2994655019,-0.20819976213596,0.0838312511984959,0.0124417422415086,0.0220042025431635,"ENSMUSG00000002658"
1453.84835652763,0.251218313045387,0.10115513369647,0.0124489843046392,0.0220122275158502,"ENSMUSG00000028923"
1929.50202920638,0.245353658149995,0.099069180732557,0.0124478328711117,0.0220122275158502,"ENSMUSG00000030842"
29.385956296343,-0.721926226164618,0.316762793284652,0.0124633613984381,0.0220352554408359,"ENSMUSG00000038037"
1280.54743491431,0.338515909163946,0.137764035786373,0.0124714584900226,0.0220471765096207,"ENSMUSG00000040721"
2620.78385705235,0.193516139044856,0.0778472076579258,0.0124900718221871,0.0220776836922099,"ENSMUSG00000018293"
1780.66220335836,-0.302604416227822,0.122940201127519,0.0125203645296897,0.0221288266899337,"ENSMUSG00000033964"
1126.68579521282,-0.252203007794524,0.101958463376335,0.0125306925742802,0.0221446763352657,"ENSMUSG00000022545"
1786.65004185877,-0.228713494417606,0.0923202784395024,0.0125414920332213,0.0221613555489335,"ENSMUSG00000031782"
32745.3732900028,0.352149341223431,0.143557627872337,0.0125600301901628,0.0221917042695615,"ENSMUSG00000015222"
1778.91385248568,-0.240654421813565,0.0973262823759235,0.0126025356521915,0.0222643884682411,"ENSMUSG00000021840"
9089.33969407273,-0.178532997711687,0.0720423485897062,0.0126079913018813,0.0222716095943597,"ENSMUSG00000051223"
196.518759371853,-0.342035260791365,0.139608887196752,0.0126465716407695,0.0223373364983122,"ENSMUSG00000035234"
343.529240759542,-0.294645370269923,0.119659794541778,0.012650990699993,0.0223427174367458,"ENSMUSG00000078974"
182.227650256538,0.65695412651426,0.2851998559749,0.01268932941963,0.0224079956924211,"ENSMUSG00000079227"
4482.30163748588,-0.205242770057407,0.0829270786440459,0.0126949760263231,0.0224155352811028,"ENSMUSG00000021832"
686.505839163122,-0.265084290211792,0.107515449821207,0.0126976816003682,0.0224178808124504,"ENSMUSG00000038047"
11061.2915820372,-0.227562234061606,0.0920806711974236,0.0127156822106847,0.0224472264424169,"ENSMUSG00000071659"
901.910235887473,0.2503313621813,0.101092044684891,0.0127322626858742,0.0224740589894448,"ENSMUSG00000033735"
1895.87575728787,-0.166012728179405,0.0669194175352557,0.012743909407015,0.0224921779602504,"ENSMUSG00000007038"
63.4591067744993,0.56410435629861,0.23856072994324,0.012754524684672,0.0225084727685484,"ENSMUSG00000073599"
669.009424296951,0.295600237317032,0.120188347996699,0.0127778745095777,0.0225472348256808,"ENSMUSG00000054716"
3470.74527748028,0.183735406159829,0.0746581288078081,0.012785983014885,0.0225590972811943,"ENSMUSG00000032802"
5999.68375922258,0.244828921593567,0.0991276465268637,0.0127881270906852,0.0225604348956512,"ENSMUSG00000020657"
10.8141106599487,1.10026565139288,0.548905180972214,0.0127948716429995,0.0225698873650569,"ENSMUSG00000108994"
340.385983707264,0.723181008202592,0.318467501533222,0.0128310296569919,0.0226312168985278,"ENSMUSG00000005057"
545.311139869623,0.308108955898562,0.125470822088899,0.0128531040399068,0.0226676952937814,"ENSMUSG00000040883"
472.373965925491,0.329361828143339,0.134574285311545,0.0128732929088293,0.0227008408590535,"ENSMUSG00000036372"
786.308419443912,-0.281005978105876,0.114251954128838,0.0128904673168261,0.0227286641013102,"ENSMUSG00000022704"
1810.47576228884,-0.210430820711124,0.085227194021012,0.0129062506295757,0.0227540287824361,"ENSMUSG00000028221"
819.912564784875,-0.242022040560493,0.0982023012436574,0.0129108328261833,0.0227596422725376,"ENSMUSG00000021326"
982.164621946556,-0.248911355455109,0.10107605662161,0.0129142264110888,0.0227631594498866,"ENSMUSG00000031358"
6344.29093913955,-0.26790718410137,0.10762496550945,0.0129182656275285,0.0227678137597347,"ENSMUSG00000004263"
37.6076388603332,-0.64943008870979,0.281480658581845,0.0129624351729683,0.0228431871544418,"ENSMUSG00000038217"
179.262969765827,-0.420695030478711,0.174082171561561,0.0129732113830498,0.0228597028462097,"ENSMUSG00000022070"
271.468339125353,-0.469016987225006,0.195649987099216,0.0129815533675553,0.0228719261518634,"ENSMUSG00000029027"
180.002092539498,0.356074605173329,0.146172241607643,0.0130025488122467,0.0229064382646917,"ENSMUSG00000029185"
689.757704725158,-0.278854182630015,0.11357530245291,0.013010861109045,0.022918601572669,"ENSMUSG00000018861"
25.5389870276311,1.00779887246833,0.494155184116698,0.0130206381028832,0.0229333420297266,"ENSMUSG00000020437"
520.255032575593,-0.387567018185962,0.159913649552929,0.0130490854117305,0.022980959897452,"ENSMUSG00000090093"
3577.80969716701,0.284696203255702,0.115947070128296,0.0130600501625873,0.0229977819717217,"ENSMUSG00000019054"
1990.75468097727,-0.181970081335809,0.0736382561477685,0.0130661039718312,0.0230059535374223,"ENSMUSG00000027411"
2794.24258641212,-0.219862885856363,0.0892600677586687,0.0130933534063643,0.0230473552727751,"ENSMUSG00000033307"
174.337695252157,0.469013387264151,0.195998637802723,0.0130938654357184,0.0230473552727751,"ENSMUSG00000039985"
1072.94800777549,-0.230017696665622,0.0934331688154443,0.0130911552914671,0.0230473552727751,"ENSMUSG00000066149"
4097.31434376693,-0.220452893192841,0.0895246964945274,0.0131030634358465,0.0230610516389565,"ENSMUSG00000027104"
4195.38380462716,0.159134261241161,0.0643542470033398,0.0131076823312909,0.023066686809595,"ENSMUSG00000032777"
641.220645224088,-0.378298013683926,0.15611778060762,0.0131424924964299,0.0231254451255958,"ENSMUSG00000049624"
2207.51737149382,-0.204909458790636,0.0831670558763025,0.0131531746249684,0.0231417397908815,"ENSMUSG00000046861"
27.6995568319684,-0.980060489135575,0.480968429417267,0.0131834585354111,0.0231925146481597,"ENSMUSG00000090113"
1211.94691350763,-0.23535995080495,0.09576759399283,0.013190585332333,0.0232025446336413,"ENSMUSG00000041765"
8817.08652087153,-0.174951666819304,0.0710555929359734,0.0132132282652263,0.0232398627446087,"ENSMUSG00000001687"
673.465791543295,-0.258748177342272,0.105541176946241,0.0132151539012126,0.023240738461964,"ENSMUSG00000025484"
94.6575772377421,-0.436508195387393,0.181905870653183,0.0132288245932342,0.0232622671198733,"ENSMUSG00000029338"
178.236480183938,0.447241344562432,0.186596992633593,0.0132640086245269,0.0233216172380697,"ENSMUSG00000034532"
2271.66130485786,-0.178987334072592,0.0726431462921032,0.013270342287378,0.0233302334759628,"ENSMUSG00000029128"
2483.21934894329,-0.242923790500917,0.0990010500618738,0.0132806055694129,0.0233457556651084,"ENSMUSG00000042202"
824.997425647615,0.394047471214367,0.163005352459562,0.0133007990193608,0.0233787286942182,"ENSMUSG00000029480"
2497.24006161113,0.173021566427872,0.0701674673688625,0.013310997829861,0.0233941289866635,"ENSMUSG00000028863"
3684.41032414066,0.234193311742437,0.0954055349943855,0.0133280677058288,0.0234216005738402,"ENSMUSG00000074582"
213.818993936534,-0.422902312674111,0.175891033652049,0.0133309050254764,0.0234240578588844,"ENSMUSG00000037525"
511.191078232479,0.417921218687138,0.173543744672657,0.0133349438194156,0.0234286255253585,"ENSMUSG00000055923"
1567.2645793077,0.361402307428784,0.148826389502937,0.0133403792940173,0.0234338067924453,"ENSMUSG00000041245"
266.900829576613,0.310754810512477,0.127374990659728,0.0133407720571072,0.0234338067924453,"ENSMUSG00000071078"
380.648314241733,0.459771600949998,0.192336417093092,0.0133510008676882,0.0234492438632097,"ENSMUSG00000020268"
3871.61590860607,-0.240870656905118,0.0981429946859706,0.0133568170438358,0.0234569282381659,"ENSMUSG00000021051"
1642.56856618097,-0.406916383195221,0.169052935551009,0.0133944882489605,0.023520547973741,"ENSMUSG00000017418"
10546.93550451,0.242182267222382,0.0999445746625971,0.0133997571119783,0.0235272620287761,"ENSMUSG00000025290"
13157.5716787752,0.16963265730538,0.0688128636845028,0.0134168641883341,0.023552217756681,"ENSMUSG00000001211"
1250.38731883996,-0.337686547721437,0.139069306818711,0.0134159886833698,0.023552217756681,"ENSMUSG00000037110"
331.167746237111,-0.973543709170584,0.475160993823195,0.0134396657648571,0.0235897001639361,"ENSMUSG00000028370"
891.953531312112,0.205171256383499,0.0835046858252583,0.0134763471408182,0.0236515340979234,"ENSMUSG00000037251"
5741.17592803799,0.26937005639821,0.110113332810109,0.0134796084029563,0.0236547073720702,"ENSMUSG00000022982"
878.69344245432,-0.208824647336021,0.0850817868649608,0.0134834881114158,0.0236589651264014,"ENSMUSG00000031337"
228.020305143696,0.344694447366654,0.142095958524744,0.0135025567987651,0.0236898706154665,"ENSMUSG00000037190"
1688.05457624895,-0.301764853539669,0.123940771005127,0.0135377773395707,0.0237491043790852,"ENSMUSG00000083380"
1436.44613351277,0.24001678617586,0.0980007861245237,0.0135498885739221,0.0237677894618862,"ENSMUSG00000041360"
2292.8713844967,0.366368318012797,0.151374512736919,0.0135525088646986,0.0237698242969037,"ENSMUSG00000027895"
151.729799851353,-0.539209084438798,0.229584823369898,0.0135554911869988,0.0237708546661297,"ENSMUSG00000026220"
1922.11604704246,-0.193280416427378,0.0787755542666192,0.0135560169471484,0.0237708546661297,"ENSMUSG00000030272"
1151.10314151747,-0.360179352771376,0.148793549078607,0.013594032362221,0.023832994391419,"ENSMUSG00000018433"
713.12508992073,-0.251109356313323,0.102759943282879,0.0135943821676082,0.023832994391419,"ENSMUSG00000026966"
630.858889674881,-0.308738837433331,0.127035258044087,0.0136065949818185,0.0238518364326988,"ENSMUSG00000043059"
34.4435081709328,-0.780790427757105,0.35376901642112,0.0136187347887365,0.0238705464510664,"ENSMUSG00000102059"
3443.16026295289,0.148866972528503,0.0605118201880633,0.013633257900511,0.0238934293824847,"ENSMUSG00000039067"
3967.6279371802,0.245812865911722,0.100489736692846,0.0136566685500686,0.0239293057758899,"ENSMUSG00000003429"
1093.58916526235,-0.272083663607221,0.111707822493671,0.0136565772711063,0.0239293057758899,"ENSMUSG00000018858"
21.3789442733294,-0.891644821561198,0.420862653756852,0.0137286909214668,0.024052914736803,"ENSMUSG00000019102"
1366.18186816784,-0.232502840588421,0.095204674949295,0.0137350318227848,0.024061434353346,"ENSMUSG00000021661"
1238.26436582386,0.290103203627285,0.119149146126612,0.0137365735173418,0.0240615456489067,"ENSMUSG00000068566"
498.002101354686,0.26116233747537,0.107020120977878,0.0137522314082444,0.0240863807686036,"ENSMUSG00000022120"
1423.80821099432,0.249854959334532,0.102354035830554,0.0137625266955761,0.0241018192093155,"ENSMUSG00000026705"
31.8585954053139,0.858483220131895,0.405134801492872,0.0137732276768987,0.0241170751650476,"ENSMUSG00000057132"
148.968662576363,0.564862116086632,0.241987144319216,0.0137742012415191,0.0241170751650476,"ENSMUSG00000057596"
378.557254823793,-0.264513778837805,0.108541213625487,0.0137888953867488,0.0241402063998169,"ENSMUSG00000006850"
3955.58187759789,-0.135711957465565,0.0552864787238227,0.0138499020780006,0.0242444032719317,"ENSMUSG00000034252"
326.125995161007,0.301524570718559,0.124181836857565,0.0138689225845748,0.0242731714452301,"ENSMUSG00000024732"
19.2669385716332,-0.832537582237429,0.385441671309991,0.0138693185656767,0.0242731714452301,"ENSMUSG00000027886"
2783.8676473578,-0.244338299745932,0.100603374605341,0.0138755964635454,0.0242815479717901,"ENSMUSG00000038517"
28.9311303596427,0.731635787869073,0.327742322812772,0.0138825538755455,0.024291111682912,"ENSMUSG00000061616"
2206.95689288515,0.210288130165081,0.0863784085634373,0.0139099576090846,0.0243364456105631,"ENSMUSG00000057554"
97.7952126186508,-0.586894633488985,0.253558587080191,0.013913903392832,0.0243407328778634,"ENSMUSG00000111696"
3710.88785948139,0.262046633683535,0.107558060698008,0.0139307523628775,0.0243675894007007,"ENSMUSG00000042700"
1376.09635931756,-0.218722435307169,0.0896420574304068,0.0139434802773915,0.0243872324009217,"ENSMUSG00000025340"
689.257832556561,0.294747509560783,0.121379278689722,0.0139475868787483,0.0243917940709351,"ENSMUSG00000027999"
2826.48221537081,-0.244649998746112,0.100965310144543,0.0139562233748797,0.0244042758724129,"ENSMUSG00000040782"
14.3414296751713,1.03734193461632,0.517445043868975,0.0140081874438357,0.0244925107637762,"ENSMUSG00000062545"
1636.22027455177,-0.252355093514474,0.10374832291299,0.0140112463757178,0.0244952280640033,"ENSMUSG00000015461"
3920.53444205022,-0.136271819788596,0.0556382651186452,0.0140312700625726,0.0245276003091233,"ENSMUSG00000025066"
1198.01302573685,-0.243605744537638,0.10008612564355,0.0140460250460376,0.0245507565445506,"ENSMUSG00000020248"
1458.57540009849,-0.353399195168712,0.146957518468257,0.0140756624115461,0.0245999176224123,"ENSMUSG00000027570"
1657.54994481121,0.278450647893383,0.114669005721054,0.0140821481314909,0.0246086105511979,"ENSMUSG00000048175"
876.296322973982,-0.405210076108982,0.169714913953976,0.0141163030294791,0.024665276115311,"ENSMUSG00000031295"
20.5817632337708,0.890877245263952,0.420356622639569,0.0141176052074181,0.024665276115311,"ENSMUSG00000031738"
802.33389577495,-0.202359457220179,0.0829836588267403,0.0141191741213206,0.0246653698590745,"ENSMUSG00000046679"
42.8303347152883,0.754957759718683,0.34113315241058,0.0141361930382883,0.0246924509365014,"ENSMUSG00000039481"
531.800257357644,0.21930767788035,0.0899600868699913,0.0141397035103078,0.0246959328048059,"ENSMUSG00000033728"
16.0453566018423,0.912032599203178,0.434282241001846,0.014165350797021,0.0247380731975011,"ENSMUSG00000074704"
1203.74122967197,-0.196065845265963,0.0804253710529751,0.0141717358077895,0.0247465689207463,"ENSMUSG00000035007"
2241.18352376681,-0.164560613144707,0.0673636193461963,0.0141952098678116,0.0247849003784445,"ENSMUSG00000008429"
150.875163656453,-0.550540921192117,0.236803569192764,0.0142221931780022,0.0248293501235007,"ENSMUSG00000082765"
106.953013890042,0.789749952092413,0.36219618169744,0.0142326948542997,0.0248450195000848,"ENSMUSG00000016028"
2742.42365806335,0.195683927695461,0.0804386588309016,0.0142563684251666,0.0248836763054752,"ENSMUSG00000031948"
30.0039576888781,0.923643274007291,0.451167283278423,0.0142700629965101,0.0249049089157491,"ENSMUSG00000031293"
1308.0457469297,0.209443803054905,0.0860016993434116,0.014293678273184,0.0249434492850439,"ENSMUSG00000010936"
29.4450798329386,0.683951853100637,0.303574867938304,0.0143355034949698,0.0250137555891433,"ENSMUSG00000056025"
1394.75450837646,-0.236266921146989,0.0973840139942877,0.0143672637576668,0.025066486543119,"ENSMUSG00000078919"
16.8153939950359,0.940321726622894,0.452643841115256,0.0143824589620185,0.0250903083253389,"ENSMUSG00000058046"
1777.45696368463,0.256951117429944,0.106070650914961,0.0143965669471679,0.0251122285432918,"ENSMUSG00000022604"
57.6597876189193,-0.577451612692642,0.249830005323211,0.0144083857214135,0.0251301513739601,"ENSMUSG00000040280"
1617.8324272092,0.171215101107175,0.0702328022070766,0.014416610246765,0.0251418021852196,"ENSMUSG00000069565"
685.154235878518,-0.258837612093174,0.106928894640475,0.0144258749400528,0.0251552643036079,"ENSMUSG00000049600"
205.95769806997,0.52419606789976,0.224325182401086,0.014438331614128,0.0251742889904429,"ENSMUSG00000023908"
11.7564729128284,1.19636028725883,0.658823032250029,0.0144556376333864,0.0252017638852162,"ENSMUSG00000078627"
6602.80951227428,-0.460228120521259,0.195077937768689,0.0144970356841424,0.025271230120633,"ENSMUSG00000021313"
3226.26230368117,-0.179571922177179,0.0738673662351304,0.0145152165969832,0.0253002137022907,"ENSMUSG00000028580"
150.305606443413,-0.455165785018086,0.192786607962238,0.0145441855173839,0.0253479927036375,"ENSMUSG00000054967"
117.586140547306,0.440834980820611,0.186257122374879,0.0145581902382637,0.0253696842627616,"ENSMUSG00000060063"
11165.1256201453,-0.21974746514823,0.0906345138958737,0.0145883012421193,0.0254194356261205,"ENSMUSG00000020900"
2322.69162094463,-0.173880098271857,0.0715646271955374,0.0146398409468882,0.0255065108566248,"ENSMUSG00000022587"
1432.95628545384,-0.213245011866703,0.0879748076466627,0.0146474261795999,0.025516995221696,"ENSMUSG00000008301"
145.90255616314,0.367498898323113,0.153656155699231,0.0146615436261664,0.0255388557674411,"ENSMUSG00000092118"
25.7190996808985,0.83483084464322,0.391060740800175,0.0146685232762384,0.0255482796801421,"ENSMUSG00000027344"
1022.59351308011,-0.173883853406808,0.0715544354414402,0.0146712775323267,0.0255503429625777,"ENSMUSG00000019809"
670.129942285116,-0.383488646021159,0.161133982403368,0.0146852441585568,0.0255719302966397,"ENSMUSG00000031928"
739.662712506536,0.249438517264603,0.103167440684763,0.0147190492216305,0.0256280546828218,"ENSMUSG00000031984"
80.9654473253691,-0.590764431413006,0.258181696206303,0.014793301882431,0.0257545848173488,"ENSMUSG00000079494"
2640.2935082683,-0.246647635901922,0.102191610195283,0.0148190267298038,0.0257966118177464,"ENSMUSG00000040506"
3743.59956751617,-0.229537026692273,0.095136840994268,0.0148206882813963,0.025796745492362,"ENSMUSG00000028434"
16.0655331242078,0.931274175686737,0.450603651993578,0.0148330088350119,0.0258154301097321,"ENSMUSG00000112328"
3444.75145275198,-0.125764492743489,0.0517943350710653,0.0148795881897518,0.0258937285175091,"ENSMUSG00000025246"
22.9152588095399,1.05528481761913,0.552469441373552,0.0149125307793621,0.0259482817772801,"ENSMUSG00000041538"
3857.22286692801,0.185677918133237,0.0766836467700831,0.0149570636369527,0.0260229886577935,"ENSMUSG00000047085"
1966.2121130934,0.195998512642889,0.0810092915318291,0.0149907097203206,0.0260787402829303,"ENSMUSG00000042628"
2160.53138206703,0.243068216051221,0.100896709036908,0.0150344115032507,0.0261499051254356,"ENSMUSG00000031732"
14.0635060621421,-0.994685553647983,0.497496203808437,0.0150348299587758,0.0261499051254356,"ENSMUSG00000071347"
977.972346035531,0.235482846617227,0.0976140193513941,0.0150803151694454,0.0262262147786573,"ENSMUSG00000028062"
7.36936222756322,1.34618107950404,0.792576231611616,0.0150923433131827,0.0262415413967452,"ENSMUSG00000027547"
10.9969387220462,1.07292656962811,0.555293551837903,0.0150923522887534,0.0262415413967452,"ENSMUSG00000074269"
66.3186309037628,0.804164594302867,0.376863614310063,0.015103007324519,0.026257262974316,"ENSMUSG00000037627"
552.91261498767,0.43937401969391,0.186626085615659,0.0151125948489934,0.0262711254754288,"ENSMUSG00000099041"
13.7942622109036,1.00722253250565,0.50486773603773,0.015115964496543,0.0262741772637188,"ENSMUSG00000045291"
1569.57165399045,0.25256884026262,0.104899699051227,0.0151214070016105,0.026280831002799,"ENSMUSG00000035754"
7101.03236173174,0.207809209487084,0.0860083490679035,0.0151261229931718,0.0262862207839062,"ENSMUSG00000079215"
32.4666880052053,-0.931376979533506,0.454851331256867,0.0151351088584874,0.0262990288213555,"ENSMUSG00000001815"
747.140926091406,-0.286127490256984,0.119380026729958,0.0151431150469144,0.0263101320027401,"ENSMUSG00000022793"
299.990973159003,-0.318974025321508,0.133530696389536,0.0151794420642372,0.0263704330759503,"ENSMUSG00000030722"
911.944100656659,-0.225055388287143,0.0934716566933884,0.0151813051735495,0.0263708553638928,"ENSMUSG00000026281"
86.0932263291076,-0.919515483779283,0.449676580480663,0.0152024694234713,0.0264048012457603,"ENSMUSG00000035000"
1511.93743588547,-0.221495789020969,0.0920171297257515,0.015230854812378,0.0264512807677253,"ENSMUSG00000028857"
47.2370075074437,-0.586222569946365,0.256862920618544,0.0152418744239833,0.0264675946099425,"ENSMUSG00000027670"
14.7315180056273,1.05822165512455,0.547402772510599,0.0152915293467642,0.0265509882353736,"ENSMUSG00000071724"
2557.93128560939,0.184855333213818,0.0765698175634807,0.0153534537452108,0.0266556655358939,"ENSMUSG00000008475"
2194.244127152,-0.24743227975382,0.103089323431175,0.0153555835466067,0.0266565200993563,"ENSMUSG00000020440"
710.037196902164,-0.340229804425297,0.143178070138911,0.0153650306613491,0.0266700756137173,"ENSMUSG00000054737"
11.6043292579832,1.07391291051529,0.550974161694959,0.015367089193111,0.0266708047644164,"ENSMUSG00000090084"
1404.0726604951,-0.221774084499809,0.0922358529069556,0.0153690029462104,0.0266712825115579,"ENSMUSG00000029722"
175.96310178691,-0.401287738349415,0.170260460480269,0.0153758236954411,0.0266774310503508,"ENSMUSG00000098022"
586.320334554542,-0.354315184224888,0.149341297939076,0.0153758130396231,0.0266774310503508,"ENSMUSG00000103567"
31.7046962054494,0.702525249948547,0.317112536636487,0.0153802669198056,0.0266822961654689,"ENSMUSG00000070891"
1540.28175742232,-0.196517378065412,0.081602546610653,0.0153833528409565,0.0266846631802974,"ENSMUSG00000025078"
3328.18080816359,0.235486308473225,0.097880990470345,0.0153849099365457,0.0266846631802974,"ENSMUSG00000046432"
1679.32496070021,-0.162620580812558,0.0674374340497752,0.0154123672455676,0.0267294389541177,"ENSMUSG00000034216"
18.4657727140482,-0.956871860565702,0.472480887254792,0.0154204014082531,0.0267405235030941,"ENSMUSG00000049103"
19.8081757168099,0.902407532578796,0.437774509671454,0.0154653312543282,0.0268155796930075,"ENSMUSG00000039377"
12098.4089840421,0.258883575108157,0.108026292304844,0.0155369888656193,0.0269369586489031,"ENSMUSG00000040265"
11514.604129799,-0.184074725982458,0.0764840626805856,0.0155458481916772,0.0269494480153484,"ENSMUSG00000089715"
1132.84311661235,-0.264579899636867,0.110587972840404,0.015561555405513,0.0269719024799735,"ENSMUSG00000002014"
486.524683967083,-0.434391839150216,0.185461068494235,0.0155621150074893,0.0269719024799735,"ENSMUSG00000048939"
68.0001468084735,-0.794159640747172,0.371844738916468,0.0156375973968215,0.0270998414165293,"ENSMUSG00000030074"
8096.38992291556,-0.803104761353795,0.375671568257816,0.0156472183821,0.027113627935259,"ENSMUSG00000004110"
866.461374794275,-0.246937078581821,0.103179069054718,0.0156526318093443,0.027120121404205,"ENSMUSG00000021646"
65.6873764351709,0.558706582106167,0.245004078557903,0.0156933054225568,0.0271876996241358,"ENSMUSG00000006345"
4441.92323369667,0.22493588424974,0.0938276743143007,0.015697834970454,0.0271905106373862,"ENSMUSG00000054008"
2439.80926071298,-0.150076608095476,0.0621607760734881,0.0156982687658285,0.0271905106373862,"ENSMUSG00000079157"
1239.12153887828,-0.26452776128286,0.110969597030587,0.0157085872925412,0.0272054882378962,"ENSMUSG00000036834"
1522.33395192793,0.255209116193518,0.106673851402221,0.0157211510803852,0.0272243507751606,"ENSMUSG00000059482"
2387.68988867268,-0.186145120634421,0.0775352638095961,0.0157327663667567,0.0272415669522461,"ENSMUSG00000003437"
3311.6784992175,-0.248545264351188,0.103992730531534,0.0157464713818797,0.0272623974850285,"ENSMUSG00000024940"
2103.17862347707,-0.239806207303012,0.100274944037947,0.0157712689628066,0.0273024264784182,"ENSMUSG00000037013"
1017.0447101898,-0.263416032969152,0.11027856156506,0.0157857678519492,0.0273246202779699,"ENSMUSG00000062797"
581.737837872742,0.337937640120006,0.142548294335587,0.015810674795981,0.0273648234267921,"ENSMUSG00000047721"
8476.18526247752,-0.304042258274137,0.127207979705193,0.0158518636730452,0.0274331954996629,"ENSMUSG00000032393"
1196.07944676528,0.278471164844186,0.11678826824713,0.0158587310485021,0.0274421626456381,"ENSMUSG00000001642"
14.8671161899308,0.951455185243394,0.474703738852837,0.0158971617370897,0.0275057396637273,"ENSMUSG00000035085"
313.579817402531,-0.351252255739038,0.148797609170361,0.0159153580828767,0.0275342968299572,"ENSMUSG00000062210"
2304.61186962552,0.243277184047075,0.101764325626134,0.0159234834428555,0.0275454265125189,"ENSMUSG00000028982"
1522.627758558,-0.189026441593342,0.0788893293938325,0.0159416633233224,0.027573944913085,"ENSMUSG00000033808"
808.252751438381,-0.517244428328047,0.2252512875844,0.015947517484934,0.0275811399935992,"ENSMUSG00000001930"
188.368994382707,0.335158414489297,0.14152322209136,0.0159647554984369,0.0276050871046904,"ENSMUSG00000045498"
900.52386101725,-0.24979470783896,0.104744852877294,0.0159639949680427,0.0276050871046904,"ENSMUSG00000099689"
2097.86613167803,-0.182304680223803,0.0760576682955398,0.0159691112693763,0.0276096859525128,"ENSMUSG00000003235"
3537.84413503801,-0.192180799838134,0.0802406112764955,0.0159755698074858,0.0276179190023634,"ENSMUSG00000053641"
14210.5792148643,-0.137685426523574,0.057321357368805,0.0159827183542197,0.0276273430359976,"ENSMUSG00000020402"
37.6846161517124,-0.72699472024635,0.333745011044292,0.0159991442366177,0.0276527999451755,"ENSMUSG00000094958"
2551.41815762134,-0.219677904317909,0.0920350179392367,0.0161245042582519,0.0278665124021471,"ENSMUSG00000053768"
497.335023556935,-0.288306982332514,0.121547662431606,0.0161611801417906,0.0279269310348266,"ENSMUSG00000036513"
61.1023184945905,-0.648880083126335,0.293159324782217,0.0161646994053968,0.0279300474388121,"ENSMUSG00000020185"
1829.68336259058,0.243185639995786,0.101722547655068,0.0161753497251545,0.027945483212276,"ENSMUSG00000029617"
1007.84033245562,-0.274632181374251,0.115603498022848,0.0161881325051509,0.0279626547868131,"ENSMUSG00000029389"
313.492764498745,0.298773312434564,0.125912900484082,0.0161887245798579,0.0279626547868131,"ENSMUSG00000048440"
1118.45030663848,-0.184253760306337,0.0770859721905087,0.0161936454630796,0.0279652196953118,"ENSMUSG00000036615"
3580.43652956897,0.40994494549535,0.175140799162381,0.0161922734503339,0.0279652196953118,"ENSMUSG00000067786"
4535.65235339248,0.193889803917044,0.0810444187022224,0.0162045172298217,0.0279810259326442,"ENSMUSG00000028525"
1191.89711219323,-0.187160893004123,0.0783055577834474,0.016209465755727,0.0279854304731565,"ENSMUSG00000060679"
11.424585505667,-1.16725956329563,0.64259081460681,0.0162105064462091,0.0279854304731565,"ENSMUSG00000112196"
783.875911292902,-0.289532053115791,0.122183399819376,0.016244206797825,0.028040636082184,"ENSMUSG00000079555"
33.0924431377585,-0.752195196635275,0.350270171492686,0.0163177413961168,0.0281645842907422,"ENSMUSG00000041189"
1343.16478010201,-0.376851409991739,0.160789326574104,0.0163472982529878,0.0282126082445012,"ENSMUSG00000045777"
70.3985608627013,-0.596887737512337,0.266125993527247,0.0163513688265881,0.0282166417639353,"ENSMUSG00000063953"
989.038396211742,-0.185213793232716,0.0775556158594486,0.0163557155379253,0.0282211508931893,"ENSMUSG00000022339"
133.507187004232,-0.56563427458388,0.25005615015454,0.0163820654096552,0.0282636206399966,"ENSMUSG00000074529"
2765.48404386615,0.241231532503098,0.101391130302979,0.0164353063081518,0.0283524709711842,"ENSMUSG00000061046"
325.532152740957,-0.283743583614217,0.119873982760183,0.0164498741135499,0.0283745947674435,"ENSMUSG00000057396"
2458.03844948362,0.215242761802141,0.0903440533582046,0.0164737299097609,0.028412733150147,"ENSMUSG00000028757"
860.555863066261,-0.22805927904464,0.0959004427827228,0.01648218848101,0.0284243102122981,"ENSMUSG00000049643"
379.804623784294,0.248002031428833,0.104373240690695,0.0165023473427958,0.028456060386232,"ENSMUSG00000021318"
3407.52255823782,0.256081675754559,0.107831118833049,0.0165139034011769,0.028472971037428,"ENSMUSG00000005575"
1945.75668655038,0.180895680200096,0.0758416656298743,0.0165609628608746,0.0285510859404063,"ENSMUSG00000024146"
142.879965376457,0.364183555564415,0.155343194522395,0.0165970567815449,0.0286102817208501,"ENSMUSG00000025358"
2172.32420943382,-0.290070713203032,0.122863600140244,0.0166244709207829,0.0286545041982745,"ENSMUSG00000048878"
402.985227835915,-0.304260185633931,0.129091178613199,0.0166288176858166,0.0286589618093937,"ENSMUSG00000062054"
108.148841418271,0.507264196204503,0.222090353735266,0.0166342743933708,0.0286653312063614,"ENSMUSG00000005983"
127.572218297913,-0.500500748149908,0.218651068114113,0.0166710108169848,0.0287255969174212,"ENSMUSG00000055489"
1288.9177253302,-0.178560876132756,0.0750190303712304,0.0167417022069256,0.028844351029248,"ENSMUSG00000020375"
6055.7613373858,-0.20803676971677,0.0876400068863757,0.0168035707542166,0.0289478807003003,"ENSMUSG00000024392"
106.137976672121,0.416268196046461,0.179383631096873,0.0168154079799282,0.0289652075235208,"ENSMUSG00000027469"
262.11197503846,-0.600644686989843,0.269228334252949,0.0168439411971837,0.0290112871450383,"ENSMUSG00000116632"
2387.89246728879,0.139165458607617,0.058379794703464,0.0168486029722798,0.029016246210619,"ENSMUSG00000006169"
142.446833319558,0.438847682750874,0.189725082640216,0.0168554127327863,0.0290249030428748,"ENSMUSG00000006715"
587.65421830745,-0.31711433605219,0.134879003256024,0.0168590376401443,0.0290280743289897,"ENSMUSG00000019794"
786.912380887363,-0.314746011937234,0.133842377245322,0.0168706906457086,0.029045066349111,"ENSMUSG00000029659"
1511.13897096677,-0.165772719919052,0.06963225844499,0.0168920299779786,0.0290756544339152,"ENSMUSG00000031402"
87.1774408876847,0.637943257238686,0.287731991726104,0.0168919774687934,0.0290756544339152,"ENSMUSG00000079396"
61.5105371133645,0.522736621358245,0.229707430160351,0.0169561815313711,0.0291829903750961,"ENSMUSG00000048772"
909.132775366636,0.185858305681805,0.0782371095004859,0.01698141538894,0.0292233301301581,"ENSMUSG00000028057"
22.7888659990389,0.875806073940001,0.426723410635843,0.0169835363439474,0.0292238905503992,"ENSMUSG00000094152"
1607.76302124911,-0.203187734085679,0.0857387856070485,0.0170321512679548,0.0293044454433747,"ENSMUSG00000031556"
416.616614969169,0.257404594867033,0.109006404763409,0.0170420725279684,0.0293184164669488,"ENSMUSG00000039519"
11.3105731440411,1.07908768486642,0.575967547613331,0.0170508555135743,0.0293304265085029,"ENSMUSG00000089984"
11682.8489268754,-0.154821758955839,0.0652354863786665,0.0170960391717245,0.0294050428610874,"ENSMUSG00000068823"
1905.77870671426,-0.217916836830747,0.0920719430480385,0.0171128414402366,0.0294277237443664,"ENSMUSG00000017376"
840.303505694497,0.301244655818934,0.128110432250966,0.0171122224734119,0.0294277237443664,"ENSMUSG00000023806"
1148.19859705047,0.239049316093607,0.10035268428775,0.0171380144513071,0.0294678989371898,"ENSMUSG00000037971"
379.248493964739,-0.246202897614519,0.104337348068101,0.0171786670868132,0.0295346792183296,"ENSMUSG00000031832"
1800.39284918217,-0.255853157161914,0.108607325977455,0.0172286565205142,0.0296174961285172,"ENSMUSG00000025059"
2329.88028290129,-0.186756838768972,0.0788851073396625,0.0172645930614454,0.0296761400057242,"ENSMUSG00000028911"
12.895714088785,-1.18164812286999,0.68623357008415,0.017293612389423,0.0297228827446973,"ENSMUSG00000091844"
40.6225881238359,0.798937574552074,0.384217767827888,0.0173214642916643,0.0297644669840296,"ENSMUSG00000024107"
441.936728270281,-0.454718644784218,0.198259596717915,0.0173196478268211,0.0297644669840296,"ENSMUSG00000067719"
1417.44779520211,0.222442871676684,0.0941698862033831,0.0173235493071532,0.029764907707604,"ENSMUSG00000062981"
4697.74479689337,0.258860233112365,0.109894300152343,0.0173534389130804,0.0298131164777966,"ENSMUSG00000027479"
16886.3531491142,0.168253051330766,0.0709600368973074,0.0174111224640401,0.029909059884935,"ENSMUSG00000035901"
1608.86399912924,-0.177272025638155,0.0749281942903164,0.0174158126371969,0.0299139599143497,"ENSMUSG00000061104"
1147.11113095069,0.40176741027323,0.173643278342282,0.0174670437693055,0.029998790723439,"ENSMUSG00000037410"
2390.462609245,0.229285791129219,0.0972244499531873,0.0174778483180674,0.0300141802849985,"ENSMUSG00000056185"
1020.64298014914,-0.218801589079172,0.0928555346154179,0.0174981749225134,0.0300459168131512,"ENSMUSG00000029569"
33.8957528013174,0.841759545224522,0.412554833589529,0.017528098952875,0.0300941245390676,"ENSMUSG00000015702"
13.3493292508862,-1.03586863072561,0.548472396626185,0.0176243543738434,0.0302561949480514,"ENSMUSG00000104876"
16.8646559782164,0.832413078667356,0.403034227249295,0.0176443494827805,0.0302873268881895,"ENSMUSG00000111259"
143.054365713674,0.430657058244936,0.187328852553342,0.0176660083264909,0.0303213078383191,"ENSMUSG00000110949"
238.697781629144,0.397574002676557,0.172006662517152,0.0176682643779521,0.0303219828723569,"ENSMUSG00000035769"
1366.50694688822,-0.241363394261856,0.102830948638558,0.0176934010513312,0.0303619209691724,"ENSMUSG00000042472"
921.751265856539,0.428166078353281,0.186329199922439,0.0177428983964679,0.0304436492144729,"ENSMUSG00000036833"
788.458952519906,-0.209321514089323,0.0889588255440124,0.0177627862640714,0.0304745610040634,"ENSMUSG00000021494"
294.30411143385,0.285596394823105,0.122051395187479,0.017771377760566,0.030486087805511,"ENSMUSG00000022751"
1365.42705036971,-0.379826605928056,0.164470212344959,0.0177798760058162,0.0304974522257825,"ENSMUSG00000069094"
17.8159644644256,-0.867143960284756,0.43228190516988,0.0177864665580783,0.030505542369866,"ENSMUSG00000033987"
1451.47941225523,0.266342544505101,0.113466050484397,0.0178031630708308,0.030530961701115,"ENSMUSG00000052557"
2962.94599853316,0.162315714231202,0.0687505697728394,0.0178050577690896,0.0305309944554136,"ENSMUSG00000031666"
3919.94269491234,-0.261806572836435,0.111762955536607,0.0178109194937257,0.0305378288939189,"ENSMUSG00000019790"
5063.70746365332,-0.321039347346461,0.137935619346426,0.0178259796067125,0.0305604313889485,"ENSMUSG00000019699"
223.170139100096,-0.538176327171557,0.23984371318504,0.0178735498601197,0.0306387578583645,"ENSMUSG00000026840"
3897.27530333841,-0.257044748772034,0.107046695659475,0.0179006676182879,0.0306820119501411,"ENSMUSG00000020451"
555.641335313655,0.257333406271303,0.109815333066663,0.0179073632282741,0.0306902567519316,"ENSMUSG00000072653"
1070.51199143943,0.2300587767954,0.0978938249229921,0.0179206714311478,0.0307098315144989,"ENSMUSG00000026209"
26.3810324951647,-0.696839020657935,0.32378421216917,0.0179455053155361,0.0307491511080312,"ENSMUSG00000019779"
310.62304585802,-0.257203528705213,0.109829872576033,0.0179603383994516,0.0307713281198056,"ENSMUSG00000002147"
14047.2236150142,-0.411537965119024,0.179362119469109,0.0179672085224535,0.0307798590116289,"ENSMUSG00000025757"
15.3012449641464,0.997183072958976,0.521016260607482,0.0179715924517988,0.0307841294254847,"ENSMUSG00000022803"
2253.23208429702,0.177045531716788,0.0751905982044624,0.0180242280475322,0.0308710421041382,"ENSMUSG00000022679"
727.162712285401,-0.388636919434048,0.168974673830499,0.0180306755968721,0.0308788361247642,"ENSMUSG00000070532"
567.884818828906,-0.291299305731924,0.124949627142139,0.0180537324386004,0.0309150701278705,"ENSMUSG00000001436"
1905.4587437323,-0.179222524789581,0.0762220443660533,0.018069923847491,0.0309395414315198,"ENSMUSG00000020386"
1021.63377115745,-0.264837918323487,0.113369342602564,0.0180754010027166,0.0309456644428082,"ENSMUSG00000013822"
10.8039138957767,-1.08409047012421,0.590196114358445,0.018112363665749,0.0310056846935601,"ENSMUSG00000047143"
1690.71026303433,-0.245241642329574,0.104850553191381,0.0181563844267039,0.0310777734698093,"ENSMUSG00000011306"
230.159233513724,-0.409282584923085,0.178564381171933,0.0181679128604163,0.0310942367302971,"ENSMUSG00000022948"
25.6282559196282,0.784817309942933,0.375303841968612,0.0181755927314659,0.0311041104376369,"ENSMUSG00000089840"
821.892238104796,0.2559553346179,0.109459961615357,0.0181951376337331,0.0311310122348022,"ENSMUSG00000024414"
1272.20926096067,-0.239411937881773,0.10235663220897,0.0181944663646838,0.0311310122348022,"ENSMUSG00000037029"
356.590598345609,0.416985868747503,0.181938145067087,0.0181983680144176,0.0311332668984434,"ENSMUSG00000005803"
3491.33269429302,-0.185009292146055,0.0787983620593729,0.0182049918644322,0.0311413259320332,"ENSMUSG00000028953"
1352.70491537561,0.279551228379304,0.118817888579736,0.0182356573769786,0.031187227440897,"ENSMUSG00000054976"
4368.30470959831,0.205355181541952,0.0875055411618258,0.0182349412115756,0.031187227440897,"ENSMUSG00000062444"
288.24761665982,0.467737850361072,0.205905383248432,0.0182445613319339,0.0311956702031957,"ENSMUSG00000026077"
7268.90959011583,-0.385547350596799,0.167807426756513,0.0182434803346498,0.0311956702031957,"ENSMUSG00000034156"
1796.74714676566,0.288438735947238,0.123765908408962,0.0182463432857001,0.0311956702031957,"ENSMUSG00000053581"
28.5642016734338,0.817527378028081,0.397611071756082,0.0182495108049362,0.0311978089563907,"ENSMUSG00000026117"
22080.6834584911,-0.153658383480244,0.065367519659762,0.0182515533841104,0.0311980243606583,"ENSMUSG00000063524"
66.8828388090094,0.527076999811034,0.235185596806292,0.0182549489473871,0.0312005521803409,"ENSMUSG00000085272"
28.6946713148829,0.730177554393012,0.344464620979005,0.0182572333953957,0.0312011805995014,"ENSMUSG00000024056"
1307.08764687615,-0.208339686270458,0.0887063296565704,0.0182862999386327,0.0312448862189697,"ENSMUSG00000040321"
82.7168563582245,-0.531547358953089,0.237352879980685,0.0182866464558376,0.0312448862189697,"ENSMUSG00000109771"
1914.98817437889,-0.383085957282761,0.166677140232018,0.0182931145765361,0.031249377592282,"ENSMUSG00000037486"
532.162108961466,-0.299214816047907,0.128734002760657,0.0182918118369554,0.031249377592282,"ENSMUSG00000047649"
4451.30605602574,0.202476478910213,0.0863603235587325,0.0183503648908995,0.0313438866415595,"ENSMUSG00000028124"
391.004670186471,0.485933946733625,0.214994755231369,0.0183684420590355,0.0313714720215066,"ENSMUSG00000025464"
2291.00237392258,-0.240564199927134,0.10307427279537,0.0184121795240212,0.0314428722505263,"ENSMUSG00000072872"
318.840810077176,0.271707612696094,0.116680627197874,0.0184947895795899,0.0315806340896428,"ENSMUSG00000029994"
4282.42853608321,-0.222140933434331,0.0951262125831121,0.0185197244827767,0.0316198946014936,"ENSMUSG00000030934"
505.823352399001,0.254102910674441,0.10901875827917,0.0185295620629434,0.0316318178740108,"ENSMUSG00000021203"
14.9407279728778,1.06051773776269,0.57741260442539,0.0185305943756338,0.0316318178740108,"ENSMUSG00000043263"
60.5620685195389,0.888570902972914,0.456728425713507,0.0185629798835231,0.0316804557081138,"ENSMUSG00000000037"
711.201803622413,-0.253662735757334,0.10892108549779,0.0185629337128615,0.0316804557081138,"ENSMUSG00000071645"
1058.63553910451,-0.227933090378689,0.0976709421617134,0.0185684984442396,0.0316865518057796,"ENSMUSG00000030101"
862.891250345112,0.192035858795434,0.0820264476039324,0.0185740154586187,0.0316926439869387,"ENSMUSG00000028741"
4813.21251047182,-0.195887457867989,0.083450565925561,0.0185847947006768,0.0317077128327865,"ENSMUSG00000022698"
2807.72221438993,-0.29868385344211,0.128896148252325,0.0185960933362826,0.0317236645701119,"ENSMUSG00000012422"
717.476780537768,-0.213835216645154,0.0915928743194356,0.0186506231848678,0.03181335473156,"ENSMUSG00000023707"
112.698079215332,-0.550634726829341,0.248162299416133,0.0186810104897009,0.0318618491985909,"ENSMUSG00000045392"
2699.07848659243,0.231892356495016,0.0993827495971793,0.0186895565196959,0.0318730854926777,"ENSMUSG00000044864"
25.5685047018321,-0.795517647184492,0.38600036906942,0.0187438460475569,0.0319623220157272,"ENSMUSG00000044216"
4519.31322117054,-0.160049623278454,0.0684161619374075,0.018756187957848,0.0319800175529329,"ENSMUSG00000031729"
478.518365782652,-0.256187674722749,0.110306093306762,0.0187635030297692,0.0319891393295541,"ENSMUSG00000014771"
558.724960827225,0.241056089806495,0.103522011515268,0.0188056396544879,0.0320576188392244,"ENSMUSG00000002846"
2961.65302332825,0.292019513468373,0.126160665950428,0.0189895917593,0.0323678088647,"ENSMUSG00000022772"
18.2957527646799,0.994218774487309,0.529093440628374,0.0190229003746576,0.032421188597914,"ENSMUSG00000025983"
1883.30793759503,-0.197364611225117,0.0847555487683352,0.0190632082553268,0.0324864849225513,"ENSMUSG00000024807"
3534.76479932677,-0.22722416331059,0.0978022695125823,0.0190677975514689,0.0324909042753911,"ENSMUSG00000040423"
459.805354011461,0.26305009493667,0.113490605883762,0.0190855378162226,0.032513902818692,"ENSMUSG00000022210"
483.818336647075,0.237291561746595,0.102144349609759,0.0190872868494545,0.032513902818692,"ENSMUSG00000028295"
273.35416703276,-0.36199363157063,0.158195445896302,0.0190848702671198,0.032513902818692,"ENSMUSG00000044991"
37309.0315614058,1.0360675654038,0.554788931670829,0.0190911478041195,0.0325170769023184,"ENSMUSG00000102070"
807.551906111794,-0.271388466417151,0.117296459939651,0.0190934846286869,0.0325176546124467,"ENSMUSG00000035725"
4192.0661459429,0.312756664128554,0.135586260455394,0.0191235545720651,0.0325654588685089,"ENSMUSG00000053062"
96.9589239517273,-0.523944600842257,0.23551741378989,0.0191268980018414,0.0325677453633865,"ENSMUSG00000036381"
2261.15090056022,0.166579833390722,0.0713958321215128,0.0191582589185367,0.0326177323162787,"ENSMUSG00000025217"
2476.35914606393,-0.266008001018475,0.11499965165447,0.0191974034206656,0.0326809593057513,"ENSMUSG00000002416"
653.530398341849,0.338569227896148,0.147324152138429,0.0192156216898305,0.03270855274151,"ENSMUSG00000090258"
323.613802530491,-0.346565598827518,0.151300898295572,0.0192564409695893,0.0327746074971743,"ENSMUSG00000045248"
774.840471551092,-0.28065136161034,0.121590834208299,0.0192633140025087,0.0327828777138355,"ENSMUSG00000002393"
906.318946602188,0.397283872399423,0.174448347323202,0.0192723818973058,0.0327948810918194,"ENSMUSG00000028456"
26.2912423101173,-0.80515837454416,0.396111895984116,0.0193224668906133,0.0328766714796073,"ENSMUSG00000055413"
203.537649182703,-0.307122343314092,0.133422820830856,0.0193363808730167,0.0328969071750592,"ENSMUSG00000028629"
399.008329713221,0.295324266266669,0.128018902812266,0.0193448489854523,0.0329078745725982,"ENSMUSG00000025218"
6782.75167027089,-0.202116334356203,0.0870783561912214,0.019389326979359,0.0329800903416934,"ENSMUSG00000032637"
21.136900204312,0.84945600906465,0.425766315563324,0.0193937323519325,0.0329841369997656,"ENSMUSG00000050050"
5392.91341144044,-0.176670489058626,0.076004494225772,0.0194400956128573,0.0330595357695458,"ENSMUSG00000033917"
2764.29770461063,-0.212039005193302,0.0914880370647938,0.0194465104052604,0.0330669901156199,"ENSMUSG00000037287"
60.4760704020583,0.782069414961916,0.382888434275728,0.0194762990987883,0.0331141839074657,"ENSMUSG00000009734"
188.286739862262,-0.457391416907552,0.20365674101658,0.0194955467768439,0.0331434475648528,"ENSMUSG00000068130"
13450.81685236,0.132463220718252,0.0568576908919235,0.0194988381861812,0.0331455814530762,"ENSMUSG00000031865"
2602.30897690082,-0.250917338958174,0.108278638907293,0.0195015335179019,0.0331467017442213,"ENSMUSG00000051495"
218.334085177119,0.498298183802232,0.223512090961917,0.0195254243570408,0.0331838439845385,"ENSMUSG00000034706"
4893.83818253871,0.348941300247932,0.152451689312057,0.0195469025741031,0.0332168785991493,"ENSMUSG00000019873"
9490.59782752885,0.156364055774704,0.0671225906993753,0.0195493859607233,0.0332176309675005,"ENSMUSG00000005312"
606.425398530338,0.347234336977779,0.151879313635034,0.0196087944111905,0.0333150981552405,"ENSMUSG00000032198"
360.752942006493,-0.292178951749748,0.127101834288691,0.0196161539292164,0.0333241237382368,"ENSMUSG00000014075"
953.556444922685,0.185801774422943,0.0800434551381786,0.019629391898496,0.0333431327688321,"ENSMUSG00000044528"
3868.95727570799,-0.263391015456574,0.115330760997729,0.0196367348121341,0.0333521253413938,"ENSMUSG00000037605"
116.594422191051,0.57448457047187,0.262322563135501,0.0196635186960831,0.0333941322206406,"ENSMUSG00000025370"
301.261434315045,0.425774450391394,0.188541522488176,0.019717988766204,0.0334831442871134,"ENSMUSG00000010051"
34.2828964671743,0.808212781113828,0.397296386850194,0.0197634981334152,0.0335569231892909,"ENSMUSG00000035004"
111.252772512984,0.417861064827077,0.18475848827303,0.0197854014620915,0.0335906096161792,"ENSMUSG00000000486"
1924.62112339161,-0.147762444161908,0.0636498745001319,0.0198089312451469,0.0336270500373868,"ENSMUSG00000027810"
2006.20640540084,-0.244865012454266,0.106197598843297,0.0198315582998209,0.0336619505739818,"ENSMUSG00000025903"
1524.95976851815,-0.243818078561568,0.105825029129503,0.0199005382520637,0.0337755147187043,"ENSMUSG00000021963"
18.5011676436584,0.984947856948807,0.541814311151503,0.0199067230616129,0.0337824893658189,"ENSMUSG00000068859"
332.639021428447,0.270991886669593,0.117794353894403,0.0199355128323571,0.0338278200651631,"ENSMUSG00000034175"
14.2205311423542,-1.0484695048326,0.580735099071737,0.0199638769800565,0.0338724191662873,"ENSMUSG00000073010"
140.500931243352,-1.4269856841859,1.61864937644239,0.0199717517710688,0.0338787177292057,"ENSMUSG00000010122"
6455.48708544274,0.353166315225387,0.154194499708333,0.0199711876367233,0.0338787177292057,"ENSMUSG00000033152"
5362.78317544758,0.189533015292462,0.0818756334966345,0.01998153098306,0.0338917746527302,"ENSMUSG00000028478"
790.432797782203,-0.372379246215442,0.164132532995509,0.0200054728633132,0.0339288484339458,"ENSMUSG00000028789"
7480.57567311451,-0.184544206491543,0.0795181137099374,0.0201058713728465,0.0340955697684338,"ENSMUSG00000022536"
26.4507928735895,0.780808940490276,0.382366205695441,0.0201173754544814,0.0341115247550051,"ENSMUSG00000115219"
93.9350880070108,-0.418865701369899,0.186260019839893,0.0202103773999076,0.0342656518399851,"ENSMUSG00000110777"
3480.67502077837,-0.226527246918259,0.0985306340654893,0.0202387900049136,0.0343102503332623,"ENSMUSG00000030201"
113.495663550398,0.676221948088415,0.322150777545707,0.0202589284429372,0.034340814036669,"ENSMUSG00000047502"
1640.5052208473,-0.184147760145302,0.0798021189606831,0.0202777402229347,0.0343691227976813,"ENSMUSG00000002428"
1115.67549802131,0.210957846473132,0.0915000605264691,0.0202918831728325,0.0343895132001424,"ENSMUSG00000022685"
64.9464318688825,0.554417727790723,0.253423933810115,0.0202947859829954,0.0343908521997918,"ENSMUSG00000079391"
770.524736066074,-0.287597895555456,0.125816878048708,0.0203403636278174,0.0344644987127731,"ENSMUSG00000059975"
14.0460402971271,1.00340165054023,0.540156897161688,0.0203544462914023,0.0344847706839556,"ENSMUSG00000091649"
1582.75395168201,-0.238397183717444,0.103845381883945,0.0204082070538929,0.0345722545970723,"ENSMUSG00000006498"
4973.59535211681,0.175738070782021,0.0761414042657792,0.0204330840389091,0.0346107952117963,"ENSMUSG00000019998"
9.89745532683423,1.02306372991132,0.561350624913063,0.0205360319017624,0.0347815552280603,"ENSMUSG00000029660"
47.963068179678,0.745243399024833,0.362097863762342,0.0206004251681744,0.034886987191796,"ENSMUSG00000035208"
254.95062006745,0.312939975253091,0.137372121738976,0.0206188914856914,0.0349146276504822,"ENSMUSG00000024666"
3300.63989538631,-0.299796828504862,0.131105587176596,0.0206384610845317,0.0349441303863123,"ENSMUSG00000042323"
1629.18781432928,0.269838459971577,0.118208435048054,0.0206539820551555,0.034966772739867,"ENSMUSG00000054256"
606.690505122005,0.273311724034301,0.119529775862829,0.0206642993043998,0.0349806015055137,"ENSMUSG00000060257"
3314.54924580095,-0.133618129277722,0.0579233422343031,0.0206680487366844,0.0349833105267494,"ENSMUSG00000036054"
364.154044769427,-0.315795183833898,0.138941196314911,0.0206737128701577,0.0349892595238539,"ENSMUSG00000027300"
260.315029565274,-0.358593662197238,0.158725836358718,0.0207243065984335,0.035071240545722,"ENSMUSG00000021760"
2732.1254554746,-0.24916799396434,0.109101853028416,0.0207423891495604,0.0350981923676242,"ENSMUSG00000040021"
324.301020073721,-0.358892047680725,0.158909636389956,0.0207535667644797,0.0351134559601082,"ENSMUSG00000048620"
3861.15132451172,-0.177280599263302,0.0771007998050773,0.0207675605502075,0.0351334806314985,"ENSMUSG00000017778"
660.41667978964,-0.231850243043395,0.10125050840447,0.02077540308744,0.0351430958596434,"ENSMUSG00000019863"
5977.58450513358,-0.171393966674052,0.074539382293053,0.0207783521223531,0.0351444322368729,"ENSMUSG00000047714"
5923.6980525516,0.363907933125896,0.161029505831547,0.0208139135100265,0.035200923025061,"ENSMUSG00000062296"
697.931821008369,0.204653443534262,0.0891729716697953,0.020890577074628,0.0353269077104503,"ENSMUSG00000035310"
1542.65271708913,-0.308482069854943,0.135880303126007,0.0209265621755013,0.0353840842518761,"ENSMUSG00000019478"
235.75538075394,0.375827692513273,0.166929494969899,0.0209696873461223,0.0354533205878872,"ENSMUSG00000020319"
347.359159262644,-0.291837870416674,0.128419538045918,0.0210123215537049,0.0355217125611392,"ENSMUSG00000090110"
1125.42522841421,0.202342189906173,0.0882695586718096,0.0210305230338368,0.035548790648473,"ENSMUSG00000048832"
2367.11723940659,-0.144893987886101,0.062907307753583,0.0210647051932354,0.0355991768205446,"ENSMUSG00000032563"
44.9141094516195,-0.693220924166051,0.333057017968333,0.0210628942370836,0.0355991768205446,"ENSMUSG00000078599"
67.6793557913631,0.801832384231121,0.403226299708912,0.0210864847063525,0.0356322846517187,"ENSMUSG00000032113"
4529.85919994444,-0.17410910797346,0.0759054165510245,0.0210896861215984,0.0356339952965932,"ENSMUSG00000031715"
762.438852196121,-0.244478741843202,0.107069071151674,0.0210958677807481,0.0356407406056065,"ENSMUSG00000109511"
3470.23916030265,0.351479899537921,0.155640569534886,0.0211033982908051,0.0356497631151645,"ENSMUSG00000034342"
868.729944593646,0.302258207620949,0.133025186985158,0.0211102605952527,0.035657655076219,"ENSMUSG00000018651"
618.73044351927,-0.221770941511621,0.097067159079848,0.0211588110289085,0.035735954132452,"ENSMUSG00000040502"
1869.50530715392,0.206447183849045,0.0901685178889677,0.0211866584669729,0.0357792744605649,"ENSMUSG00000031516"
41.1801085648587,-0.749824012590837,0.36858870385137,0.0212167607123863,0.0358263932444215,"ENSMUSG00000033053"
5619.02635059423,-0.279821109555093,0.124027625468705,0.0212272632801413,0.0358404098821844,"ENSMUSG00000022122"
916.97769937392,-0.243049260461496,0.106586987737735,0.0212312133501117,0.0358433614305247,"ENSMUSG00000020868"
4589.41104256345,-0.161579279546407,0.0704679683485439,0.0212370672844492,0.0358495262113725,"ENSMUSG00000002102"
275.620298094138,-0.312318403063409,0.137976746147951,0.0212427610331469,0.0358554193381962,"ENSMUSG00000060600"
149.816689121523,-0.775384630866075,0.385046779655126,0.0212627644292316,0.0358854618329738,"ENSMUSG00000046718"
217.976646369927,0.388664439924583,0.173309267822031,0.0212652063279501,0.0358858623892154,"ENSMUSG00000030220"
67.0154037473531,-0.675420723306501,0.323323711249452,0.0213924979463462,0.036096929778234,"ENSMUSG00000067158"
2329.560946902,-0.236677358637102,0.104269149511282,0.0214141938473674,0.0361297934750671,"ENSMUSG00000039568"
860.671918286068,-0.172451022015995,0.07538267184568,0.0214648206292848,0.0362114571669082,"ENSMUSG00000020079"
1495.02706583199,0.229356722141895,0.100586827983241,0.0214895120068176,0.0362493550722255,"ENSMUSG00000035051"
8835.57027856622,-0.136969529333642,0.059819967045262,0.021533435787984,0.0363196837381414,"ENSMUSG00000020668"
1043.35933477172,-0.187392358678553,0.0820433497470623,0.0215643687224816,0.0363680889001819,"ENSMUSG00000035529"
321.058723003228,-0.507472915857769,0.232626621910907,0.021583090680241,0.0363958924782931,"ENSMUSG00000020695"
829.668807831152,0.176633924723595,0.077256146755085,0.0215999420639016,0.036420536245721,"ENSMUSG00000026095"
3350.41698608568,-0.182920037729648,0.0800832825457607,0.0216024986736778,0.0364210744080919,"ENSMUSG00000048040"
3797.52286967451,-0.192901629602055,0.0845390497836131,0.0216168496571582,0.0364414953106071,"ENSMUSG00000036299"
2245.49503436575,-0.21317044624301,0.0935824015725027,0.0216712508513101,0.0365294212858679,"ENSMUSG00000035329"
833.318907944288,0.332551436714325,0.147681690329088,0.0216768191978198,0.0365350241149421,"ENSMUSG00000013629"
2079.27621746041,-0.203975470822597,0.0897754551083188,0.0217165125746917,0.0365981355927976,"ENSMUSG00000020121"
5685.07134210871,-0.198770506432911,0.0872898001135554,0.021772453883185,0.036688613282659,"ENSMUSG00000034557"
1268.58905145357,0.162673126242241,0.0711810458497419,0.0218196209609392,0.036764288376169,"ENSMUSG00000020922"
173.810371644931,-0.353157351947495,0.157760061849152,0.0219328568856306,0.0369512569224069,"ENSMUSG00000110519"
80.1350991603759,-0.444163550038864,0.20149845777139,0.0219621706014012,0.0369967733396674,"ENSMUSG00000031450"
2842.52103363203,0.303200590715342,0.13431995361424,0.0219644193116197,0.0369967733396674,"ENSMUSG00000032816"
20.7174108679185,0.904426526901075,0.47481496346783,0.0220218348763764,0.0370896459511284,"ENSMUSG00000031380"
106.247031692183,0.497482050889941,0.2279949912461,0.0220527236058106,0.0371378269041366,"ENSMUSG00000060579"
9.39343638807371,1.02258416858455,0.569116503514941,0.0220645099931521,0.0371538319715041,"ENSMUSG00000053318"
3868.60970107731,0.191926333216902,0.0843047248159173,0.0220697100459596,0.0371587443243825,"ENSMUSG00000041263"
19.5849523379856,0.909630480722691,0.477776118034228,0.0220804089422445,0.0371689134395663,"ENSMUSG00000053216"
35.7176480949627,-1.00162402037425,0.587919629177593,0.0220798694776199,0.0371689134395663,"ENSMUSG00000064294"
39.7377460241518,0.892499831500434,0.469589952005304,0.0220825999431162,0.0371689134395663,"ENSMUSG00000096753"
5291.01796890227,-0.190627765094521,0.0838584918427024,0.0220910381219657,0.03717927197574,"ENSMUSG00000015749"
2965.14249363494,-0.201178318264542,0.0885532431864123,0.0221145418681031,0.037214981136047,"ENSMUSG00000001376"
162.36246528586,0.414359246543119,0.186812473828481,0.0221349815305493,0.0372455271195246,"ENSMUSG00000102644"
7829.64591538538,0.206178669474828,0.0906865708898523,0.0221566321455311,0.0372781041927603,"ENSMUSG00000055932"
26.8388990836694,-0.701456746749276,0.341615819124092,0.0221666682274838,0.0372911353252358,"ENSMUSG00000036109"
13.1741554407142,-1.13107971630815,0.698440119697494,0.0222168446928771,0.0373716852237939,"ENSMUSG00000055865"
324.014325026698,0.260187854057099,0.115097275808784,0.0222302425352257,0.0373903583373015,"ENSMUSG00000029402"
3327.01298535405,0.227269168176639,0.101281743186412,0.0222891470092279,0.037485559976879,"ENSMUSG00000020099"
158.088455791942,0.326460023848273,0.145538481535432,0.0223042165840982,0.0375070286731354,"ENSMUSG00000038570"
225.48546074094,-0.476811600640693,0.218316802726797,0.0223314111874176,0.0375488804161537,"ENSMUSG00000074211"
10339.4310177801,-0.121907489860327,0.0575317161130396,0.0223860644370919,0.037636888753045,"ENSMUSG00000024359"
11.954318626626,-0.94431948055839,0.510144334022095,0.0224238550953878,0.0376965313686587,"ENSMUSG00000004668"
92.1122997660642,-0.619497583670218,0.294495161303255,0.02244496521654,0.0377281230684468,"ENSMUSG00000021388"
2147.75302338154,-0.312172725662642,0.139305496188042,0.0224921660865586,0.0378017527309183,"ENSMUSG00000040865"
1860.54549785587,-0.247747571240071,0.111368357626637,0.0224934130084577,0.0378017527309183,"ENSMUSG00000071660"
3182.09762224282,0.218796564650549,0.0966715638338259,0.0225085436002193,0.0378232758051378,"ENSMUSG00000024120"
303.668450572349,0.266549333314153,0.118215022636219,0.0225296119023988,0.0378547711134649,"ENSMUSG00000038425"
1901.19449841402,-0.222393796351258,0.098380947308465,0.0225610399262128,0.0379036647661154,"ENSMUSG00000040354"
149.437816389767,0.426921125392151,0.193772245267452,0.0225993871939278,0.037964171800078,"ENSMUSG00000051444"
398.239739358983,-0.318077658746799,0.142191563955309,0.0226533077415684,0.0380508248289393,"ENSMUSG00000026575"
7545.45181415284,0.217542753751032,0.0961817776638934,0.0226873298999406,0.0381040400444937,"ENSMUSG00000024966"
1962.11120858125,-0.202974011254711,0.0900795174067139,0.0227639158268618,0.0382287240100749,"ENSMUSG00000010376"
488.217397427056,-0.279186109654587,0.124379227179404,0.0227819226382433,0.0382550171967531,"ENSMUSG00000006021"
96.6855868564386,-0.433925316173817,0.197804933794712,0.0227937745336299,0.0382709707950931,"ENSMUSG00000071691"
1924.80875226717,-0.210678182335074,0.0932903909715632,0.0227999505492754,0.0382773922278367,"ENSMUSG00000037253"
6196.66244183894,0.130817191577632,0.057612247960263,0.0228631546057003,0.038379543226935,"ENSMUSG00000029472"
185.762350776479,-0.401324810528125,0.182018234529194,0.0228684866046714,0.0383845354661621,"ENSMUSG00000029049"
1704.77316927436,0.195947190727506,0.086659314638569,0.0229393540714728,0.0384995159888065,"ENSMUSG00000031930"
6301.54463961019,-0.325704500098336,0.146374421337497,0.0231873763249135,0.0389117641048394,"ENSMUSG00000038967"
85.9479861035663,0.771081062752291,0.388589970457038,0.0231972184317191,0.0389242677694591,"ENSMUSG00000045455"
21464.6688350362,0.153807679421129,0.0710657981615159,0.0232012357818364,0.0389269960891293,"ENSMUSG00000001472"
724.359710699997,0.26472527927815,0.118018342312075,0.0232820130549088,0.0390584982487689,"ENSMUSG00000042505"
1525.72932973335,0.336247327876838,0.151127903837651,0.0233064779079831,0.0390955118905759,"ENSMUSG00000054091"
381.811895970252,0.331375180731185,0.149162347798115,0.0233721636024292,0.0392016567872584,"ENSMUSG00000048351"
739.767683572198,-0.323020369879309,0.145369867224144,0.0234207613728645,0.0392791215359044,"ENSMUSG00000000202"
1847.67841232182,-0.235588174509489,0.105297930656749,0.0234720942347293,0.0393611568922348,"ENSMUSG00000031365"
1312.63878737011,-0.189857848742632,0.0843888449767282,0.0234747059683806,0.0393614816391944,"ENSMUSG00000068917"
423.477005974827,-0.211376081072464,0.0940927398652645,0.0234885836001182,0.0393806945970465,"ENSMUSG00000021408"
11.5755160849297,0.98198154046827,0.54181430665807,0.0235331907146373,0.0394514189961756,"ENSMUSG00000055102"
80.3914350591446,1.22645898743053,0.83507189318035,0.0235938346399942,0.0395490104283622,"ENSMUSG00000001988"
4847.3652930112,-0.273478534980654,0.122542941076294,0.0236180513389077,0.0395855271514353,"ENSMUSG00000036698"
1361.10993736052,-0.192365924738416,0.0855903018181102,0.0236571763445496,0.0396470211609779,"ENSMUSG00000031889"
9701.77275251431,-0.330623831460319,0.149246952942163,0.0236764509827373,0.0396752387375951,"ENSMUSG00000037754"
14822.558698617,0.305989128738597,0.137141487714445,0.0236915959026596,0.039696530942202,"ENSMUSG00000036745"
3737.329055122,-0.247766351647313,0.109626732858912,0.0237018459839557,0.0397096180451658,"ENSMUSG00000053774"
1750.49078760225,0.237038420025953,0.105613587860063,0.0237127833951717,0.0397238538753324,"ENSMUSG00000034612"
1406.84451046458,0.307805465034924,0.138324918521706,0.0237277158284843,0.039744778581608,"ENSMUSG00000025145"
173.5498824351,-0.313163327873515,0.141060288284035,0.0237345936765304,0.0397522086497131,"ENSMUSG00000059363"
305.477147013787,-0.396735984144569,0.180947948217474,0.0237462650059403,0.0397676647908124,"ENSMUSG00000075081"
325.383867772547,0.267695803455103,0.119866804396364,0.0237783413383391,0.0398172863188442,"ENSMUSG00000004947"
726.995178646346,-0.245772836929972,0.109987867703098,0.0238241382048406,0.0398898705717337,"ENSMUSG00000023277"
180.17731052052,-0.382832576210428,0.174687151812727,0.0238797797617261,0.0399789216251546,"ENSMUSG00000030555"
1956.71181855912,-0.18605524934657,0.082913634184257,0.0239088778585021,0.0400235205451149,"ENSMUSG00000052214"
188.604109790569,0.382316990415161,0.174008718917484,0.0239323523814216,0.0400586973845532,"ENSMUSG00000041623"
425.588238642172,-0.207772203956384,0.0926203134718183,0.0239656117831754,0.0401063863721378,"ENSMUSG00000032103"
481.080084532537,0.266489196007887,0.119495499257496,0.0239657709940892,0.0401063863721378,"ENSMUSG00000057093"
748.778020955782,0.290611050410387,0.130792669853101,0.0240185915911494,0.0401906490461277,"ENSMUSG00000036862"
174.802902762226,-0.398257536543644,0.181894692105684,0.0240269587428784,0.0401969497778089,"ENSMUSG00000002633"
39.6504348939979,0.598797754919517,0.286415061526033,0.0240272958187788,0.0401969497778089,"ENSMUSG00000091814"
1202.03760878212,-0.18937252697863,0.0844831037252208,0.0240376324463998,0.0402101100567769,"ENSMUSG00000031902"
3494.64612194581,0.16712518408064,0.074402438549528,0.0240556539157375,0.040236121500244,"ENSMUSG00000044627"
1714.59103325784,0.160365117091335,0.0713802863171911,0.0240840194641691,0.0402752895867829,"ENSMUSG00000004768"
4123.12254554793,0.267664882728146,0.120094747643274,0.0240826699466813,0.0402752895867829,"ENSMUSG00000007989"
491.714675235843,-0.220812402218105,0.0987963124457134,0.0241190073832537,0.0403296561052495,"ENSMUSG00000016510"
18671.4824018712,0.215642427277571,0.0962813230675091,0.0241414544583544,0.0403630439269817,"ENSMUSG00000069601"
396.718052484026,-0.290451845813348,0.130889651748175,0.0241574749699038,0.0403856811708014,"ENSMUSG00000001056"
44.1977861570422,-0.661196305318376,0.325042058821806,0.0241614707036267,0.0403882131971282,"ENSMUSG00000031629"
3243.78069674092,0.216613697449667,0.0968134888960931,0.0241891970418151,0.0404304086093712,"ENSMUSG00000078517"
4981.18188369404,-0.262281804925954,0.117941733998355,0.0242283458125232,0.0404916851269253,"ENSMUSG00000024524"
201.187949997033,-0.379327192210808,0.173150430680537,0.0242544455427823,0.0405257926151573,"ENSMUSG00000016756"
5773.92756426064,0.243138233039937,0.108951814234275,0.0242519716468815,0.0405257926151573,"ENSMUSG00000019843"
2237.61011477269,0.263746889388131,0.118457812014753,0.0242562229665486,0.0405257926151573,"ENSMUSG00000025264"
37.3148070044461,0.615658816181725,0.296360115442453,0.0242602900077513,0.0405284278269885,"ENSMUSG00000056130"
616.461435955617,-0.240375782224927,0.107849124098762,0.0243032448325293,0.0405918550568348,"ENSMUSG00000024800"
327.811185538387,0.302381894248645,0.136609920339571,0.0243020075962833,0.0405918550568348,"ENSMUSG00000040213"
2076.24136808715,-0.199930131999547,0.0897010275790933,0.0243637946434464,0.0406888118606772,"ENSMUSG00000033578"
93.8031487166219,-0.468009639480632,0.217220508222216,0.0243931734805532,0.0407336969549082,"ENSMUSG00000027314"
43.9563368438032,0.671594608222772,0.33270272403484,0.0244276754607722,0.0407871270028157,"ENSMUSG00000113626"
1406.12679134134,-0.246102878073269,0.110646753145416,0.0244312574908152,0.0407889240446656,"ENSMUSG00000039913"
1258.96983536714,-0.337114885491146,0.153160855842593,0.0244666294966126,0.0408437898621536,"ENSMUSG00000020211"
953.94568884371,-0.32611056880952,0.148079139516271,0.0245237013159546,0.0409348656707453,"ENSMUSG00000096002"
200.694711804072,-0.359648511113918,0.164040991258695,0.0245328005630773,0.0409458553845762,"ENSMUSG00000061371"
1753.01909285582,-0.236269040641814,0.106182190188051,0.0245450295402782,0.0409620659069765,"ENSMUSG00000019039"
150.219861556093,0.578324375413665,0.276169838992132,0.0245543372775313,0.0409733984832039,"ENSMUSG00000024033"
10860.0045923219,-0.171893711200794,0.076766918050729,0.0246310418955919,0.0410971812193978,"ENSMUSG00000053279"
16036.3860372855,-0.274273658765122,0.123890663360621,0.0246914636328546,0.0411937731900796,"ENSMUSG00000034593"
2678.2158268237,-0.152440751689019,0.0681408822946647,0.0247195768987549,0.0412364493500648,"ENSMUSG00000019373"
4397.61762403452,-0.167585370640978,0.0750308357529428,0.0247284223039813,0.0412469779961275,"ENSMUSG00000020088"
10268.2343364047,-0.140254931692507,0.0627128107534256,0.0247385898116036,0.0412597095239019,"ENSMUSG00000022201"
139.273563321325,-0.380000852545826,0.173959362897208,0.0247732003162362,0.041313200978147,"ENSMUSG00000036537"
225.489360703842,-0.390754955781251,0.179690545352689,0.0248334185696653,0.0414093820402593,"ENSMUSG00000030443"
2222.74275417055,-0.237614166953564,0.107001932802223,0.0248359758418702,0.0414094043586974,"ENSMUSG00000042208"
2700.99344065034,-0.17257977398477,0.0773690787738096,0.0248751743512478,0.0414705129137251,"ENSMUSG00000074238"
3357.94088475595,-0.234903687298054,0.105443135541449,0.0249104147753558,0.041520758930293,"ENSMUSG00000063273"
959.956468745102,-0.409753473629331,0.188932682892486,0.0249096730921806,0.041520758930293,"ENSMUSG00000071647"
18.9305997752506,0.750430130447101,0.379854549734628,0.0249166540173215,0.0415269063268106,"ENSMUSG00000084897"
1005.07022239861,-0.244931033280244,0.110267325792287,0.024925866118819,0.0415380066218403,"ENSMUSG00000018068"
1518.46651362045,-0.141238540126718,0.063238238657,0.0249541726945714,0.0415809216012112,"ENSMUSG00000027573"
740.878347566401,0.262538851533338,0.118502420744231,0.0249635958687973,0.0415923657678897,"ENSMUSG00000039089"
2570.06315048842,0.241788174800933,0.108918623623465,0.024969118325357,0.0415973091904781,"ENSMUSG00000032741"
4867.18456720195,-0.189755054470883,0.0852194237659592,0.0249717797778915,0.0415974857986613,"ENSMUSG00000031028"
64.7634379893633,-0.462111905580544,0.215414700768794,0.0250033255690759,0.0416457723947016,"ENSMUSG00000083855"
28.8399620324772,0.756579134862752,0.385710811692084,0.02508126568545,0.0417713160249392,"ENSMUSG00000022014"
22437.7156849747,-0.239885299616875,0.108676285363788,0.025116951712359,0.0418264695625351,"ENSMUSG00000060961"
1673.39931295352,-0.184134905707596,0.0827462706041982,0.0251246086735222,0.0418349406697622,"ENSMUSG00000038072"
53.687111454393,0.725475768066878,0.364747888765001,0.0251332687573386,0.0418450801710092,"ENSMUSG00000091705"
838.830328347556,0.353415386723313,0.161508001773827,0.0251640215994414,0.0418919966859999,"ENSMUSG00000044952"
2506.74174043084,-0.246003302189525,0.111462720240567,0.0251821278892337,0.0419178523142392,"ENSMUSG00000028436"
206.408699222181,0.409858844412156,0.189031010629343,0.0251985269403377,0.0419408610976295,"ENSMUSG00000002603"
926.379063704064,0.22390846909788,0.100937673315018,0.0252229231216801,0.0419771743763121,"ENSMUSG00000033454"
39.8670528229178,0.727472666167945,0.368870604766273,0.0252316952163566,0.0419874805491569,"ENSMUSG00000049676"
563.518138731874,-0.232407010247726,0.104950326249103,0.0252448591518601,0.042005092228762,"ENSMUSG00000028398"
14.2132449126798,0.95043517862187,0.53471019229206,0.0252890351927226,0.0420742962865023,"ENSMUSG00000040829"
231.607018681594,-0.465752163285303,0.217933938485721,0.0252923648949894,0.0420755355912761,"ENSMUSG00000009281"
1140.21000894215,-0.170440202289217,0.0766331331644859,0.0253378838440712,0.0421469520962387,"ENSMUSG00000017667"
23.6458201097455,-0.790243632303294,0.409885688942228,0.0253606322205454,0.0421804813820413,"ENSMUSG00000026725"
3998.94592418509,-0.258442065446669,0.117113050135628,0.0254098631351092,0.0422580457819071,"ENSMUSG00000030739"
439.541143408688,-0.282979204609923,0.128555141883173,0.0254295237030433,0.0422864221920664,"ENSMUSG00000019461"
247.279314560063,-0.309893848323414,0.141210970583648,0.0254364470212373,0.0422936143627887,"ENSMUSG00000060121"
7018.04126118393,-0.159222261094751,0.0716663377086875,0.0254914451984973,0.0423807317884934,"ENSMUSG00000013593"
8548.621191173,-0.292992708761503,0.131077782561261,0.0255145642118176,0.0424148362173169,"ENSMUSG00000060373"
1613.38900149092,-0.153471141779791,0.0690258925403275,0.0255445951984197,0.0424604228162847,"ENSMUSG00000029038"
124.804941595057,0.585108459828921,0.282269564505074,0.0256098882904825,0.0425646070647819,"ENSMUSG00000043621"
1631.47665086488,0.2929843174759,0.133281085657575,0.0256307860640169,0.0425949908677965,"ENSMUSG00000006095"
1694.95920557095,-0.196433561122909,0.0886789926289831,0.0256462106902884,0.0426162737460713,"ENSMUSG00000038861"
4553.24291935839,-0.216944454484354,0.0986214913118893,0.0256639831132844,0.0426414532120081,"ENSMUSG00000048154"
662.672836868153,-0.268783723467869,0.122137738402914,0.0256702774848002,0.0426475583688077,"ENSMUSG00000048371"
980.227650429316,-0.238268916884282,0.107931878483723,0.02569720744403,0.0426835859973389,"ENSMUSG00000002210"
1217.68259517948,0.237149661485611,0.107334799611114,0.0256954621288017,0.0426835859973389,"ENSMUSG00000029290"
50.0266849701128,-0.615129975469787,0.299971768368487,0.0257023282809695,0.0426877359205817,"ENSMUSG00000107062"
102.231594210121,0.469446111253324,0.220195716109777,0.0257088769716742,0.0426942562073978,"ENSMUSG00000036030"
12252.0844672131,0.219529353690225,0.101035978641618,0.0257327172375062,0.0427294880334721,"ENSMUSG00000024393"
52.4990720526058,-0.566275818223205,0.27213214639274,0.0257434424028991,0.0427429371108111,"ENSMUSG00000072780"
2138.6468226567,-0.209394780601091,0.0947055337280315,0.025795248511043,0.0428245849324587,"ENSMUSG00000052712"
614.599421283554,-0.244474789963197,0.111014374855224,0.0259179380455516,0.0430238828783897,"ENSMUSG00000078765"
50.5377202172192,1.02493293977127,0.608214974618063,0.0259234584546878,0.0430286587871324,"ENSMUSG00000019935"
888.865452061916,0.309670053144089,0.141419147534737,0.0259286657447136,0.0430329140489854,"ENSMUSG00000074170"
1824.86025243847,-0.317241607830261,0.149270437873446,0.0259327171493681,0.0430352502556238,"ENSMUSG00000057914"
12.6439422815439,-0.890111893432411,0.48530448159452,0.0259389868047975,0.0430412667898567,"ENSMUSG00000021322"
17.7000034605894,0.833519070807881,0.442397825984065,0.0260142484563428,0.0431617507259553,"ENSMUSG00000070713"
128.701268686928,-0.418731161375959,0.195217838010273,0.0260534595990008,0.0432135943909247,"ENSMUSG00000022978"
855.035268770433,-0.206058755571271,0.0933186063574013,0.0260533799732224,0.0432135943909247,"ENSMUSG00000032459"
453.894333729691,-0.351662163506252,0.161951278967438,0.0260513689173094,0.0432135943909247,"ENSMUSG00000074521"
311.076693245229,0.285850734824677,0.130267876952215,0.0260714506006011,0.0432390293302684,"ENSMUSG00000022969"
23.9818617225784,-0.744648483998373,0.382257947590548,0.0260845971805651,0.0432564255200936,"ENSMUSG00000021414"
18.1210780472011,0.886333126891914,0.48196700040246,0.0261065389296471,0.0432884018230412,"ENSMUSG00000070354"
857.018733685452,0.215872239892732,0.097819964821903,0.0261665419818541,0.0433834763068467,"ENSMUSG00000032381"
42.2748372862838,0.669472303474375,0.332410549010454,0.0261950632439997,0.0434263407155338,"ENSMUSG00000096775"
1282.35361906276,-0.275740858118848,0.125565203964956,0.0262413379429289,0.0434986251563133,"ENSMUSG00000019872"
536.803649978707,0.259580974941644,0.118171800069832,0.0262604447747306,0.0435258649875842,"ENSMUSG00000034108"
16.3216972705449,-0.800393302885491,0.420434396238403,0.0262835433512426,0.0435597147904222,"ENSMUSG00000051124"
8079.55945728272,0.129812206731583,0.0585414109934318,0.0262866679369022,0.04356045817743,"ENSMUSG00000038324"
314.90603014449,-0.324267134545591,0.149010473869554,0.026318029624444,0.0436079892331738,"ENSMUSG00000007833"
2643.89902574757,-0.15921627044943,0.0720291358029565,0.0263252146386556,0.0436154548486551,"ENSMUSG00000027131"
9.34868364404337,1.06181460590603,0.646218772901464,0.0263487974452487,0.0436500839419661,"ENSMUSG00000095661"
369.397390259007,-0.329274744694421,0.151512764440164,0.0263772340378558,0.0436927460739001,"ENSMUSG00000045519"
46.7127711349613,-0.645382613034887,0.319186805384013,0.0263949927536099,0.0437177138831158,"ENSMUSG00000019866"
2218.99808230786,-0.194831737333302,0.0883932368610141,0.0264192857059138,0.0437530997624822,"ENSMUSG00000025034"
106.031526282575,-0.470060566046896,0.221769926040889,0.0264217330547487,0.0437530997624822,"ENSMUSG00000032204"
3618.21877273807,0.215878889719797,0.0980109263091959,0.0264415244353144,0.0437814194647591,"ENSMUSG00000036026"
1597.21491266472,-0.241890701752612,0.11026685591546,0.0265065044455249,0.0438800853619704,"ENSMUSG00000024477"
4054.84374169227,-0.315596719005564,0.145136482945669,0.0265045371472611,0.0438800853619704,"ENSMUSG00000025986"
2898.44540763172,0.188606891157644,0.0851934996896615,0.0265158486378002,0.0438910905151628,"ENSMUSG00000036646"
1345.29215861975,0.177460003448066,0.0803675716875923,0.0265743750802238,0.0439745529689826,"ENSMUSG00000020003"
1793.31294840399,-0.18347261039857,0.0832593995547122,0.0265718853230193,0.0439745529689826,"ENSMUSG00000020537"
70.0449906337583,-0.574640930327197,0.278405511648754,0.0265726438874507,0.0439745529689826,"ENSMUSG00000056531"
398.243065840436,-0.295163480942741,0.135582856393697,0.0266333069814969,0.0440665303118627,"ENSMUSG00000020801"
233.178608093477,0.372812085881295,0.172916177869562,0.0266353723884026,0.0440665303118627,"ENSMUSG00000074166"
78.56363869855,-0.477886537002629,0.226327829564662,0.0267481793291249,0.044244625344164,"ENSMUSG00000001029"
16.6369997865147,-0.85765484183352,0.46415976525503,0.026748455462091,0.044244625344164,"ENSMUSG00000090942"
1393.93114402612,0.245863893189554,0.111954992328389,0.0267524707297633,0.0442467708330712,"ENSMUSG00000032763"
1841.29818478184,0.195515114938773,0.0888388760803605,0.0267707304856907,0.0442724729092831,"ENSMUSG00000020680"
722.44264431569,-0.222832240009509,0.101591716765023,0.0267868550904584,0.0442946390859897,"ENSMUSG00000023980"
32.8170389500232,0.686292063475764,0.34495726092784,0.0268187917979205,0.0443429449351498,"ENSMUSG00000086414"
2622.71188219361,0.184070216256714,0.0836333183545484,0.0269288418232988,0.0445203826121936,"ENSMUSG00000021262"
12302.2986502112,-0.232722998059173,0.106915242724148,0.0269412452986544,0.0445363654891334,"ENSMUSG00000040276"
661.369284353989,0.398009784487638,0.185892629395562,0.0270065079085621,0.0446397172761549,"ENSMUSG00000040666"
4666.28091165951,-0.179326693774604,0.0812914723875839,0.027071997236742,0.0447388803065672,"ENSMUSG00000028156"
2286.00672883636,-0.214989141833535,0.0981391395568261,0.027070325081596,0.0447388803065672,"ENSMUSG00000035696"
19.8023721293333,0.908533439552506,0.514709106243635,0.02708100208797,0.0447446764096605,"ENSMUSG00000075122"
508.549198402806,-0.24161453406379,0.110567859504918,0.0270808321191448,0.0447446764096605,"ENSMUSG00000096255"
41.810107765304,0.578347598666411,0.282616019887117,0.0270933457158512,0.0447605279166371,"ENSMUSG00000039187"
6975.76587957997,-0.249846728133194,0.111631457702569,0.0272894798861779,0.0450799831121579,"ENSMUSG00000022797"
32.9163782269495,-0.818899416463093,0.439428083806952,0.0273586834953841,0.0451897158739587,"ENSMUSG00000064179"
1547.24546197611,-0.296702068569243,0.136888617584288,0.0273657061505456,0.0451959490840633,"ENSMUSG00000027957"
38.2563515043685,0.723181914613704,0.371852585678033,0.0273680102052839,0.0451959490840633,"ENSMUSG00000047115"
115.723968581985,-0.379484618926837,0.176962730353518,0.0273773883450137,0.0452068500182728,"ENSMUSG00000049562"
893.997917238335,0.282090298572127,0.129923060328785,0.0274705835255663,0.0453561374002605,"ENSMUSG00000068523"
554.762702402565,-0.444689257112701,0.210255223361343,0.027481020782063,0.0453687683864525,"ENSMUSG00000063796"
2552.70138953436,-0.179588012049834,0.0821703978746204,0.0275290216288618,0.0454434047332535,"ENSMUSG00000031985"
924.311617460454,0.256147337482692,0.11759927580673,0.0275981660232759,0.045552925017936,"ENSMUSG00000036327"
2888.33187881456,-0.184149905438205,0.0841017420229619,0.0276654778858025,0.0456593986642089,"ENSMUSG00000028165"
322.783770100454,0.298043465634044,0.13765353675823,0.0276743813385703,0.0456694626347575,"ENSMUSG00000047656"
5549.05784438394,0.208760965787328,0.0952007053537266,0.0277658259444435,0.0458157237428942,"ENSMUSG00000009090"
1253.52430601621,0.333531999857793,0.15477511987503,0.0278220551956474,0.045899200818359,"ENSMUSG00000024308"
15.726728624596,1.00269739649031,0.60106169377686,0.0278212311343584,0.045899200818359,"ENSMUSG00000027399"
48.4684654840477,0.868899194913729,0.483468572815099,0.0278271368925025,0.0459029321378351,"ENSMUSG00000091568"
2494.14357938237,-0.176519404537829,0.0807530429284539,0.0278402351722219,0.0459198853109158,"ENSMUSG00000026439"
269.328094512928,0.858388050309637,0.472236489617314,0.0278460334009446,0.0459247955117098,"ENSMUSG00000118506"
347.55921785388,0.22418245937563,0.102860803173346,0.0278575286073891,0.0459390994500132,"ENSMUSG00000033016"
54.3673626966563,0.659341126875714,0.331769213252141,0.0278979374563052,0.0460010763688955,"ENSMUSG00000079491"
1852.25903316552,0.196541496317374,0.0900497501114869,0.0279204324216478,0.0460335054147253,"ENSMUSG00000001829"
6812.99804230076,-0.235133472669992,0.108427374516966,0.027924840708215,0.046036110699648,"ENSMUSG00000025437"
542.580734987194,0.322734855748361,0.149676596011265,0.0279654226979412,0.0460983443723632,"ENSMUSG00000002980"
1041.08284286824,0.222049122815153,0.101851427366514,0.0279836432242151,0.0461237084248454,"ENSMUSG00000032067"
13.9486029066937,0.969872612902148,0.577490909805477,0.0279915575256665,0.0461320819482433,"ENSMUSG00000043592"
4431.42026057311,-0.239117211172708,0.110052332249566,0.0280192580860579,0.0461730596400942,"ENSMUSG00000020267"
3598.54959423833,0.226832775607704,0.104168423147762,0.0280435858087624,0.0462082810500041,"ENSMUSG00000000131"
361.405093423978,0.234504333198462,0.107782124192374,0.0280463089307065,0.0462082810500041,"ENSMUSG00000038240"
140.758240430959,-0.377650304350471,0.176941471424116,0.0280582429018805,0.0462232646449561,"ENSMUSG00000030972"
630.320376212355,-0.270733003361396,0.125074538330902,0.0281032405446343,0.0462927089238573,"ENSMUSG00000030551"
19.2362870346282,-0.751381402170629,0.3933884136989,0.0281831110035306,0.0464195771441336,"ENSMUSG00000072972"
87.8012213487635,-0.474803891795563,0.226876070719041,0.0282135076562123,0.0464649410793022,"ENSMUSG00000027463"
1689.28693386208,0.165017805219041,0.0755585345699635,0.0282330139769468,0.0464923623183348,"ENSMUSG00000025485"
721.715284357055,-0.216662410567065,0.099669093638769,0.0282734006166893,0.046554158935714,"ENSMUSG00000059772"
41643.4386227579,0.222938634943074,0.102040266156465,0.0283061078060978,0.0466032995719288,"ENSMUSG00000004558"
24.0245909205971,0.755135795247953,0.394523138140661,0.0283101915880134,0.0466053093314808,"ENSMUSG00000081219"
4773.85432885232,0.303840836665707,0.140895462003968,0.0283430267007204,0.0466546454276799,"ENSMUSG00000069072"
1672.23480066843,-0.140951905931674,0.0645378706330635,0.0283484236995042,0.0466588110192648,"ENSMUSG00000041241"
203.057207293716,0.926475974565638,0.533007218799432,0.0285246336442827,0.0469440892186467,"ENSMUSG00000090733"
16.8957638949505,0.804029314266658,0.435041162278203,0.0285622895750369,0.0470013091086181,"ENSMUSG00000021965"
1867.06813159527,0.257306810441107,0.118837200646252,0.0285765706683759,0.0470155790967603,"ENSMUSG00000039463"
13.3217254875637,0.883888074789088,0.491209320507182,0.0285767379028963,0.0470155790967603,"ENSMUSG00000089687"
604.123590760543,0.280535289068508,0.130061623673955,0.0286239293547029,0.0470884610445532,"ENSMUSG00000032398"
1750.73550359551,-0.277634845730799,0.12885396660189,0.0286448862024582,0.0471181747780531,"ENSMUSG00000005674"
227.064914550725,-0.42390650348564,0.201521800812996,0.0287081437882098,0.0472174562579043,"ENSMUSG00000035370"
44.1774706113606,1.00974971712856,0.627832024103812,0.028723863234581,0.0472337656058703,"ENSMUSG00000033826"
9694.67028192717,0.237909739142052,0.109812663551929,0.0287218828242612,0.0472337656058703,"ENSMUSG00000041453"
2591.82744037394,-0.262674081746363,0.121758521782725,0.0287305584490369,0.0472400030740831,"ENSMUSG00000003233"
1965.00316317485,0.16542615687338,0.0759926696504148,0.0287988423856159,0.0473427142348066,"ENSMUSG00000002778"
73.3110957444034,0.933541036173101,0.545758548735229,0.0287984987041374,0.0473427142348066,"ENSMUSG00000020914"
15.0230357231441,-0.820279775305969,0.44583554594149,0.0288174269986579,0.047368481943265,"ENSMUSG00000084169"
340.239572744067,-0.281207281815571,0.130636188754335,0.0288274178248362,0.0473801198861757,"ENSMUSG00000054517"
3776.91775822267,0.142672287615427,0.065522181361527,0.0288345263000878,0.0473870185878677,"ENSMUSG00000036275"
1930.91997914678,0.214199805733087,0.0988134268555865,0.0288653129960965,0.0474328250505208,"ENSMUSG00000035392"
6083.28853867907,-0.320551791139088,0.149716742350287,0.02890616171214,0.047495154976301,"ENSMUSG00000021986"
34.2694002189706,-0.650003923852259,0.328591633503097,0.0289747919059391,0.0476031149217679,"ENSMUSG00000031972"
1530.43099386486,0.159266360349169,0.0731914361535115,0.028979258403352,0.0476056482278498,"ENSMUSG00000002031"
31.5620867203097,-0.735738880886903,0.386426131194926,0.0289857981708719,0.047611586541418,"ENSMUSG00000024274"
713.538792766255,0.237391332690326,0.109865551919601,0.0290290103153394,0.0476777550109065,"ENSMUSG00000059142"
2142.57739058334,0.19425250226587,0.0895812324540582,0.0290944922266472,0.0477786348436263,"ENSMUSG00000021996"
1001.27267899084,-0.266824140541259,0.124035513990902,0.0290982479814252,0.0477786348436263,"ENSMUSG00000026199"
16.1712644436973,-0.835615747130294,0.459461312709047,0.029099237365752,0.0477786348436263,"ENSMUSG00000068079"
19.16168301782,0.817734122308376,0.445972510174716,0.029104228303102,0.047782009916076,"ENSMUSG00000052234"
649.179928291466,-0.242132667504208,0.112390665113262,0.0292132330921713,0.0479561323390848,"ENSMUSG00000010609"
8432.20588572565,0.236220830567822,0.102960214484017,0.0292843510641203,0.0480680313221488,"ENSMUSG00000055013"
478.581421428932,0.24459978421019,0.113439756983543,0.0292979365292212,0.0480854820349529,"ENSMUSG00000038302"
242.175043408889,-0.279352022830949,0.130212990106467,0.0293234760464608,0.0481225469386318,"ENSMUSG00000034379"
1321.56305951553,0.223098057519054,0.10322709251791,0.0293602440528544,0.0481780295052787,"ENSMUSG00000038984"
1297.27602751412,0.180027363684469,0.0831116761573162,0.0293759409597052,0.0481989282272031,"ENSMUSG00000001098"
3035.23355195872,0.20481580905688,0.0946403035786263,0.029403683077626,0.0482395840695017,"ENSMUSG00000021495"
24.575162390981,-0.714502219690501,0.372669640022059,0.029422607945361,0.0482657676241647,"ENSMUSG00000089662"
63.1352988780399,0.472509908746522,0.227489366126668,0.0294331789183625,0.048273205217028,"ENSMUSG00000039021"
1704.99175435013,-0.235073726097143,0.10929155592637,0.0294329572653738,0.048273205217028,"ENSMUSG00000039989"
2900.67429336735,0.877171898008173,0.492254853376045,0.0294360385172761,0.048273205217028,"ENSMUSG00000101111"
459.758567247228,-0.257444523851285,0.119754908272919,0.0294510086815107,0.0482928900289746,"ENSMUSG00000117234"
166.989126774977,0.378420763306142,0.178775339787257,0.0294637589704956,0.0483089311564995,"ENSMUSG00000035773"
1004.5770367836,-0.210717855184873,0.0976468927893683,0.0294733916022228,0.0483198578407677,"ENSMUSG00000038736"
308.950786893295,-0.253268123061081,0.117828198131071,0.0295329551759534,0.0484126328654753,"ENSMUSG00000037085"
1325.13102471025,0.801127854055412,0.433430417360093,0.0295508237223047,0.048437046475851,"ENSMUSG00000066687"
1503.23988208089,0.262851205021496,0.124296605176195,0.0295841854784015,0.0484868476860069,"ENSMUSG00000052430"
9.42133198795826,0.975907625653923,0.577477218001782,0.0296338768047758,0.0485633994390557,"ENSMUSG00000049897"
767.375036717975,-0.401466469628115,0.191160443468171,0.0296889665518068,0.0486487817123325,"ENSMUSG00000027274"
10978.5530031635,-0.2932076462917,0.13736866855625,0.0297025838700402,0.0486661962995989,"ENSMUSG00000046785"
658.782431092771,-0.184861425766277,0.085617511441532,0.0297398690628656,0.0487174789780946,"ENSMUSG00000022092"
380.546418031729,0.280132595082354,0.130850698277842,0.0297394780818598,0.0487174789780946,"ENSMUSG00000027860"
3142.41151603786,-0.17353697009286,0.0803286374652562,0.029770051727408,0.0487620146929712,"ENSMUSG00000031153"
3420.60934466868,0.128971005681932,0.0594731598134961,0.0298276329498605,0.0488514145445043,"ENSMUSG00000020946"
129.816340377931,0.373425373746276,0.176819481376766,0.0298441337724332,0.0488735220872905,"ENSMUSG00000015947"
3322.25071298935,-0.327237244430157,0.154052670198308,0.0298592109138382,0.0488932939599093,"ENSMUSG00000030283"
1204.59415662279,-0.186449643546313,0.0864454140878042,0.0298962955943647,0.0489490947178705,"ENSMUSG00000024181"
94.8799669479694,-0.44928439389622,0.216204009767836,0.0299405259259374,0.049016582623193,"ENSMUSG00000092120"
664.604266550705,0.267719509635943,0.12486929678026,0.0299480243516785,0.0490239280366677,"ENSMUSG00000059895"
1593.6733820753,-0.370735778897115,0.175987461637998,0.0300586297245706,0.0492000376728567,"ENSMUSG00000035898"
469.193649568496,-0.237987112325945,0.1109922495089,0.0300689441449596,0.0492119719275741,"ENSMUSG00000048495"
134.625849333273,0.613532180012761,0.309435858077173,0.0300831383381002,0.0492302529272741,"ENSMUSG00000022483"
3700.49319574913,0.171167083129102,0.0793253947966009,0.0301461848861923,0.0493284677902532,"ENSMUSG00000004530"
32.5941110590282,0.761958258485409,0.411428189603737,0.0301549839239368,0.0493379061527635,"ENSMUSG00000005131"
19955.2238585549,0.255882074288215,0.11985562221065,0.0301633134466901,0.0493465745010272,"ENSMUSG00000030275"
2449.982007707,-0.161131173095777,0.0747858549780679,0.0302617119033126,0.0495025772648099,"ENSMUSG00000021460"
1134.35516093245,0.346188832080883,0.163575429016574,0.0302789785359678,0.0495258453183766,"ENSMUSG00000027489"
1204.49696055958,0.185965822771203,0.0863639625078529,0.0303067184197317,0.0495662375601722,"ENSMUSG00000078440"
5400.88552271417,-0.185445847321152,0.086221924833313,0.0303233114341065,0.0495883929600548,"ENSMUSG00000022240"
1233.73159500362,-0.238893483478412,0.11156642409572,0.0303284976238304,0.0495918919458273,"ENSMUSG00000042354"
2845.78895640898,-0.19597974166887,0.09117932267763,0.0303316406490751,0.0495920496670997,"ENSMUSG00000027170"
1783.0928170552,-0.12927552012324,0.05991806159969,0.0304060151724681,0.0497086587302837,"ENSMUSG00000030204"
1192.16722171152,-0.221221983628379,0.103233341517833,0.0304364796871544,0.0497534661927595,"ENSMUSG00000056962"
5393.9047573941,-0.318143652916416,0.150307963672508,0.0305241491245307,0.0498917661862747,"ENSMUSG00000020290"
587.067678463419,0.260532848668497,0.122014033063309,0.0305713880286232,0.0499639612781052,"ENSMUSG00000106831"
1146.63926466801,-0.170273580974009,0.0792393839924211,0.0306496961411746,0.0500869143445478,"ENSMUSG00000024422"
2025.67265389229,-0.254165273816833,0.119176491584324,0.0306640036407966,0.0501052651339979,"ENSMUSG00000040681"
5674.62149816038,-0.15311417226166,0.0712322274048339,0.0307017271308213,0.0501618703438231,"ENSMUSG00000029686"
5694.91011943441,-0.282371156801385,0.132670713706375,0.0307191866849236,0.0501853593794847,"ENSMUSG00000023236"
167.873982203302,0.400145498536381,0.191316637661226,0.0307416597452063,0.0502170333499717,"ENSMUSG00000031379"
4324.38913270768,0.180083949796599,0.0838030746065544,0.0307693598289306,0.0502572385405713,"ENSMUSG00000034707"
12.8520077526506,0.865935667983213,0.489575412783163,0.0308414262064301,0.0503698942297852,"ENSMUSG00000063529"
1495.95636400519,-0.245801551616382,0.115230203402525,0.0308491091116858,0.0503773874518481,"ENSMUSG00000024797"
146.556251574474,0.36354201791622,0.173164099208226,0.0309032882865246,0.0504608011563895,"ENSMUSG00000042684"
90.2360956045683,0.41880394967688,0.201797144302007,0.0309214243024645,0.0504853505311451,"ENSMUSG00000023243"
17.6141833102582,1.05790044032714,0.692274611893567,0.0309708999149974,0.0505610579496868,"ENSMUSG00000067771"
326.084356886944,-0.456759507327,0.221977644814051,0.0309842459724792,0.050577773359408,"ENSMUSG00000020805"
2495.35133602815,0.319641020251596,0.151004397125406,0.0310278941640179,0.050638867174843,"ENSMUSG00000027333"
1411.95859109128,0.284890062815349,0.133860170093844,0.0310258184441218,0.050638867174843,"ENSMUSG00000034951"
30.290106138051,-0.85703963112809,0.497561898744559,0.0310822059347934,0.0507224208728388,"ENSMUSG00000033498"
248.838925613274,-0.290597472852177,0.137344608542595,0.031109597053421,0.0507620309578576,"ENSMUSG00000041238"
1480.46139341412,-0.277516839690178,0.130813060150616,0.0311175876242126,0.0507699800888977,"ENSMUSG00000028771"
2035.85137112339,-0.159494365838539,0.0743976750259447,0.0311504085509315,0.0508184355975208,"ENSMUSG00000029017"
17.8856041906306,-0.837024641139884,0.474348026968152,0.0311641038757348,0.0508356832236908,"ENSMUSG00000026175"
1351.6690436909,-0.229818440629802,0.107813055266835,0.0312103424805005,0.0509015736190394,"ENSMUSG00000039765"
500.772566857864,0.293262952368262,0.138267595806625,0.0312107510929864,0.0509015736190394,"ENSMUSG00000068615"
78.8329933239947,-0.505322571331853,0.248734742435415,0.0312788945469853,0.0510075982203794,"ENSMUSG00000118537"
201.082213666909,-0.385294332300961,0.184779454996996,0.0313208442434703,0.0510708907738365,"ENSMUSG00000054717"
65.450633960974,0.50443116215635,0.247887203621763,0.0313359289925311,0.0510903698057313,"ENSMUSG00000040658"
2759.61350367798,0.178374590706431,0.0835227120922773,0.0313433370850864,0.0510973301022569,"ENSMUSG00000027519"
599.212187646855,-0.210438707245545,0.098688111999674,0.0313924913235157,0.0511723386505296,"ENSMUSG00000075279"
220.921773141618,-0.361255965735085,0.172774657679815,0.0314118717618873,0.0511988032982879,"ENSMUSG00000057234"
116.201269984628,0.342936870143897,0.163191320951077,0.0314211053055411,0.0512068502719019,"ENSMUSG00000002297"
218.248828773929,-0.451072722607743,0.219430767984593,0.0314231003419356,0.0512068502719019,"ENSMUSG00000036661"
1616.33887767207,-0.140091423858325,0.0653811184203863,0.0314357170790658,0.0512222825438471,"ENSMUSG00000027618"
802.459599537868,0.242196177642653,0.113782397903415,0.0314398567230968,0.0512239002841127,"ENSMUSG00000022012"
6174.67197525736,-0.201720212741306,0.0946374637788285,0.0314901312515027,0.0513006761921499,"ENSMUSG00000042699"
6758.35224343225,-0.213587001384401,0.100253770605734,0.0315004397771275,0.0513123345033606,"ENSMUSG00000066232"
916.816749832569,0.181911252465985,0.0851009104445568,0.0315109500554875,0.0513243190917776,"ENSMUSG00000021361"
3672.45338018383,-0.204782134822342,0.0960803077812027,0.0315839562024581,0.0514329370811938,"ENSMUSG00000039105"
77.1599698804057,0.499287235633219,0.245321216458277,0.0315820722771935,0.0514329370811938,"ENSMUSG00000069456"
602.800536503514,-0.761712054454932,0.416579562801254,0.0317103836900561,0.0516336526664733,"ENSMUSG00000030711"
3253.45913238614,0.146677210054032,0.068550963229787,0.0317928004745127,0.0517626731470411,"ENSMUSG00000034190"
30.9428344409267,0.646785164354405,0.33342780982563,0.0318066627867927,0.0517800636907103,"ENSMUSG00000026611"
1155.73556873037,0.265756473886101,0.125451733295801,0.031814519276112,0.0517876744776552,"ENSMUSG00000051515"
78.4236306738924,0.731707131172541,0.395510890396058,0.031821652186025,0.0517915609437367,"ENSMUSG00000030793"
1897.90140653819,-0.230392107633243,0.108572535378762,0.0318232702149683,0.0517915609437367,"ENSMUSG00000031799"
36.7873582012474,0.920818702158905,0.551201891206203,0.0318319677287032,0.0518005369077107,"ENSMUSG00000024793"
2884.26384070321,0.145310028252797,0.0679423640548078,0.0318408444805618,0.0518098027243687,"ENSMUSG00000025037"
959.594539800266,0.192618408482397,0.0903633688794997,0.0318904848642894,0.0518809354269419,"ENSMUSG00000022621"
6059.97167272092,-0.320724320711342,0.153100182224029,0.03189093499705,0.0518809354269419,"ENSMUSG00000029838"
61.096411298809,0.629556407970351,0.323246750630915,0.0319016826560428,0.0518932337638718,"ENSMUSG00000038540"
407.462178832051,-0.308066884670145,0.146520190360796,0.0319528126338215,0.0519712114361856,"ENSMUSG00000116340"
358.398941257995,-0.28145385952035,0.133547857824172,0.032078302325162,0.0521701074282133,"ENSMUSG00000041671"
8584.74463416751,0.261257179516148,0.123465478411713,0.0321073051891404,0.0522120593275552,"ENSMUSG00000027248"
1527.97488802547,0.163013329010725,0.0764173052935905,0.0321870949268422,0.0523313554953193,"ENSMUSG00000007721"
278.473086459574,-0.336923019530875,0.160984400346871,0.0321856150493357,0.0523313554953193,"ENSMUSG00000028776"
662.125158755413,-0.201198656354203,0.0946998388539611,0.0321982465011482,0.0523390310111534,"ENSMUSG00000002963"
2192.47601120595,-0.1876109128737,0.0882335228542946,0.0321981698606738,0.0523390310111534,"ENSMUSG00000030956"
5352.92041292567,0.157642502335055,0.0739655523022308,0.0322711474745843,0.0524522954160043,"ENSMUSG00000035936"
826.204397258479,-0.192967037183028,0.0909744719315839,0.0325321365645549,0.0528712179510608,"ENSMUSG00000049299"
174.092401654945,0.304207828926611,0.144946848631001,0.032572527018014,0.0529315758010614,"ENSMUSG00000049811"
45.619174307544,0.514534024064086,0.255693765070806,0.032600688544116,0.0529720511200959,"ENSMUSG00000003355"
2404.05417555536,-0.228282776786095,0.107979969836878,0.0326215988859585,0.0530007372657583,"ENSMUSG00000036450"
16.6549287838609,0.852162008862839,0.486891923629805,0.0326250835295049,0.0530011087518245,"ENSMUSG00000085576"
1175.45928450057,-0.206303830019981,0.097417293698966,0.0326448295688323,0.0530278949926606,"ENSMUSG00000022557"
252.292180542034,0.349736167929755,0.167876909852358,0.0326756145628341,0.0530726056529449,"ENSMUSG00000041319"
1331.93696125576,0.385757364642098,0.186287462361966,0.0327448583605922,0.0531797669753287,"ENSMUSG00000074637"
1464.67148016284,0.210741225747164,0.0996057095287409,0.0329195975414786,0.0534582211472655,"ENSMUSG00000078584"
177.892840123449,-1.02608946651278,0.680471144061212,0.0329364600327318,0.0534802689688587,"ENSMUSG00000079363"
1073.24902844266,0.230008782524127,0.108947748068137,0.0330046169035732,0.0535855928542155,"ENSMUSG00000011096"
4738.44450781808,-0.21792766909571,0.103236085159811,0.0330233769483925,0.0536107040955354,"ENSMUSG00000042750"
2745.18058868479,-0.234775022823977,0.11100705568552,0.0330346233003765,0.0536236136900207,"ENSMUSG00000042271"
10335.6833899213,-0.212238071718359,0.100547004048971,0.0331094045109316,0.0537396436961755,"ENSMUSG00000037012"
511.446445775832,-0.35599861468129,0.171963200901816,0.0331338096445451,0.0537738936584153,"ENSMUSG00000027722"
33.8616225807662,0.717801353548572,0.388089407582582,0.0331950427192617,0.0538679000482645,"ENSMUSG00000019464"
5653.98736483173,-0.229255037119328,0.108837425569894,0.0332504448173052,0.0539524263094192,"ENSMUSG00000020372"
17582.5081990936,0.230036092797965,0.104792875897911,0.033356299800033,0.0541187927982594,"ENSMUSG00000020368"
2013.58627686312,0.251377653680808,0.119917354653153,0.0333616068346037,0.054122008775531,"ENSMUSG00000044712"
1444.64414021488,-0.213095362467241,0.101103070656455,0.0333672081890197,0.0541257015347147,"ENSMUSG00000010755"
6922.90855377535,-0.213914857520517,0.101495286803338,0.0333826869334053,0.0541454142987217,"ENSMUSG00000042331"
3413.2757250347,-0.137243803242424,0.06477037734574,0.0333915640592708,0.0541544166341347,"ENSMUSG00000032480"
11.4202147037949,0.89715083163828,0.528064269277319,0.0334296773874834,0.0542108277060625,"ENSMUSG00000073412"
10.0016250796257,0.962426221209953,0.59237405711945,0.033443381571947,0.0542276486929129,"ENSMUSG00000009248"
4234.30345173648,0.275508066563781,0.13060339937153,0.0335032565316859,0.0543193236875282,"ENSMUSG00000025728"
992.836934482239,-0.217371431048845,0.103281462303862,0.0335477494189895,0.0543860437249588,"ENSMUSG00000051934"
10.8103777238154,0.97553729515588,0.627347071250329,0.0336240543954189,0.0545043176108971,"ENSMUSG00000046245"
726.369945127165,-0.491973752132162,0.245203806237723,0.0336374594974438,0.0545206179129135,"ENSMUSG00000037341"
534.842848537196,-0.826435847881432,0.474367894460892,0.0336703901207907,0.0545631269672704,"ENSMUSG00000019997"
2147.42341842332,0.207264649683447,0.0982906862487574,0.0336703195657063,0.0545631269672704,"ENSMUSG00000032295"
1954.76315300882,0.160988119725245,0.0762079395224674,0.0337755489812214,0.0547280894202989,"ENSMUSG00000034807"
3735.82883967721,-0.210038246246139,0.0999202867954893,0.0338071734267718,0.0547738796696518,"ENSMUSG00000027599"
725.545285829722,0.227546015971054,0.108356328866017,0.0339106175011501,0.0549360103188416,"ENSMUSG00000028630"
9.50528185041906,-0.978388772359453,0.620216593442287,0.0339878501998264,0.05505564987091,"ENSMUSG00000094281"
7446.57054509399,0.254213376191361,0.121382341282079,0.0340138197857547,0.0550922346738821,"ENSMUSG00000075706"
1709.99671170811,-0.206871576594428,0.0984899398222811,0.0340371422973132,0.0551245251532847,"ENSMUSG00000021254"
2636.10772723539,-0.334891640250201,0.16208145146673,0.0340637643684091,0.0551621524461762,"ENSMUSG00000024558"
2481.32204006683,-0.209857739785153,0.0999722726176413,0.0340973931927204,0.0552111177152196,"ENSMUSG00000044600"
2511.37523780207,0.252572976390593,0.120581445380352,0.0341010253584118,0.0552115069409416,"ENSMUSG00000020261"
6243.1452662499,-0.185158134018642,0.0873713970518067,0.03411367246086,0.0552264903349457,"ENSMUSG00000005161"
4072.48509058618,0.441552420716399,0.217618308011568,0.0341253666943203,0.0552399283064981,"ENSMUSG00000061436"
12.6693702484117,-0.903008276183593,0.544578068983296,0.0341330070335666,0.0552468020773985,"ENSMUSG00000001510"
18.6845629713806,0.79809692879243,0.453948163359546,0.0341395924953947,0.0552519672539308,"ENSMUSG00000039853"
18.0193835033308,0.920228630459425,0.560273031492898,0.03418117836211,0.055313770889594,"ENSMUSG00000024600"
1808.98180655856,-0.233481240491415,0.112684359774608,0.0342318144882412,0.0553902063856451,"ENSMUSG00000030688"
2531.09334880058,0.288689723993512,0.138575628245166,0.0342613831124302,0.0554325409307363,"ENSMUSG00000028669"
2428.51905486071,-0.223187451437943,0.106487574565903,0.0342890480551585,0.0554717873426625,"ENSMUSG00000031202"
94.7029773072021,0.466963512593474,0.231388976287664,0.0343247472476436,0.0555240222296673,"ENSMUSG00000096793"
122.15113579771,0.355402154105955,0.172236918192675,0.0343969566842521,0.0556353001695406,"ENSMUSG00000024778"
649.934523303223,0.358696442857508,0.174066045170485,0.0344029028445468,0.0556393892204205,"ENSMUSG00000044042"
3423.61633458298,0.163241983794666,0.0776995719776448,0.0344565503518602,0.0557150816159312,"ENSMUSG00000024593"
1967.005739756,-0.224354620412411,0.10815610942063,0.0344549351483679,0.0557150816159312,"ENSMUSG00000057469"
3891.75118553286,0.230650512559214,0.108693869699184,0.034469944086262,0.0557256678752779,"ENSMUSG00000027680"
1285.62414282961,-0.206711625069393,0.0986349316790954,0.0344669530837576,0.0557256678752779,"ENSMUSG00000079508"
45.7838344863139,0.675078169809806,0.35958559950046,0.0344856605108632,0.0557455394037568,"ENSMUSG00000021822"
31.3118165839334,-0.74071939234503,0.407035101305142,0.0344909967155504,0.0557486291863498,"ENSMUSG00000084408"
854.028873910605,-0.33573286410015,0.165073289057135,0.0345027058743195,0.0557620180919553,"ENSMUSG00000047767"
331.401336226156,-0.394921062677054,0.193545340566596,0.0345233898415771,0.0557899076582142,"ENSMUSG00000046607"
4405.4902996248,0.159189720202784,0.0756559678179129,0.0345704249454148,0.0558603709808876,"ENSMUSG00000028803"
385.724623323346,0.276360693070692,0.132894098221442,0.0346826638238381,0.0560361689056513,"ENSMUSG00000002068"
13.750757560113,-0.880617461093968,0.525448051468497,0.0347864011302784,0.0561981974591774,"ENSMUSG00000079428"
1354.75189913915,0.195869201763811,0.0934485834188482,0.0348095424347316,0.0562300021586346,"ENSMUSG00000042043"
68.1236240685897,-0.538278723604355,0.273964450785869,0.0349440623956404,0.0564416995114343,"ENSMUSG00000032334"
1513.28478558748,-0.135513727015451,0.064488376711367,0.0349521433303582,0.0564491506232335,"ENSMUSG00000028668"
617.135859190128,-0.256578623011131,0.123372874773593,0.0349556880716865,0.0564492748443366,"ENSMUSG00000015605"
1478.53794667675,-0.180075372908635,0.0859918015008497,0.034968832558462,0.0564648999490769,"ENSMUSG00000059475"
2913.08409653983,-0.208284237741696,0.100077159222145,0.0350026573673075,0.0565139115874858,"ENSMUSG00000029752"
738.027330973028,0.232093038675102,0.111296680275135,0.0351257021858297,0.0567069503303517,"ENSMUSG00000052102"
646.336786882048,-0.212754628008133,0.101951706271598,0.0351301004909754,0.056708426794139,"ENSMUSG00000091803"
4502.16005959953,-0.414730877381585,0.203359064742108,0.0351652712299585,0.0567595721448949,"ENSMUSG00000056999"
9410.66378917856,-0.299434715721554,0.145104717683204,0.035180285726058,0.0567781767845302,"ENSMUSG00000037458"
16.7330100192042,-0.846089877138959,0.495893716784202,0.0351903058677944,0.0567887180446077,"ENSMUSG00000102746"
603.170861892831,0.241665846651599,0.116086944263851,0.0352055570268388,0.0568040392348809,"ENSMUSG00000026279"
332.638116110655,0.292548022097103,0.141317575195352,0.0352067792014199,0.0568040392348809,"ENSMUSG00000039886"
337.884919618117,0.284988686015037,0.13754940868484,0.0352762560184748,0.0569104950910538,"ENSMUSG00000018012"
2560.196477478,0.233841097737887,0.112992962813544,0.0352993561891581,0.0569421187243202,"ENSMUSG00000041958"
1241.92887932258,-0.184120608791586,0.0881689617769853,0.0353379745583019,0.0569987663357153,"ENSMUSG00000044857"
108.756752355351,-0.366692757387617,0.179564508596335,0.0353493129303953,0.0570114055167914,"ENSMUSG00000073448"
3066.18023888716,-0.125588910546176,0.0599223817156688,0.0353937679508674,0.0570758786302148,"ENSMUSG00000042502"
27.8578952770844,0.683983162754376,0.368605827023733,0.0353963014358041,0.0570758786302148,"ENSMUSG00000045467"
5860.7265742227,0.11476901412877,0.0546767163166538,0.0354222701876163,0.0571120952965549,"ENSMUSG00000021395"
205.178214197353,0.332200264541076,0.161530724050155,0.0354838962825336,0.0572057902037319,"ENSMUSG00000057219"
678.620006738841,-0.234452206468395,0.112656149095337,0.0355184275670983,0.0572557896551027,"ENSMUSG00000022972"
18.0516735843642,-0.740935996461114,0.410201504554288,0.0355318946259319,0.057271826984941,"ENSMUSG00000063838"
7976.36799540755,0.169220924265678,0.0809005756748799,0.0355513081113628,0.0572974448947291,"ENSMUSG00000001440"
822.65517934768,0.333258523328985,0.162208155717672,0.0355619815988221,0.0573089730190699,"ENSMUSG00000005804"
10.4611865757419,0.916535974052379,0.55992839836125,0.0355706882581277,0.0573173295848151,"ENSMUSG00000019178"
170.808966317456,0.379994474601878,0.186443393118207,0.03565446236184,0.057444860347933,"ENSMUSG00000018899"
4807.32087505725,0.193328754303665,0.0926640694148593,0.035656890831522,0.057444860347933,"ENSMUSG00000071072"
515.541937646598,-0.238026687924219,0.114728643959996,0.0356674138914873,0.0574561269990727,"ENSMUSG00000020910"
645.654607650309,0.234323879485296,0.112741914277758,0.035689100679297,0.0574853731305756,"ENSMUSG00000027207"
1082.11833339907,-0.243286038211392,0.117099820843241,0.0357078693663589,0.0575099136782022,"ENSMUSG00000008958"
2730.40935299807,0.265251741670171,0.127969549280858,0.0357194889749835,0.0575229364399269,"ENSMUSG00000057098"
1276.64424380989,0.271272021670513,0.131105264208419,0.0357471367663508,0.0575617659790937,"ENSMUSG00000055371"
2306.56400389663,-0.156113916155661,0.0747948291017089,0.0358795287213413,0.0577692352646877,"ENSMUSG00000014353"
1148.78912944646,0.174163320081582,0.0835133310281559,0.0359762744914789,0.0579192756574319,"ENSMUSG00000024082"
14656.9645923823,0.143828783044189,0.0688502725191041,0.035995661514065,0.0579447565393543,"ENSMUSG00000062070"
2211.92960705591,-0.149138512725899,0.0714716096228115,0.0360038438265034,0.0579521971529538,"ENSMUSG00000095567"
3988.81612408289,-0.199588286380762,0.0960735741351202,0.0360265631387637,0.0579804485579076,"ENSMUSG00000002546"
207.373866038916,-0.299313058396064,0.145685087830851,0.036028519299867,0.0579804485579076,"ENSMUSG00000098332"
12.2606004251389,0.860813881763308,0.507924471658897,0.0361545283995798,0.0581774825314709,"ENSMUSG00000015880"
61.8851062782366,-0.492890338205154,0.249616143666798,0.0361832297317767,0.0582179117894496,"ENSMUSG00000031997"
149.462062125381,1.16395639062025,1.14459170568934,0.0362613371846072,0.0583378184118439,"ENSMUSG00000095207"
11.8074551229893,0.834889522163884,0.485943882979726,0.0363436248446456,0.0584644258544461,"ENSMUSG00000058057"
478.751998478303,-0.197040386702839,0.0949499845110572,0.0363781084024652,0.0585141154718705,"ENSMUSG00000032698"
616.116860605416,-0.223908910129002,0.108148907774207,0.0363875853061381,0.0585235760906349,"ENSMUSG00000025545"
656.718434355827,-0.246682072114055,0.119457712862586,0.0363966833482722,0.0585324255624556,"ENSMUSG00000073792"
72.8943736790153,0.583011993659383,0.304156410759778,0.0364023986707513,0.0585358338005027,"ENSMUSG00000026955"
563.858111759326,-0.273295080680687,0.132752973408906,0.0364535078106775,0.0586122283822805,"ENSMUSG00000023284"
475.430788492247,-0.279856569540456,0.136142655738159,0.0364733420812168,0.0586383271504244,"ENSMUSG00000063889"
122.312396788671,0.405367060991042,0.200906831912428,0.0365102937729492,0.0586919377874844,"ENSMUSG00000067081"
8412.27504060877,0.125344719646274,0.0600804192791299,0.0365437797009434,0.0587399670160914,"ENSMUSG00000035569"
956.970006807062,-0.171461505416229,0.0825492835795871,0.0365792654744829,0.0587912009669859,"ENSMUSG00000021993"
6693.17496999632,-0.168343785361508,0.0808662449108234,0.036671516809633,0.0589336509652687,"ENSMUSG00000028426"
4180.10984885822,0.208733764803931,0.102469831527552,0.0367046295583557,0.0589810424433281,"ENSMUSG00000024429"
22.5591916311639,0.857653185927553,0.509778234214089,0.0367302928541123,0.059010630386818,"ENSMUSG00000005503"
6989.51980998928,0.31558938166852,0.154089130992475,0.0367273227042292,0.059010630386818,"ENSMUSG00000029636"
100.312097050481,0.409369928737331,0.203481637706071,0.0367671054504829,0.0590639437997593,"ENSMUSG00000038543"
1626.76229962092,0.194878427885038,0.0940395387176538,0.0368903256110278,0.0592560410791701,"ENSMUSG00000021417"
218.283011495807,-0.518437396565163,0.265683783340691,0.0369081767697593,0.0592788654620762,"ENSMUSG00000027524"
10181.3746619682,-0.184069828855478,0.0888449168308006,0.0369510886234865,0.0593419317889812,"ENSMUSG00000042429"
73.8787610301827,0.456304623332577,0.229453925745743,0.0369958780454676,0.0594080006731895,"ENSMUSG00000074215"
4089.27446068189,-0.192092733125739,0.0928489654620665,0.0370123547812996,0.059428596481554,"ENSMUSG00000022855"
4297.31470999615,-0.16841491500839,0.0811904159125688,0.0370560096052306,0.059492822206721,"ENSMUSG00000033530"
598.392499022786,-0.263995831427263,0.128633298155309,0.0370893351410123,0.0595353920251598,"ENSMUSG00000027552"
9022.39296371186,0.215167640544199,0.104097957778159,0.0370898396932759,0.0595353920251598,"ENSMUSG00000034336"
5235.01661478516,-0.216071549911615,0.10488204998487,0.0371194459644964,0.059577040170585,"ENSMUSG00000026860"
154.179406679054,0.410155645447533,0.20444192969009,0.0372594618533797,0.0597958710489317,"ENSMUSG00000031077"
422.557165449922,-0.404905944506381,0.202063374763684,0.0373039039284051,0.0598612922068787,"ENSMUSG00000043372"
17.0292523302444,-0.872249716361769,0.537251969973018,0.0373118524592758,0.0598681453259825,"ENSMUSG00000085682"
58.616708798997,0.475541180454857,0.240516947773907,0.0373243565797423,0.0598823059732945,"ENSMUSG00000031303"
2827.68169554091,0.263013987036526,0.128078903801059,0.0373561266377871,0.0599273705932688,"ENSMUSG00000029765"
35.4573025833716,0.58662452438832,0.307468225522441,0.0373728280773986,0.0599482553649877,"ENSMUSG00000021478"
235.469327717226,-0.308505379039437,0.151395431303546,0.037380381679051,0.0599544637867368,"ENSMUSG00000045062"
231.302905423038,-0.325752828037831,0.160354507332898,0.0374073573525242,0.0599918190132403,"ENSMUSG00000019845"
606.652233906571,0.281652683975136,0.137500415959875,0.0374303071338164,0.0600227110160835,"ENSMUSG00000021257"
108.467987597147,-0.42015716358655,0.210640582890266,0.0375009564190019,0.0601300796481987,"ENSMUSG00000074476"
294.63471211798,-0.332609118934262,0.163931049334417,0.0375120866156672,0.06014200196295,"ENSMUSG00000028671"
520.11105888525,-0.217379891591364,0.105574221772839,0.0375842325245882,0.0602517369544265,"ENSMUSG00000021432"
226.583751555953,-0.304774842033195,0.14969503861823,0.0375955767094545,0.0602639879543575,"ENSMUSG00000018923"
17.2999881880308,-0.763418784760573,0.433989429658957,0.0376048232098726,0.0602728743806919,"ENSMUSG00000103711"
1215.63001775049,0.287251400740044,0.140602745379035,0.0376312241639467,0.0603070068083839,"ENSMUSG00000018459"
1065.62370607507,0.246664247187578,0.120108100798471,0.0376335283916675,0.0603070068083839,"ENSMUSG00000021245"
579.212455289874,-0.230876097287623,0.112365062699313,0.0376697137378781,0.060359051109871,"ENSMUSG00000096458"
592.22350042291,-0.320170057945094,0.157638054814544,0.0376914606890691,0.0603879524701444,"ENSMUSG00000049971"
110.937650022565,0.460775664951951,0.232836295845739,0.0377076653149465,0.0604079692940359,"ENSMUSG00000028100"
13.1090621646129,-0.79598153458243,0.459237433811181,0.0377206050397811,0.0604227522965516,"ENSMUSG00000073555"
600.921233123923,0.254464606805613,0.124023529603684,0.037727646358294,0.0604280849572281,"ENSMUSG00000068922"
23.4669798737808,-0.757128166400883,0.435937982979998,0.0377721806811854,0.0604934629209303,"ENSMUSG00000022754"
15.5345228631046,0.816376680187518,0.477380936717176,0.0377837029042598,0.0605059631948392,"ENSMUSG00000074004"
1001.24780256454,0.186928111722243,0.0906492162745584,0.0378635038954104,0.060621827127913,"ENSMUSG00000004929"
264.374239089395,0.394294788085405,0.196536404159605,0.0378634597743754,0.060621827127913,"ENSMUSG00000079283"
960.807951333514,0.239622476559536,0.114178163170882,0.0379202300196422,0.0607066782316813,"ENSMUSG00000028999"
1885.61673325582,0.24067148444912,0.117301059796394,0.0379587236076411,0.060762326962846,"ENSMUSG00000030301"
695.402953237159,-0.236099531485472,0.115216539658609,0.0379720971483673,0.0607777578545844,"ENSMUSG00000022204"
1481.56041995074,-0.193961424012588,0.0942240941610287,0.037982628653976,0.0607886372263712,"ENSMUSG00000035354"
2899.42381736366,-0.205719860287685,0.100811733877104,0.0380202619339909,0.0608428847583075,"ENSMUSG00000106864"
2370.1611458994,-0.124269660284725,0.0601084774995675,0.0380379057801123,0.0608651361730726,"ENSMUSG00000029550"
1133.56274716062,0.171930696991487,0.0833954420519313,0.0381077780815153,0.0609664405741925,"ENSMUSG00000034274"
360.332212020046,0.30567227950076,0.15031027386529,0.0381087070182092,0.0609664405741925,"ENSMUSG00000071669"
35581.8098894284,-0.204089320788577,0.0967914910028242,0.0381151479293813,0.0609707525544878,"ENSMUSG00000026797"
10.5647993474553,-1.05067857211734,0.765219802547872,0.0381309699307327,0.060990068638348,"ENSMUSG00000092072"
8.5084520054708,-0.95697700942887,0.617663240454998,0.0381637572757722,0.0610365141417783,"ENSMUSG00000094531"
914.759575402982,-0.172137603381192,0.0835902726176471,0.0381899951197272,0.0610724767225582,"ENSMUSG00000036980"
839.968004099468,-0.199183018828835,0.0969441380788733,0.0382385787956735,0.0611441636184649,"ENSMUSG00000037958"
98.0164326281103,0.422886836575311,0.212966382872864,0.0383251998662699,0.0612766529243829,"ENSMUSG00000026029"
1796.72539701352,-0.123670741494021,0.0599249548107606,0.0383983176869093,0.0613875285118355,"ENSMUSG00000002733"
352.651883981128,0.343435357846645,0.170044003654435,0.0384037653064957,0.0613902083530529,"ENSMUSG00000050919"
3876.03631955563,-0.209685592578169,0.101878208840619,0.0384354626585418,0.0614272660984355,"ENSMUSG00000037104"
1351.56725022539,-0.18197735269389,0.0887529596712273,0.0384382683670392,0.0614272660984355,"ENSMUSG00000085793"
36.1644611790576,-0.567904915194634,0.29873432135816,0.0384368095876378,0.0614272660984355,"ENSMUSG00000109305"
1291.64129274469,-0.201405222463514,0.0981603756868666,0.0384602896035598,0.0614564242825901,"ENSMUSG00000028902"
46.5151939173707,-0.687448923497507,0.383833644184198,0.0386452043257279,0.0617458417760305,"ENSMUSG00000000365"
394.450048656639,-0.264744098412908,0.130108771953873,0.0387661566677024,0.061933015824601,"ENSMUSG00000045237"
2129.81314997066,-0.200411173872004,0.0978724193381549,0.0388132467587905,0.0620021619960345,"ENSMUSG00000056216"
419.875715916139,0.26168685869008,0.128551128522989,0.0389342845269655,0.062189410610337,"ENSMUSG00000026172"
997.259450003031,0.300270237035669,0.148237857387238,0.039021350084353,0.0623223642732631,"ENSMUSG00000031502"
16.9818317628878,0.73944334496214,0.418877800276445,0.0391480083722436,0.0625185205811225,"ENSMUSG00000032985"
1048.2596638427,-0.36288071489901,0.18152179613329,0.0391890886462945,0.0625779855782208,"ENSMUSG00000034218"
775.334278899024,0.263608308074699,0.129629568865728,0.0392251467808146,0.0626294202352231,"ENSMUSG00000025260"
22.1852357094425,0.769665320860952,0.44978068692817,0.039255532938859,0.0626717894447575,"ENSMUSG00000030606"
2668.95865071465,-0.139529022203865,0.0680050482424119,0.0393061516846513,0.0627464486734093,"ENSMUSG00000022682"
4559.02144249216,-0.150782504167641,0.0735804535187321,0.0393895421286827,0.0628734032918903,"ENSMUSG00000001910"
895.827533917667,-0.305434855728335,0.151616021601514,0.0394661303986733,0.0629894764809888,"ENSMUSG00000103472"
11.5915955221103,-0.954102581324003,0.642499413422663,0.0394886392897536,0.0630192225841774,"ENSMUSG00000024575"
23.1649862461108,-0.692233016869193,0.386271620045677,0.0397510756010009,0.0634318212560623,"ENSMUSG00000114228"
535.475050780488,-0.21320335458007,0.104732135785483,0.0397558101456326,0.0634331579641842,"ENSMUSG00000043557"
1214.11881037904,-0.223413803072306,0.109925710756309,0.0398338560036539,0.0635465116620983,"ENSMUSG00000031787"
3967.81354098615,-0.135336683197914,0.0660897310867437,0.0398385644128095,0.0635465116620983,"ENSMUSG00000036323"
458.854163934729,-0.24510731760605,0.120888273929144,0.0398370618776859,0.0635465116620983,"ENSMUSG00000073435"
869.323290573512,0.161104025958609,0.078780652644932,0.0398815881898161,0.0636089057959853,"ENSMUSG00000027650"
23.0406590934728,0.729377176820834,0.417815065570728,0.0400039296321312,0.0637915327734945,"ENSMUSG00000026354"
98.0478780110119,0.434740352572936,0.221672840157129,0.0400031033828074,0.0637915327734945,"ENSMUSG00000099034"
3121.49998706276,0.179626721791985,0.087995246538942,0.0400655229589673,0.0638772363100951,"ENSMUSG00000050565"
4247.02294081526,0.249894527550986,0.123227156134716,0.0400626252498256,0.0638772363100951,"ENSMUSG00000051343"
89.3197016021961,0.498649215856458,0.258223905817002,0.0401561280305249,0.0640154198492689,"ENSMUSG00000091472"
517.906533143863,-0.255805273978878,0.126498852728777,0.0401866455113381,0.0640577962821741,"ENSMUSG00000096433"
2791.04970991188,-0.359667723622444,0.180867413085047,0.0402156853696387,0.0640978093064701,"ENSMUSG00000026361"
40.2891693466489,-0.597701953252153,0.321277310395435,0.0402233731981963,0.0641037858743135,"ENSMUSG00000006574"
136.209641073006,0.434896342121585,0.221830093331176,0.0403601687388096,0.0643154994351779,"ENSMUSG00000052407"
162.955268937313,1.02405696200628,0.746351885144666,0.0404423595836389,0.0644401653585038,"ENSMUSG00000083012"
6162.48338560197,0.160999161714486,0.0789638832251146,0.0404986013856242,0.0645234641631781,"ENSMUSG00000034024"
263.99197683118,0.365069609653906,0.183616156127138,0.0405335572595526,0.0645704387553631,"ENSMUSG00000017756"
2784.55489273294,-0.155789002157779,0.0765306490228113,0.0405360187763273,0.0645704387553631,"ENSMUSG00000032329"
871.966758883645,-0.360697395272103,0.181683035379695,0.0405422417585727,0.0645740324213352,"ENSMUSG00000042724"
4802.70567499065,0.190364669718673,0.0932395255948128,0.0405658997061864,0.0646053923703457,"ENSMUSG00000020949"
1460.99317711221,0.253673773675036,0.125442060327364,0.040615473704562,0.064678016138022,"ENSMUSG00000038679"
1556.71485074097,0.24481151289182,0.120934567211773,0.0406941435830044,0.0647969548316683,"ENSMUSG00000001418"
2652.45696632833,-0.265098454798681,0.135795705455881,0.0407582546186995,0.0648926905989036,"ENSMUSG00000022105"
19.6005122225526,0.687314078251727,0.383737002878338,0.0407859578377195,0.064930447108303,"ENSMUSG00000022236"
33.7885665511855,0.661475382834169,0.365259308786371,0.0408198757159097,0.064965382958895,"ENSMUSG00000024679"
198.323500877563,-0.291421481946237,0.145180379904116,0.0408160807395029,0.064965382958895,"ENSMUSG00000031217"
13.7048910318628,-0.82154338739968,0.496041013744405,0.0408196715741647,0.064965382958895,"ENSMUSG00000094035"
1516.66829652769,0.141459140900583,0.0693917923971504,0.0408524629762071,0.0650108898549906,"ENSMUSG00000048911"
594.655084056798,0.198257195194008,0.0977428234096389,0.0409089302953279,0.0650943858599557,"ENSMUSG00000051950"
10060.379236846,-0.154847337676646,0.0761096361148427,0.0410090831684911,0.0652473713045351,"ENSMUSG00000000563"
2585.38283657539,-0.198844213113984,0.0981979047982877,0.0410445327824463,0.065297390992246,"ENSMUSG00000018286"
2219.99721314753,-0.181926564048507,0.0897374245967125,0.0410845294150325,0.0653418631966682,"ENSMUSG00000024566"
8273.32476641365,0.174810589126132,0.0861912520588093,0.0410795726074762,0.0653418631966682,"ENSMUSG00000063253"
337.211535811843,-0.268015201685823,0.133513838970375,0.0410836478931628,0.0653418631966682,"ENSMUSG00000075704"
816.568800565202,-0.248835434350858,0.123581232581215,0.0411243246163958,0.0653961117905536,"ENSMUSG00000027574"
20521.4864603263,0.191197551679615,0.0945013096643984,0.0411266738174159,0.0653961117905536,"ENSMUSG00000032186"
10.9975003450198,0.944890132288498,0.626045408862306,0.0411424933120697,0.0654148765514623,"ENSMUSG00000090326"
1919.92593737297,0.273338209046403,0.134961928323054,0.0412720298652255,0.065614425446444,"ENSMUSG00000028878"
555.734905123652,-0.287783442097293,0.143816990404981,0.0412801567319618,0.0656209366487182,"ENSMUSG00000060402"
708.643162887522,-0.196173032435982,0.097014237645515,0.0413440700519321,0.0657161187682209,"ENSMUSG00000028293"
1917.89084004293,-0.215979710595934,0.106955327780381,0.0413525582438116,0.0657231930377626,"ENSMUSG00000055720"
242.900795168983,-0.511551042030455,0.268808177139778,0.0414504077534681,0.0658722774002688,"ENSMUSG00000024136"
75.4706963778927,0.545914477470094,0.291833542404289,0.0414654876138413,0.065889809388726,"ENSMUSG00000042567"
410.012556802474,-0.201042129491292,0.0996212125992591,0.0414980224718156,0.0659286365211999,"ENSMUSG00000051730"
377.987081188807,-0.265117988138417,0.132188844007868,0.0414965089478115,0.0659286365211999,"ENSMUSG00000071654"
2864.22398631878,0.201739170945088,0.0998258358016759,0.0415068458976061,0.0659362191393806,"ENSMUSG00000021745"
11785.8887522017,0.188255896084573,0.0929906189777518,0.0415979699886567,0.0660745272712094,"ENSMUSG00000037032"
385.000029691564,0.339004908990534,0.170774795488155,0.041696445337524,0.0662244840671496,"ENSMUSG00000113393"
1401.15057003258,0.163518986872095,0.0807381098804024,0.0417190364259093,0.0662538999942392,"ENSMUSG00000020899"
1372.88497719977,-0.15742738511491,0.0777524837405276,0.041724205511708,0.0662556450414187,"ENSMUSG00000055707"
3624.21254076661,0.215618956721317,0.106777743670351,0.0417626482693349,0.0663102212766517,"ENSMUSG00000025508"
868.753651188966,-0.291934648489995,0.146477860329892,0.0417914253359453,0.0663479385150564,"ENSMUSG00000042138"
15.7676529737202,0.727487188587348,0.418028807867945,0.0417945547077889,0.0663479385150564,"ENSMUSG00000072980"
4169.97545904531,0.138214097870209,0.0681336309772242,0.0418006240446504,0.0663511027010063,"ENSMUSG00000019802"
636.756774223117,-0.22986691438096,0.114237977554241,0.0418337968020516,0.0663972839648787,"ENSMUSG00000051319"
10735.1867794766,0.159292220298794,0.0787293616146646,0.0418570338533575,0.0664276881217659,"ENSMUSG00000030058"
1505.66134639113,-0.286640067437849,0.144754074208652,0.0419108014985373,0.0665065340995506,"ENSMUSG00000040325"
294.958224207036,-0.32286875129321,0.162687615148172,0.0419252074386401,0.0665229093173003,"ENSMUSG00000071855"
18.0752659346464,-0.70885466334617,0.403508674843852,0.0419869813306401,0.066614432953232,"ENSMUSG00000074676"
139.449655590864,0.477671956380968,0.248655739554989,0.0420432796178437,0.0666972522774836,"ENSMUSG00000025141"
6524.88225443444,-0.140000893076683,0.0691915589005278,0.0420577717368677,0.0667137408236926,"ENSMUSG00000078812"
61.7538299682829,-0.456543161726376,0.236699840870602,0.0420703744871481,0.0667272294555001,"ENSMUSG00000038188"
27.8387294726766,0.829177535074949,0.509811044194595,0.0421206013960987,0.0668003847940076,"ENSMUSG00000046242"
2425.45186801556,-0.220777295334201,0.111160372406665,0.0421310501256976,0.0668104465607506,"ENSMUSG00000042743"
1150.48468337463,0.333994232546174,0.168511920514116,0.0421419367840745,0.0668212007569807,"ENSMUSG00000033282"
1990.51294189066,0.156941651734693,0.0775700374180648,0.04216399915298,0.0668496715897739,"ENSMUSG00000042055"
83.9803473995691,-0.546141205577045,0.291399726620036,0.0421927315407561,0.0668887109486198,"ENSMUSG00000040287"
4800.94421469845,-0.149320968922044,0.0739074130511538,0.0422433204870046,0.0669623888292396,"ENSMUSG00000066037"
193.432717909124,0.274437961577429,0.137450871610757,0.0422888006769036,0.0670279549579977,"ENSMUSG00000046605"
1104.20263910762,0.171929263897858,0.0851628558864255,0.0423386548448689,0.0671004404210667,"ENSMUSG00000039983"
394.530193628613,-0.227676409256767,0.113479381421886,0.0423869439673288,0.0671704316491606,"ENSMUSG00000055401"
19093.1024044714,0.225944644232894,0.112436511485407,0.0424411813230722,0.0672432888433881,"ENSMUSG00000040249"
1456.77538691259,0.203913770032737,0.100977450406885,0.0424409897257386,0.0672432888433881,"ENSMUSG00000052911"
2241.02651213954,0.19410254113134,0.0964666331811845,0.0425248270100296,0.0673692587901958,"ENSMUSG00000057649"
7777.41471075264,-0.13391161516482,0.0663129582953102,0.0425434380020864,0.0673921840986729,"ENSMUSG00000024897"
250.236370306145,0.271992297498175,0.136217398095981,0.0425543333406485,0.0674028839271262,"ENSMUSG00000067916"
101.236915960646,0.347531132358656,0.176228512772099,0.0426964864926364,0.067621464013148,"ENSMUSG00000040121"
3680.45649709313,-0.244382726266329,0.122409265187297,0.0427132212907811,0.0676413869220094,"ENSMUSG00000058966"
71.9624523867109,0.480303016483161,0.251515444023246,0.0427624686469399,0.0677127883886078,"ENSMUSG00000006720"
1723.26863946503,-0.217991690770939,0.10899649637019,0.0428466099558945,0.0678394238753089,"ENSMUSG00000032002"
108.028952898565,0.410143755560619,0.210634419440401,0.0428758307730055,0.0678790870767344,"ENSMUSG00000029816"
14.8718983851633,0.792542514839727,0.476133603732733,0.0428966791938409,0.0679054890515747,"ENSMUSG00000048752"
16.5880330785263,0.786730958497251,0.480945481838833,0.0429701815571574,0.0680152290341704,"ENSMUSG00000101578"
2775.12392667966,-0.302117568568325,0.152575320946656,0.042979503308067,0.0680233694553928,"ENSMUSG00000046574"
317.267003645936,-0.323804540340235,0.164122060587361,0.0430537659150547,0.0681342797555181,"ENSMUSG00000075028"
605.27759237748,-0.184757786607006,0.0920438847630259,0.0430631640447682,0.0681425278818642,"ENSMUSG00000022756"
22081.1589861844,-0.186661307857692,0.0930430997395867,0.0431220058741617,0.0682290057950626,"ENSMUSG00000024462"
2525.7471062476,-0.295444764491671,0.149144454606129,0.0431264605509784,0.0682294221837716,"ENSMUSG00000079487"
24251.6064839756,-0.215480698024087,0.107954612155229,0.0431532923573827,0.0682652374143319,"ENSMUSG00000020340"
578.286597999889,-0.222045974644154,0.111088919487834,0.043182705195618,0.0683051282843523,"ENSMUSG00000078348"
231.23032325615,-0.256107919861836,0.1286638088879,0.0432305529139246,0.0683741683183895,"ENSMUSG00000022335"
21.964964317303,0.802384571398538,0.487552248637016,0.0433031531558668,0.0684823401409889,"ENSMUSG00000006542"
60.1720612419261,0.668675507284048,0.378237354858146,0.0433275205478098,0.0685142198831598,"ENSMUSG00000023084"
434.601283191063,0.261985400975098,0.131552119858505,0.0433823929752982,0.0685943266490436,"ENSMUSG00000029165"
27.8378448822857,0.64498045793138,0.358835537606644,0.0434061212011264,0.0686251787987506,"ENSMUSG00000062859"
3935.97783176608,0.259305556631112,0.128443520293167,0.0434334462170957,0.0686617109373491,"ENSMUSG00000025780"
2499.59202493977,-0.24949356924984,0.126516492265279,0.0434601479171837,0.0686972507084789,"ENSMUSG00000031214"
9716.70496755351,0.235379039989585,0.117824839372969,0.0434979409129595,0.068750313834465,"ENSMUSG00000029614"
1539.11746241897,-0.262586685541345,0.132204236544142,0.0435132656662895,0.068767858108336,"ENSMUSG00000028261"
2578.27240148313,0.329962857689341,0.167451154011258,0.0435249423725499,0.0687796342044818,"ENSMUSG00000062209"
12.9771337604772,0.990828180562479,0.712227117197892,0.0435786541155125,0.068857826799875,"ENSMUSG00000028836"
34.3456790452918,0.792765060455686,0.485198158382553,0.0435871210009468,0.0688645205914211,"ENSMUSG00000038155"
2042.89791320702,-0.191855889942087,0.0958894903087711,0.0435995048262851,0.0688774009668351,"ENSMUSG00000027778"
2119.52426613101,0.1898979815076,0.0948131421194766,0.0436584124671581,0.068963352994491,"ENSMUSG00000001229"
26.8202316389305,0.620886460021884,0.342686102480202,0.0436623857943989,0.068963352994491,"ENSMUSG00000116046"
62.7006937979393,0.559259732993256,0.302019381682265,0.0436734020895233,0.0689740602710062,"ENSMUSG00000032773"
5183.28415312376,-0.212207271260975,0.10641854556165,0.0436924571436762,0.0689974599713582,"ENSMUSG00000024122"
11.7044488366322,0.864152483638322,0.546193326620226,0.0437181543469876,0.0690313431429104,"ENSMUSG00000031489"
5278.92805160866,0.139173474076645,0.0692343192084387,0.0437901877308855,0.0691383778742341,"ENSMUSG00000026229"
3882.37679139812,0.163896987467192,0.081695878965067,0.0438308219241166,0.0691958218679827,"ENSMUSG00000003345"
1417.1414851122,-0.155645199253439,0.0776510931170022,0.0438527151145073,0.0692236711243163,"ENSMUSG00000034501"
388.523690844313,0.308256766197275,0.156156047573034,0.0438817587095388,0.06926280115135,"ENSMUSG00000032565"
787.695698015741,0.207955461383568,0.104215323413615,0.0439414327863571,0.0693502659391431,"ENSMUSG00000059851"
44.0140051991487,0.483490121778101,0.254641549657826,0.0439461592225304,0.0693510014371643,"ENSMUSG00000028182"
117.805219302736,0.357408525498404,0.182730009366369,0.0439670399854827,0.0693772273055145,"ENSMUSG00000093979"
213.385206996785,0.477950289208588,0.251496048203028,0.0440030337121441,0.0694272930858081,"ENSMUSG00000026064"
77.849608926408,0.419791548300589,0.217601704559084,0.044010766425307,0.0694327637014099,"ENSMUSG00000117013"
1194.71198273394,0.200314415504486,0.100222578641973,0.0440200178159135,0.0694406289376335,"ENSMUSG00000029599"
10436.5150892695,0.23255706528401,0.116774032785774,0.0440337426107815,0.0694518126978334,"ENSMUSG00000028081"
749.404503171021,-0.294547331375325,0.151549207928906,0.0440356406717249,0.0694518126978334,"ENSMUSG00000031907"
1074.38473346138,-0.271774030051249,0.137724594889481,0.0440456897545501,0.0694609317791675,"ENSMUSG00000039167"
62.43133222988,0.540507923812037,0.290233120048173,0.0440683695677097,0.0694899660779986,"ENSMUSG00000025507"
1595.08038715129,0.279956377380379,0.141322240911894,0.0440730148966828,0.0694905595203606,"ENSMUSG00000025133"
934.515803799962,-0.279268319790075,0.14139568469623,0.0441446830740507,0.0695968185064792,"ENSMUSG00000020743"
196.754778780051,-0.518960947247515,0.277783085897077,0.0441817492067573,0.0696485099348824,"ENSMUSG00000098488"
1044.54802805596,0.658073553731083,0.371430266932838,0.0441928984585961,0.0696593397026269,"ENSMUSG00000064215"
964.703756089552,-0.182614191422495,0.091416925300632,0.0442394858189507,0.0697260215105421,"ENSMUSG00000027018"
3323.15457856526,0.262803032910956,0.125940335640149,0.044264882653944,0.0697592951729015,"ENSMUSG00000016933"
247.504438356028,-0.290776495388775,0.147478535439637,0.044316924044436,0.0698345488475633,"ENSMUSG00000092260"
5206.01855505666,-0.217475903927594,0.109423526177412,0.044358772205258,0.069893727030993,"ENSMUSG00000032423"
23.9119226572797,-0.787375315007599,0.481842602844926,0.0445040554749537,0.070115855112398,"ENSMUSG00000037708"
564.850850494307,0.270226743232683,0.13664999576571,0.0445244429571171,0.0701411867275673,"ENSMUSG00000022987"
269.82287853298,-0.481344554367991,0.254735028257433,0.0445482205331961,0.0701650637483663,"ENSMUSG00000022206"
1563.89878461652,-0.166775829656903,0.0835711786647131,0.0445467894524274,0.0701650637483663,"ENSMUSG00000024563"
698.527242401371,0.353309867599835,0.181094790145928,0.0447128861550716,0.0704176045696842,"ENSMUSG00000020140"
59.2932376291527,0.520510114434103,0.279335297912304,0.0447734510551489,0.0705061658388038,"ENSMUSG00000074500"
789.531218227945,0.207613334450668,0.104470686543818,0.0448612009208698,0.070637514856831,"ENSMUSG00000021094"
267.594222187967,0.321791563520236,0.164220287992517,0.0448990663859482,0.0706902991227841,"ENSMUSG00000020439"
635.470433834293,-0.246727270399824,0.124796690951037,0.0449443143080363,0.0707546951940246,"ENSMUSG00000025427"
233.625371398005,0.46281327146122,0.244194589164551,0.0450909913556017,0.0709787406717421,"ENSMUSG00000035578"
1478.82067664681,-0.205596317195303,0.103670162836953,0.0451697791478682,0.0710958871561592,"ENSMUSG00000036019"
352.469091624028,0.262772563972152,0.133221086673437,0.0452886233363002,0.0712760524672043,"ENSMUSG00000021139"
2161.03948755754,-0.17188585711372,0.0866233141791638,0.0453178481040194,0.0713151519177522,"ENSMUSG00000021981"
6341.77559796002,0.264126338503224,0.133854245539384,0.0453691622597598,0.0713890017655263,"ENSMUSG00000032788"
2625.06413595045,-0.167305622730665,0.0838751647510611,0.0453893090205917,0.07141379975229,"ENSMUSG00000026926"
1548.21852337239,-0.26694645508657,0.135722778061351,0.0453986051014522,0.0714215225516033,"ENSMUSG00000052406"
135.512121202954,-0.37129770277458,0.192069069809949,0.0454140547187971,0.0714389237256068,"ENSMUSG00000078580"
54.24127330435,0.51794257290768,0.278707552408849,0.0454250693477472,0.071449345718681,"ENSMUSG00000000301"
1177.03398809993,-0.196200790842569,0.0989816597589049,0.045457395518249,0.071486376605744,"ENSMUSG00000027425"
17.0146315810797,0.922289421211244,0.627904156331239,0.0454545705745609,0.071486376605744,"ENSMUSG00000104572"
1566.6105650386,-0.196755137652422,0.0992584780133935,0.0454663455578386,0.0714935445315395,"ENSMUSG00000029066"
1460.29418083233,0.168517924165381,0.084765186280654,0.0455662452863769,0.0716437110761754,"ENSMUSG00000011158"
259.190080373285,0.264434233884773,0.134150493784648,0.0456078921489435,0.0717022666023278,"ENSMUSG00000028360"
18.7670458918583,-0.785195463104405,0.489758204108374,0.0459095400605779,0.0721695309614762,"ENSMUSG00000054582"
785.716468581316,0.231425516210734,0.117320575441173,0.0460326356340905,0.0723560489428086,"ENSMUSG00000020737"
12.7798473779248,-0.886835429071861,0.624720958728593,0.0460560293361792,0.0723858304078715,"ENSMUSG00000039232"
298.797060338085,-0.319659698181831,0.164304064813099,0.0460650126197654,0.0723929595891622,"ENSMUSG00000118215"
600.691698480119,0.280708237978693,0.143226548361256,0.0461156937313427,0.0724656108271838,"ENSMUSG00000111928"
980.22468402969,0.156597627821949,0.0789286139969854,0.0462124103068802,0.0726105805960807,"ENSMUSG00000027384"
19.027381417822,-0.760482759553705,0.45931104547473,0.0462530244114032,0.0726673806938348,"ENSMUSG00000094772"
18.8129300713216,0.876438603885814,0.59578356736806,0.0463737708831936,0.0728500523486417,"ENSMUSG00000051498"
1393.05222671855,-0.192262475321593,0.0973999223076277,0.0463944235881342,0.0728754633955079,"ENSMUSG00000047260"
4407.63366089181,0.244332894203799,0.124229063734495,0.0464503123832258,0.0729562123672472,"ENSMUSG00000039704"
14644.9767575152,0.18093621471213,0.0914718976886859,0.0464936262898556,0.073017197177643,"ENSMUSG00000054452"
139.220145399504,0.461774749834516,0.245087388815353,0.0464989119539522,0.0730184534812303,"ENSMUSG00000022220"
9744.52313429701,-0.162382825879791,0.0821855661527022,0.0465315743928181,0.073062695858618,"ENSMUSG00000057614"
2321.62610710933,-0.155868942955194,0.0787268630078048,0.046564215725918,0.0731068965650552,"ENSMUSG00000029147"
4886.36412139686,-0.171765514932761,0.0869412207742535,0.0465920076223776,0.0731382914227206,"ENSMUSG00000052915"
25.9455270288098,0.587795340761044,0.325792471093503,0.0465931983077536,0.0731382914227206,"ENSMUSG00000100586"
17.0803263866992,-0.724857249798889,0.43103844429972,0.0466648521070908,0.0732437048114187,"ENSMUSG00000071202"
116.321994122131,0.337196313066755,0.174186467720756,0.0467059034227194,0.0732908002934625,"ENSMUSG00000020656"
1515.81246555028,-0.226249608012691,0.115233586795354,0.0467083648018417,0.0732908002934625,"ENSMUSG00000022983"
1454.27021469873,-0.292445564269477,0.150128147509773,0.0467026233593693,0.0732908002934625,"ENSMUSG00000033624"
32.8987912770316,0.614052111693193,0.345668864515728,0.0467614178139122,0.0733669743783001,"ENSMUSG00000070847"
18.217870720357,-0.865034683331215,0.57349101223773,0.0467708328215637,0.0733746739272758,"ENSMUSG00000015401"
670.050473936916,0.185225596495535,0.0938104000000706,0.046786306399852,0.0733918758385652,"ENSMUSG00000078786"
633.280571538632,-0.193227235426032,0.0980885453398359,0.0468353248494475,0.073461689911284,"ENSMUSG00000062691"
1354.98352731835,0.214185801755209,0.108825171970844,0.0468589059970081,0.0734915957047209,"ENSMUSG00000055320"
11888.1210808911,0.175487062221033,0.089068835986959,0.0469113288155247,0.0735667254777564,"ENSMUSG00000029291"
1184.02183679417,0.208165557705392,0.105708231111026,0.0469915229644263,0.0736853878060814,"ENSMUSG00000042121"
362.124017614915,0.275374441117103,0.141017836085608,0.0470081000361959,0.07370428167879,"ENSMUSG00000038235"
977.094040084987,0.200580370337906,0.101827665893589,0.0470470688438367,0.0737582766676273,"ENSMUSG00000052560"
77.6599587800721,0.431515111498494,0.228061286846419,0.047095627834088,0.0738272948654936,"ENSMUSG00000012443"
1137.14417077411,-0.148390143680969,0.075156111690054,0.0471302962885928,0.073874527008735,"ENSMUSG00000029635"
3698.8586572424,-0.316418525607457,0.163590876003745,0.0472396242650577,0.0740387640849807,"ENSMUSG00000021936"
2796.82735598962,0.209992229993821,0.106754737979813,0.0473860104018268,0.0742610452797668,"ENSMUSG00000038646"
3183.70956078625,-0.257371329485317,0.131939543798224,0.0474411249912829,0.074340261129005,"ENSMUSG00000003380"
1723.19124441089,-0.26028223082389,0.133575679913546,0.0474558313624629,0.0743561481295766,"ENSMUSG00000036398"
412.508574957243,-0.235817396825982,0.120634456608154,0.0475028012514888,0.0744154170697464,"ENSMUSG00000050963"
703.699185621695,-0.19182183679991,0.0976592088863813,0.0474983729900824,0.0744154170697464,"ENSMUSG00000063047"
3076.08763914201,-0.234731081303731,0.119334492956664,0.0475205819253925,0.0744361078311719,"ENSMUSG00000059070"
10447.2136707137,0.119567316164367,0.0603744363134643,0.0475525493796685,0.0744790146062007,"ENSMUSG00000025016"
1520.81365727076,0.274812396514502,0.141035419136774,0.0475902223067105,0.0745308484422392,"ENSMUSG00000024039"
2049.01057371294,-0.215345816875939,0.109916283889383,0.0475976554969625,0.0745353185357917,"ENSMUSG00000013878"
1900.962612271,0.23933481515977,0.1221872709708,0.0476242937550566,0.0745698589596779,"ENSMUSG00000034098"
22.8656172186691,-0.677366023894028,0.394416784854761,0.047633394634327,0.0745769354484539,"ENSMUSG00000031312"
578.27142054897,-0.33650027354176,0.174980466709864,0.0477011671157059,0.0746758605798674,"ENSMUSG00000023027"
66.6604910608635,-0.767229439939241,0.472275100122131,0.0477108565157449,0.074683846750966,"ENSMUSG00000030048"
1064.65712061309,0.239203264524507,0.122304272559824,0.0477178354947958,0.0746875890561813,"ENSMUSG00000037239"
112.51494030111,-0.46336678547817,0.247975340178698,0.0477986693342719,0.0748069165871818,"ENSMUSG00000021367"
17.4514219027544,-0.677448642123832,0.394874657834147,0.047823952772339,0.0748392908313914,"ENSMUSG00000015812"
29.9089025948291,-0.88556905326491,0.596422968192978,0.0478550114926425,0.0748806956721363,"ENSMUSG00000040809"
1276.86618996017,-0.297567616742925,0.153839600586181,0.0480139753621942,0.0751222117402728,"ENSMUSG00000021699"
632.481770313751,-0.184791502629777,0.0942426454828619,0.048079444118528,0.0752174138742334,"ENSMUSG00000046027"
325.030985280182,-0.221260341189003,0.113231350305948,0.0481444273054118,0.075311838139294,"ENSMUSG00000023791"
4150.74768804783,0.162243356249067,0.082822795894841,0.0481568913722988,0.0753240970268358,"ENSMUSG00000030987"
26179.8473728116,0.244610086501833,0.126070408133158,0.0481990648708308,0.0753828187901021,"ENSMUSG00000030428"
262.176442538129,-0.240621167846836,0.123519756026418,0.0482412127866456,0.0754414892632354,"ENSMUSG00000024446"
1414.19344270071,0.174382526622584,0.0888864527862119,0.0483219330873547,0.0755604636691604,"ENSMUSG00000041921"
3194.12458142601,0.235707120908872,0.120797941196848,0.048357554560492,0.0756089014634222,"ENSMUSG00000000915"
1191.18546548643,0.173690380633846,0.0885688755300327,0.0484472323259754,0.0757418409337522,"ENSMUSG00000027165"
46669.7539835279,0.164932752005844,0.0848233111164703,0.048456876323031,0.0757496430218283,"ENSMUSG00000034994"
1214.48048038031,0.174223255511135,0.0888565911750473,0.0484743563683884,0.0757696920457679,"ENSMUSG00000043866"
456.583949048069,-0.307001193527086,0.15933349854994,0.0485756173992243,0.0759007025169107,"ENSMUSG00000028470"
20.9185922041138,-0.702724943059567,0.417612765518603,0.0485768226330738,0.0759007025169107,"ENSMUSG00000033383"
3320.70286044256,-0.28255035555281,0.146168415818351,0.0485739003866357,0.0759007025169107,"ENSMUSG00000042388"
7566.50484511739,0.159353423286498,0.0811768540782619,0.0485746898213462,0.0759007025169107,"ENSMUSG00000058546"
1623.23999581954,-0.21339583153527,0.109471963921982,0.0485978710571623,0.0759263024348295,"ENSMUSG00000007029"
2955.8772113847,-0.158069491811178,0.080691979806917,0.0486190198254896,0.0759520541957121,"ENSMUSG00000030603"
94.8725097364336,0.354553440066135,0.185382114906882,0.0486328551645255,0.0759663771584442,"ENSMUSG00000026779"
2891.33457471904,0.154218866700912,0.0785549627500394,0.0486496931891294,0.0759792642787213,"ENSMUSG00000014959"
1101.97186903666,-0.290615335616442,0.150544696528134,0.0486504405686885,0.0759792642787213,"ENSMUSG00000039741"
38.7456547180543,-0.507967777075666,0.277446819838137,0.0487131870560154,0.0760699596026303,"ENSMUSG00000056718"
1091.23431292044,0.246524362212214,0.126801379335253,0.0488597604111805,0.0762915280549829,"ENSMUSG00000002250"
736.069030680368,0.17781708578039,0.0909313173849837,0.0489918423980975,0.0764904287892031,"ENSMUSG00000061207"
3223.25017898771,-0.207935863090655,0.106778965169314,0.0489999525397962,0.0764957540464949,"ENSMUSG00000026526"
977.192911978095,-0.253761277823047,0.130981648881223,0.0490298268704801,0.0765350519560487,"ENSMUSG00000052533"
1658.30943102475,-0.146208247263511,0.0746969514970673,0.0491044056205805,0.0766441187737856,"ENSMUSG00000032217"
45402.5429125961,0.204846496847561,0.110663446453397,0.0491339058196543,0.0766828110193991,"ENSMUSG00000037852"
340.658471515037,0.356065261651123,0.186699205559567,0.0491459210032663,0.0766942097681113,"ENSMUSG00000027009"
1291.88781719169,-0.279105906922118,0.144742315400397,0.0491900613664256,0.07675573417587,"ENSMUSG00000071253"
3666.46052294146,-0.119272854598839,0.0608700409415082,0.0492488556683381,0.0768401104734216,"ENSMUSG00000031913"
411.477253673245,0.220802518555659,0.113509586481355,0.0493016507527007,0.0769151112662892,"ENSMUSG00000103037"
247.043407331438,0.328719083230207,0.171649079418307,0.0494385020719507,0.077121220577596,"ENSMUSG00000038213"
844.494944286685,-0.182313597353411,0.0935192573786026,0.0494651357034054,0.0771553736086656,"ENSMUSG00000029911"
188.191614440969,-0.284620570329245,0.147859331681791,0.0494973565366224,0.0771982341384631,"ENSMUSG00000032567"
773.066421565544,-0.282445367586533,0.146826401724866,0.0496090075720474,0.0773649573920088,"ENSMUSG00000037363"
18.9485035273092,0.976619800301301,0.790188701688954,0.0496311389167033,0.0773846436097794,"ENSMUSG00000034151"
32.5278953806005,0.569391672062339,0.318354933678787,0.0496309233341167,0.0773846436097794,"ENSMUSG00000061086"
423.925419621791,-0.182537506479778,0.0935481351713456,0.0496495016831663,0.0774030755002637,"ENSMUSG00000018347"
1220.34392302388,0.204426453601605,0.104930919349779,0.049652470473876,0.0774030755002637,"ENSMUSG00000026672"
348.912216166674,-0.204779518076586,0.105471815204684,0.0497330474737627,0.0775212627384764,"ENSMUSG00000051518"
178.675929892981,-0.314067524511376,0.163986184077453,0.0497767859516384,0.0775820108886222,"ENSMUSG00000111640"
494.72902540061,0.238488320849714,0.123096410138478,0.0497887680641602,0.0775932567303398,"ENSMUSG00000039163"
1574.23390890377,-0.192076225762875,0.0987961320463709,0.0497980790885367,0.0776003380627227,"ENSMUSG00000021938"
77.7434954282793,-0.590404484826573,0.334319361349142,0.0498058745493155,0.0776050565630092,"ENSMUSG00000005148"
1152.33257493452,-0.174331641521729,0.0895637309425558,0.0498678454945995,0.0776867440866198,"ENSMUSG00000025995"
1613.09537405132,0.216065945547645,0.111303562764849,0.0498652988957006,0.0776867440866198,"ENSMUSG00000050912"
1701.45813345433,-0.185429047528989,0.0953959140051989,0.0499222638608961,0.0777640776198724,"ENSMUSG00000015804"
146.28972098966,0.401832024940086,0.214081478742288,0.0499625095523254,0.0778193216431684,"ENSMUSG00000036864"
559.752397107322,0.20471654768885,0.105445057402847,0.0499829914523516,0.0778437748623593,"ENSMUSG00000038510"
3521.16859845916,0.143222946046894,0.0733984843912818,0.0501216022420787,0.0780521803593759,"ENSMUSG00000027522"
2603.87514195506,0.181848178429473,0.0936818523984559,0.0502404500986251,0.0782297729773694,"ENSMUSG00000033326"
962.956872078396,-0.155804638500768,0.0800835745013112,0.0502991057115536,0.0783136148036987,"ENSMUSG00000046556"
2618.66899712119,0.137399916609378,0.0704982798131355,0.0503664048798087,0.0784108969618904,"ENSMUSG00000035297"
706.247452398304,-0.266070047854201,0.138439918917337,0.0504168559927217,0.0784819338098426,"ENSMUSG00000038068"
16.4326785089397,-0.791887053969599,0.509722475626923,0.050429429971222,0.0784940008674271,"ENSMUSG00000097352"
6483.06054531285,-0.195846888966905,0.101411528141605,0.0504797209709453,0.0785647669915907,"ENSMUSG00000033676"
18.1327326553897,0.66645068596616,0.391893210072562,0.0505181573407507,0.0786170712421357,"ENSMUSG00000019992"
90.1911183426471,0.607039094016579,0.347244438252901,0.0505300290602373,0.0786280291599792,"ENSMUSG00000042707"
380.985772045052,-0.199170916438673,0.102905101136113,0.0505913904845151,0.0787159868387437,"ENSMUSG00000028651"
108.144402971185,-0.679162870226532,0.403973284399027,0.0506357122360763,0.0787774179278267,"ENSMUSG00000054072"
169.93872313267,0.457429687707131,0.247300575398638,0.0507075196699801,0.0788815945324863,"ENSMUSG00000000531"
89.2065902655786,-0.572677231387046,0.325260816206892,0.0507490125764586,0.0789385978709596,"ENSMUSG00000027887"
26289.9571235718,-0.298305610812247,0.156373471936518,0.0507756030145913,0.0789724121795831,"ENSMUSG00000064360"
823.652310346029,-0.198129413834599,0.102522229578316,0.050920327660097,0.0791899392042666,"ENSMUSG00000021276"
1464.37550269532,-0.328346249765019,0.173155841480749,0.050960723437858,0.0792451906879492,"ENSMUSG00000111277"
75.1502271558196,-0.485574686245968,0.266043935773757,0.0509709727838742,0.0792535576440829,"ENSMUSG00000029591"
2699.73149969037,-0.173692224168108,0.089684198930037,0.051018739699074,0.0793202526095059,"ENSMUSG00000023017"
39.1547986450915,0.610215815512291,0.355826432018628,0.0510938170874517,0.079429391132608,"ENSMUSG00000042759"
22775.1060955975,-0.162775339801763,0.0837537455697169,0.0511633531045099,0.0795298951332327,"ENSMUSG00000102252"
90.6976194138057,-0.478596471636822,0.262303967937154,0.0512267165655397,0.0796207860454363,"ENSMUSG00000074218"
403.704884920182,0.263947255032658,0.137628737442531,0.0512484403702667,0.0796469459945772,"ENSMUSG00000031949"
1501.88122824137,0.275715212883175,0.14390980317149,0.051314547189754,0.0797420715183595,"ENSMUSG00000041836"
261.547510607264,0.455145558884273,0.24676540684534,0.0513396591613082,0.0797734795559159,"ENSMUSG00000000792"
334.181729651593,0.247768700589294,0.129009257180079,0.0513582923025329,0.0797948155102253,"ENSMUSG00000022246"
8037.38591687153,0.198499643891588,0.104444810865301,0.0513732772149849,0.0798104797199393,"ENSMUSG00000035805"
489.469874695054,0.287441800899609,0.150735004206746,0.0516500782307809,0.0802328441111414,"ENSMUSG00000058056"
523.563210078092,0.226844814430709,0.117957374521209,0.051685198804721,0.0802797391358061,"ENSMUSG00000038268"
1668.25248485731,-0.219597030946249,0.114180644235459,0.0517493479840943,0.0803717094251586,"ENSMUSG00000032309"
2019.18506284176,0.225696938790482,0.117263150628919,0.0517895155415118,0.0804264199565664,"ENSMUSG00000040327"
249.255768733937,-0.573096195449922,0.326895127823059,0.0518473723513992,0.0805085879172066,"ENSMUSG00000090963"
344.318831240343,0.202709715180083,0.105210641820362,0.0518577072674026,0.0805169552555112,"ENSMUSG00000029089"
187.991428935305,-0.259686457986583,0.135951716324843,0.0519022562342448,0.0805784384340522,"ENSMUSG00000041468"
780.697234857051,-0.185279313112945,0.0961675643332367,0.051939425464218,0.0806284539105989,"ENSMUSG00000020455"
722.667287532358,0.234395267085336,0.122049525229075,0.0519481090706553,0.0806342442502267,"ENSMUSG00000030534"
12.5688242697309,0.809614120049986,0.523304421727915,0.0520112060563028,0.080724486287614,"ENSMUSG00000030510"
39.3436945763086,0.538134804620722,0.301368867884424,0.0520235145158424,0.080735891818942,"ENSMUSG00000030562"
67.5947226816121,0.433710658155768,0.234565631745811,0.0520623029344059,0.0807809788366437,"ENSMUSG00000031756"
898.671372710052,-0.177948944191287,0.0923327893192849,0.0520624922579696,0.0807809788366437,"ENSMUSG00000036442"
6173.53712611205,-0.225109205927461,0.117623202978661,0.052090815141778,0.0808172215857665,"ENSMUSG00000052707"
270.465074682013,0.249926713440171,0.130626228006206,0.0520982230436947,0.0808210115987098,"ENSMUSG00000021773"
2298.51119758568,-0.159326536032892,0.0825987904378396,0.0522501154574736,0.0810489212327764,"ENSMUSG00000000194"
50.9151319895808,0.499796499103186,0.276106211245185,0.0523198317094558,0.0811493302111978,"ENSMUSG00000079547"
190.732656705433,0.496933679586291,0.274718881210835,0.0525015881313579,0.0814234805261284,"ENSMUSG00000055540"
160.698270274512,0.355309925578757,0.189238212475688,0.0526771477086437,0.0816879689817378,"ENSMUSG00000079444"
193.88879314331,0.378671422886357,0.203102191728557,0.0528174039754434,0.0818976664042931,"ENSMUSG00000032489"
1937.64934489694,-0.205467326614315,0.107473218021972,0.0528292071755642,0.0819081659590279,"ENSMUSG00000039431"
1755.64512809022,-0.336594333031512,0.179139013451419,0.0529430562760667,0.0820768638154109,"ENSMUSG00000069014"
693.541623134944,-0.23623607308866,0.123840648544747,0.0529660994913742,0.0821047678812102,"ENSMUSG00000031585"
32.0478516790803,-0.535459970568569,0.301704007007155,0.0530559168527716,0.082236165923578,"ENSMUSG00000115483"
3845.41840957502,0.226153793673068,0.118433763721897,0.0530915178809233,0.0822835121456412,"ENSMUSG00000022946"
1969.47966191788,-0.237850988948794,0.124744743834509,0.053117255084925,0.0823155634303512,"ENSMUSG00000032452"
1565.10275941527,0.214148968142877,0.111940887309411,0.0532479786939412,0.0825102900694884,"ENSMUSG00000022175"
23.5775948786504,0.745948750885725,0.468905024452709,0.0532713365517753,0.082538627107348,"ENSMUSG00000035355"
1286.60438598227,-0.168978694001267,0.0883117381660607,0.0533078883614426,0.0825873995191361,"ENSMUSG00000037750"
189.183152221768,0.301715316857222,0.159795132069634,0.0534091099226094,0.0827363429120895,"ENSMUSG00000029913"
2704.76716677022,0.249653036912465,0.131096757091815,0.0534384410350169,0.0827739026708541,"ENSMUSG00000041841"
1912.01479063153,0.145687948694383,0.0758137756434852,0.0534621365910375,0.0828027268723985,"ENSMUSG00000028772"
840.074669691923,0.196300150984651,0.10266257237894,0.0534848228170216,0.0828299824769744,"ENSMUSG00000028907"
10.3020551911497,0.912689838122483,0.663971440942194,0.0535159271965603,0.0828702685412489,"ENSMUSG00000114822"
692.468580824606,0.22418997977002,0.117102480250772,0.0537092968497507,0.0831617934100867,"ENSMUSG00000021235"
514.225785620702,0.26884263076884,0.141753406706629,0.0537160917706369,0.0831644038275088,"ENSMUSG00000028344"
3228.08902291442,0.211484459877484,0.110285163500813,0.0537568452767671,0.0832051032376682,"ENSMUSG00000028414"
657.996454439464,-0.255093242192957,0.134502628068295,0.0537574366652513,0.0832051032376682,"ENSMUSG00000044501"
837.799853077027,0.169848903041344,0.0885915186888365,0.053757714138749,0.0832051032376682,"ENSMUSG00000051256"
13096.8378407484,0.218975322508772,0.114645123259007,0.0537645853353755,0.0832078265914852,"ENSMUSG00000040097"
2317.77830439751,-0.14073605026111,0.0733496998025454,0.0537788511240575,0.0832219924515076,"ENSMUSG00000017288"
5124.79794549509,0.14613862824214,0.0760290122101502,0.0537876296832223,0.0832276650174422,"ENSMUSG00000026260"
1239.41157034749,0.230456780655384,0.120940201463219,0.0538171420104704,0.0832654156112953,"ENSMUSG00000032657"
653.787571430552,-0.395113598655172,0.214158663272159,0.0538519450691602,0.0833113440254505,"ENSMUSG00000039103"
4775.31748737972,-0.231297112848849,0.120263246061084,0.0540061574362773,0.0835419776439915,"ENSMUSG00000053693"
2343.8611976283,-0.161031967970103,0.0841283899405814,0.0540144807437329,0.0835469134878833,"ENSMUSG00000024835"
242.140531667126,0.363660113104974,0.19525511510301,0.0540936827798787,0.0836614696713412,"ENSMUSG00000074793"
7319.95622345736,-0.140005277286549,0.0730680042280354,0.0541030648746164,0.0836680305936734,"ENSMUSG00000049354"
651.533488594168,-0.179866651122464,0.0941972820371584,0.0541153518917477,0.0836790821785759,"ENSMUSG00000020832"
922.085716931098,-0.258340973693104,0.136534277433829,0.0541503719829933,0.0837252806933098,"ENSMUSG00000017561"
37.8376174715181,-0.561865634611584,0.321530377887784,0.0541581067022557,0.0837292868172968,"ENSMUSG00000067929"
2237.89954384066,0.12657249064252,0.0659620762655255,0.0542027155084349,0.0837902946862586,"ENSMUSG00000003992"
675.005005126207,-0.270414159652637,0.143302321660722,0.0542403221629698,0.0838404675879614,"ENSMUSG00000028312"
385.66590362723,-0.181611675772163,0.0951677393838691,0.0543119609026738,0.0839432301152415,"ENSMUSG00000022913"
1944.23777022905,0.164714660555683,0.0861509050052749,0.0544814973897491,0.0841972671138646,"ENSMUSG00000025575"
3855.50414159947,0.140357597350852,0.0732871413138038,0.0544970102468118,0.0842132459462315,"ENSMUSG00000021978"
1264.62779153474,0.207091265797451,0.108766023334377,0.0545551562380744,0.0842950957041648,"ENSMUSG00000019261"
1422.59016465421,-0.199219761398546,0.105455270782399,0.0546124861634242,0.0843756691123974,"ENSMUSG00000037300"
10.4311317877683,-0.797499815949645,0.529618962206206,0.0546865099019767,0.0844820165307371,"ENSMUSG00000024114"
61.3349451786981,0.511504416541519,0.287861815879841,0.0547420488220558,0.0845597903516249,"ENSMUSG00000094145"
59.9804041573055,-0.412696040465897,0.225427976456838,0.054768260317736,0.0845862140551361,"ENSMUSG00000005124"
464.4055943883,-0.321415681911263,0.172069655127242,0.0547695476189418,0.0845862140551361,"ENSMUSG00000037007"
11.6094915783415,-0.762900651918492,0.491345297544105,0.0548294300134237,0.0846706632917666,"ENSMUSG00000118501"
221.503501666624,0.283004602259943,0.150235386453396,0.0548348789151633,0.0846710452457814,"ENSMUSG00000028643"
11526.9943826586,0.158453003837729,0.0827055968525853,0.0548788918664332,0.0847309685859622,"ENSMUSG00000075700"
1932.92654334576,0.172940308771166,0.0906856642490935,0.0549313043326744,0.0848038478686717,"ENSMUSG00000032285"
260.833684804381,0.256380634399425,0.135758301802439,0.0549674973604154,0.0848516758684535,"ENSMUSG00000033707"
154.212026599735,0.651148768493134,0.389377362466619,0.0550594278160391,0.0849789764521293,"ENSMUSG00000025453"
1216.8370307068,0.176477343543946,0.0926122077698203,0.0550604045116481,0.0849789764521293,"ENSMUSG00000063802"
1198.07796803534,-0.167044161817088,0.0877124764676115,0.0551160307401123,0.0850567641626421,"ENSMUSG00000047238"
33.3155617429323,-0.686911995176889,0.421298076301107,0.055132725834955,0.0850744630904728,"ENSMUSG00000105395"
1269.10466183839,0.179715970917561,0.0944518818301742,0.0553311138864082,0.0853724997007538,"ENSMUSG00000046020"
54.8873738048149,-0.495666635103312,0.278481681116085,0.0553977859744172,0.0854591698343028,"ENSMUSG00000002228"
10.9773414772774,-0.773856484489844,0.503866289651374,0.0553967236298119,0.0854591698343028,"ENSMUSG00000027536"
2963.16705099107,0.162030688682248,0.0850532709229306,0.0554032461928664,0.0854594941274973,"ENSMUSG00000039197"
682.357547393368,-0.309684006359251,0.165926252778227,0.0554716421404051,0.0855558746131795,"ENSMUSG00000027239"
59.8798932335869,0.46822278721203,0.260232674788662,0.0554762413405891,0.0855558746131795,"ENSMUSG00000036658"
27.0622979013392,0.627829281099154,0.373572653469029,0.0555405909845271,0.0856470007622331,"ENSMUSG00000040828"
903.113727266269,0.193725402782234,0.102090061176201,0.0555905206865355,0.0857120421333389,"ENSMUSG00000002342"
1512.19829795138,0.222576732836754,0.11757192126405,0.0555933002115611,0.0857120421333389,"ENSMUSG00000107283"
1662.10939266374,-0.131878196972807,0.0692750461343775,0.0557015199100398,0.0858707586983264,"ENSMUSG00000027809"
2618.18158347523,-0.175819566925015,0.0926885446749276,0.0558580259711105,0.0861038775338766,"ENSMUSG00000038102"
1709.74989003382,-0.172861894391645,0.091204930799082,0.0558754501539752,0.0861225809683182,"ENSMUSG00000023089"
2492.75022598976,-0.275139383566799,0.146934875928085,0.0559907967161003,0.0862921974005568,"ENSMUSG00000029714"
964.628453661671,0.155244865905506,0.0816412773833669,0.0560008180980842,0.0862994714570307,"ENSMUSG00000028861"
2372.61564379293,-0.140911002292738,0.0741418557166927,0.0560575070082499,0.0863786538319095,"ENSMUSG00000029458"
13.4051124299079,0.741893579324348,0.47240476326627,0.0561157959590127,0.0864602864761768,"ENSMUSG00000001403"
11281.8420017488,0.148402673771557,0.0780156366901125,0.0561560808605992,0.0865141665955738,"ENSMUSG00000010277"
172.832132749236,-0.486571201375468,0.274404356675193,0.056242045614761,0.086638404326401,"ENSMUSG00000029363"
6017.45912470711,-0.190043244516723,0.100438000575,0.0562983086066294,0.0867086637807469,"ENSMUSG00000029030"
21.6356724899188,0.798986700391191,0.534009991552838,0.0562932492402122,0.0867086637807469,"ENSMUSG00000036330"
30.105416223281,0.539053934149966,0.308574087445178,0.0563471548147727,0.0867756845860803,"ENSMUSG00000091013"
253.997517163741,-0.232749825691456,0.123693936548055,0.0564126193693711,0.0868682828582559,"ENSMUSG00000027387"
23.2295777325968,0.620145136917842,0.367433974105071,0.0564969087750215,0.0869898487551835,"ENSMUSG00000052496"
7340.34618389773,0.191158729228757,0.101025286709079,0.0565060766506384,0.086995735904577,"ENSMUSG00000023019"
176.453314339373,0.282641556491019,0.151173787774039,0.0565739854885029,0.0870920499131692,"ENSMUSG00000028066"
571.537505938025,0.313181195925085,0.16834847345101,0.0566108571025102,0.0871405703938214,"ENSMUSG00000112349"
221.391637440765,-0.326686298135548,0.176695038270629,0.0566254866774734,0.0871548479704908,"ENSMUSG00000037845"
11794.2539713254,-0.100553956021503,0.0529034643369184,0.0566467545501318,0.0871793391856902,"ENSMUSG00000037503"
116.34683724782,0.31626879265087,0.170175417577097,0.0566833691905608,0.0872274422087303,"ENSMUSG00000040734"
13519.9329818897,-0.295977830526539,0.159109783356203,0.0567086761976253,0.087258136983169,"ENSMUSG00000058756"
1176.87273301135,0.217303275931048,0.115146365225779,0.0567319031319911,0.0872856256316211,"ENSMUSG00000071454"
5444.93816683164,-0.179931161768684,0.0952345917134375,0.0568876185203156,0.0875169316958413,"ENSMUSG00000026615"
10.7783931618938,0.771770763900819,0.504734123268204,0.0569952824040866,0.0876742777332944,"ENSMUSG00000040528"
2880.46783987336,0.177977807410564,0.0942907932216916,0.0570390068319565,0.0877332470198041,"ENSMUSG00000047459"
679.493648967213,0.24158437126629,0.128732187453001,0.0570918342953078,0.0878062054666497,"ENSMUSG00000037784"
307.669439805123,-0.241663531444394,0.129024959202957,0.0571361167961399,0.0878660093724671,"ENSMUSG00000002814"
766.583544949907,-0.212845232686191,0.11324238569015,0.0571675949730574,0.0879061128822433,"ENSMUSG00000025198"
388.702687688156,-0.246209863576809,0.131599785531156,0.0571785589402474,0.0879146672739537,"ENSMUSG00000018405"
478.105078297876,-0.22306130941342,0.118828089985708,0.0572976272394184,0.0880894197396347,"ENSMUSG00000025357"
541.040790439651,-0.299884820345414,0.161566452235627,0.0573908550259148,0.0882244157249827,"ENSMUSG00000029022"
1497.407454903,-0.224331175268656,0.119406829443234,0.0574065239902066,0.0882401697367878,"ENSMUSG00000026970"
1933.11449833795,-0.278133723670259,0.149644650702033,0.0574196872635191,0.0882520696134043,"ENSMUSG00000033902"
655.140426928467,0.195156831071823,0.103584945214613,0.057487051297098,0.0883472640685575,"ENSMUSG00000033773"
133.18695806528,0.314130789783684,0.169531681332689,0.0575073707381886,0.088370148293801,"ENSMUSG00000039813"
7907.2981676846,-0.179909612419749,0.095487591282576,0.057560998284531,0.0884442071054933,"ENSMUSG00000024811"
55.4855151402579,0.487040765755923,0.275135759220366,0.0576903563082092,0.0886346031132638,"ENSMUSG00000051147"
280.146386859831,0.252642992617868,0.135254130491918,0.0577245769634408,0.0886788093441761,"ENSMUSG00000040767"
11816.6998048977,0.200128638702,0.105513987357629,0.0577305348937638,0.0886795929980831,"ENSMUSG00000003410"
432.770369273068,-0.231315167265114,0.123670406076067,0.0577394194728716,0.0886848716908289,"ENSMUSG00000032126"
2686.94330273044,-0.24206834207334,0.129596821695979,0.057759410168179,0.0887072062192299,"ENSMUSG00000032280"
370.255803834489,0.35405572964218,0.192665707141095,0.0577781488272759,0.088719244091161,"ENSMUSG00000004098"
1586.25023027074,0.161499241523504,0.0856125073644825,0.057775585646234,0.088719244091161,"ENSMUSG00000022094"
4994.5375025916,-0.230645389245474,0.123469917696097,0.0577857998442403,0.0887226230772065,"ENSMUSG00000064061"
11.7836283947962,0.747803765999719,0.483510563181793,0.0578887033902453,0.0888722355735559,"ENSMUSG00000049436"
3578.10204096416,-0.157071380161572,0.0835024231360861,0.0580072245275731,0.0890457941210707,"ENSMUSG00000040242"
910.573866428399,-0.304475728015432,0.164701967235934,0.0580311263182952,0.0890740852625374,"ENSMUSG00000049791"
1905.65302335602,-0.2751129970195,0.148607408591678,0.0581422047829745,0.089236169098365,"ENSMUSG00000005899"
33.4254666366788,0.574375132298955,0.336515760454928,0.0582210421302633,0.0893487436406549,"ENSMUSG00000113750"
10.7437516892643,-0.869959367049392,0.636983749172111,0.0582929263564188,0.0894506273783734,"ENSMUSG00000009545"
1329.58982089766,0.284941089186539,0.153464934730886,0.0583418159548553,0.0895172099267729,"ENSMUSG00000028243"
17.9527195406838,-0.676245043322275,0.419456522667861,0.0583900203199769,0.0895827286304038,"ENSMUSG00000037005"
15.6856343578272,0.730682685717326,0.470227700299202,0.0584033738613072,0.0895947714366561,"ENSMUSG00000073492"
210.043128689285,0.271998080486521,0.146385338543901,0.0584129670343595,0.0896010438546272,"ENSMUSG00000038010"
969.188789076875,0.210914942626528,0.112611083622325,0.0584723687162974,0.0896837103518223,"ENSMUSG00000046603"
794.183118584866,0.204656927306583,0.10924171942004,0.0584926607917907,0.0897063814178225,"ENSMUSG00000078713"
1392.23370892927,-0.162055291263392,0.0863155724528027,0.0585778770682098,0.0898286088475101,"ENSMUSG00000066839"
1760.65562852211,0.173238601101494,0.0922410300216335,0.0586165166935693,0.0898793951335645,"ENSMUSG00000060601"
5414.32110391302,-0.140369993508025,0.0746532385215495,0.0587282132500055,0.0900421828467165,"ENSMUSG00000022890"
144.576423563321,0.393820151604168,0.217972499838627,0.0589208475546692,0.0903290220846586,"ENSMUSG00000039246"
1031.10248079268,-0.171948412165263,0.0917677397979449,0.0589940035706759,0.0904326575123329,"ENSMUSG00000064210"
2705.56204137057,0.129621532174116,0.0688995327491994,0.0590349878975533,0.0904869616757414,"ENSMUSG00000020869"
1028.17750908542,-0.149183516033258,0.0794921165511697,0.0590772085460805,0.0905431504296298,"ENSMUSG00000054792"
5019.92004455081,0.243411939683906,0.12999639236342,0.0591243116609582,0.0906068108846807,"ENSMUSG00000034892"
1144.82906515136,-0.20655134776412,0.110747785837121,0.0591981826029461,0.0907114766460281,"ENSMUSG00000054051"
9279.06246344183,-0.167274023120774,0.0893344853118642,0.0592203463575165,0.0907368974028289,"ENSMUSG00000060261"
2352.76320244436,-0.253782510002241,0.136913457672734,0.059236899689815,0.0907537179436056,"ENSMUSG00000004865"
1106.91495469345,-0.15900311974977,0.0848609602726612,0.0592479386769151,0.0907620878771715,"ENSMUSG00000067369"
52.4277598225095,-0.656613254009515,0.405524988474892,0.0592737491014772,0.0907930825137712,"ENSMUSG00000041679"
5048.41629740772,-0.189778554943483,0.101849955484797,0.0592916586579982,0.0908119702328656,"ENSMUSG00000036751"
2213.98963482149,-0.142477720270838,0.075948809972496,0.059298573586643,0.0908140164496542,"ENSMUSG00000053329"
184.036956337188,0.952306323560768,0.85396711179378,0.0595605190728438,0.091206597315875,"ENSMUSG00000021647"
1328.68152650324,-0.211715569659159,0.113722501239078,0.0595701357486071,0.0912127428949137,"ENSMUSG00000035206"
1474.33055074172,0.321064104031185,0.174991479665104,0.0596072870918721,0.0912610439504791,"ENSMUSG00000036570"
286.889962037125,0.368830164450751,0.203095566302594,0.0596180588861787,0.0912689516175319,"ENSMUSG00000053004"
4666.27426240556,0.183729120930626,0.098415575097131,0.0597229925212468,0.0914209960749347,"ENSMUSG00000026469"
5420.84691093631,0.177172374826996,0.0949050908328016,0.0597364172077622,0.0914329477487497,"ENSMUSG00000045039"
45.20056930907,-0.492103923203525,0.281591898742456,0.059769740829783,0.0914753517513357,"ENSMUSG00000020178"
73.0793376393927,0.503929697417867,0.289569950961629,0.0598591928176409,0.0916036420687748,"ENSMUSG00000089661"
2489.22440324166,-0.245106969274679,0.132456200136395,0.059898461434802,0.0916385804234327,"ENSMUSG00000020792"
24.2268538709998,-0.595074908657646,0.35542408244807,0.0598909713486668,0.0916385804234327,"ENSMUSG00000041062"
16.5634603475411,0.689006926814698,0.433252284465517,0.0598989123789976,0.0916385804234327,"ENSMUSG00000097906"
449.224243830203,-0.221383913520691,0.119238415628351,0.0599304895766379,0.091678273595387,"ENSMUSG00000039929"
174.331203323928,0.242581642831019,0.130896271977016,0.0600000802607279,0.0917761047250637,"ENSMUSG00000031669"
1086.42184562855,-0.322573132148226,0.176741902768238,0.0602447294669085,0.0921416617741554,"ENSMUSG00000032607"
7878.73059624594,0.174474054432065,0.093438396540683,0.0602859182272831,0.092187334608146,"ENSMUSG00000032009"
398.184670097847,-0.196619264293002,0.105740686175142,0.0602805165936534,0.092187334608146,"ENSMUSG00000033767"
2954.99869318477,0.186566307437992,0.100108615201484,0.0603028416234823,0.09220455156369,"ENSMUSG00000029547"
3685.8239966782,0.136423818909726,0.0729068747569911,0.060309199376925,0.0922056116706664,"ENSMUSG00000000420"
270.4655093136,-0.32027133366022,0.17549634439733,0.060324287352732,0.0922200177993776,"ENSMUSG00000031434"
908.345800032285,-0.211117666915988,0.113758636168578,0.0604672429298355,0.0924298789005412,"ENSMUSG00000049164"
4784.90835643295,0.238043641893813,0.1285395782936,0.0604868576868611,0.0924511802278615,"ENSMUSG00000007594"
18.8492295430796,0.836163537710461,0.607402250974032,0.0605324155314961,0.092512126562923,"ENSMUSG00000041431"
7338.49662259088,-0.225463487129013,0.121820118195709,0.0605890863862362,0.0925900439537319,"ENSMUSG00000022403"
656.317778629531,0.210201476498642,0.113249362268626,0.0606985975467312,0.09274868777487,"ENSMUSG00000029007"
548.248424438366,-0.258074184345923,0.14006518468733,0.0607233109534699,0.0927777412897112,"ENSMUSG00000036957"
19.7244559443607,0.671701465185197,0.420905573832533,0.0607306738001873,0.0927802823199858,"ENSMUSG00000076434"
26.9873935716435,-0.595966430611584,0.35848955808515,0.0607775896507693,0.0928419691614441,"ENSMUSG00000004371"
17159.004606644,0.222991088257585,0.119910374774061,0.0607824588618694,0.0928419691614441,"ENSMUSG00000060036"
266.180220205794,0.256771896992597,0.13919714755947,0.0608222253250034,0.0928872134378766,"ENSMUSG00000010047"
47.1067261040737,-0.49745394997182,0.287132079184395,0.0608234923230327,0.0928872134378766,"ENSMUSG00000079434"
6175.06825892145,0.221939276234064,0.11973337092639,0.0608925322106659,0.0929839248897954,"ENSMUSG00000025794"
2247.78685947223,-0.26092421774798,0.14187981414237,0.0609164343534411,0.0930116985653611,"ENSMUSG00000046311"
1506.8591639734,0.184682183594499,0.0993549722842717,0.0610268743100206,0.0931715869460247,"ENSMUSG00000027430"
22.0119932563443,-0.597648591023701,0.360252029648906,0.0610673412191329,0.0932246253741953,"ENSMUSG00000024131"
13.1908054134306,-0.907145845934753,0.74117849788455,0.0611521955453719,0.0933454087666507,"ENSMUSG00000116273"
663.172680515958,-0.325187049890511,0.178928751458793,0.0611653976776743,0.0933568066945319,"ENSMUSG00000018678"
60.9256510597091,0.476355943224626,0.272643268568669,0.0612814742669374,0.0935252051488099,"ENSMUSG00000022952"
75.1216736612235,0.494845775715587,0.284668915625398,0.0613723523817378,0.0936551187840937,"ENSMUSG00000085584"
520.415972491039,0.229580469790123,0.124302576219665,0.0613819875091576,0.0936610416829835,"ENSMUSG00000032040"
130.109699705359,0.499376478139886,0.288232560922154,0.0614453802785518,0.0937489830512949,"ENSMUSG00000053465"
1213.26406884259,0.189603702893217,0.102163656002791,0.0614826106130897,0.0937969948978326,"ENSMUSG00000003500"
9876.62685301704,-0.255510507440715,0.139229881380843,0.0615303928392784,0.0938610940528324,"ENSMUSG00000046709"
1677.95629723637,-0.152513374691084,0.082105304332513,0.0616593751670867,0.0940490356980731,"ENSMUSG00000021774"
4776.66206481539,-0.18345516222382,0.0997340687276312,0.0616727716453694,0.0940606555648199,"ENSMUSG00000022194"
563.39795943251,-0.185196348341058,0.100058646850742,0.0617286503143928,0.0941370591922134,"ENSMUSG00000093661"
9025.19339965137,-0.183379047142335,0.0979539118518754,0.0617515665182098,0.0941631849914209,"ENSMUSG00000062397"
192.536478748479,0.45433836180152,0.258595792418928,0.0617663354082635,0.0941768834559492,"ENSMUSG00000007080"
2058.57578109265,-0.203088232727964,0.109985814271669,0.0618173980555637,0.0942459122926352,"ENSMUSG00000029313"
1068.39596268789,0.232109807146057,0.125963877969864,0.0618385341832774,0.094269306933451,"ENSMUSG00000063931"
1491.63519023538,0.206758177142953,0.111449160770853,0.0618607900270407,0.0942944039760436,"ENSMUSG00000049288"
3160.83772812092,0.12133498713283,0.0651564605186793,0.0619057218854016,0.0943540581320756,"ENSMUSG00000054405"
299.675870498676,0.329307100903858,0.18164217291596,0.0619460483576657,0.0944066824422885,"ENSMUSG00000024211"
3453.70692941852,-0.116630266418628,0.0628452534927553,0.0620303090821483,0.0945262470735077,"ENSMUSG00000026116"
873.829606727111,0.206841100481069,0.111972035892145,0.0621053218453451,0.0946316979311549,"ENSMUSG00000040263"
372.943518313503,0.234851146419573,0.127692475146803,0.0621608238400103,0.0947074027019551,"ENSMUSG00000103585"
10383.73527134,-0.198863739361237,0.108218223294142,0.0621766788521294,0.0947226933415969,"ENSMUSG00000059495"
1813.60569807619,0.121004691125861,0.0650773635890096,0.0622441409759202,0.0948165943108767,"ENSMUSG00000022272"
786.209897102404,-0.253162489285547,0.138243502876369,0.0622963325704296,0.0948872182634466,"ENSMUSG00000040112"
1465.93493530715,-0.216879323756169,0.117822913254985,0.0623026051448747,0.0948878935767469,"ENSMUSG00000061607"
5209.29073724196,-0.180672465249372,0.0977539440129498,0.0623175190747442,0.0949017284590408,"ENSMUSG00000034269"
9.71020182115829,0.824345176429038,0.586581889464286,0.062404768197239,0.0950257078311185,"ENSMUSG00000047586"
459.729459920367,-0.230229699018197,0.125349598470047,0.062425332884532,0.0950481310162204,"ENSMUSG00000068876"
37.7682151523837,0.560938675809257,0.334987874058469,0.0624706812332237,0.0951082818101773,"ENSMUSG00000028873"
1918.48753931881,-0.259657890902649,0.141851688204975,0.0624816664829527,0.0951161102599368,"ENSMUSG00000040584"
9.23509319044853,0.822774904898206,0.584630487444114,0.0625474421308546,0.0952073371054845,"ENSMUSG00000091185"
1751.63419001589,0.251187373301341,0.137113119553615,0.0627538640495679,0.0955126132771264,"ENSMUSG00000033054"
2464.18477143831,-0.163977757103294,0.0887801873948115,0.062797248593995,0.0955697094813996,"ENSMUSG00000039717"
3385.7185323804,0.209450331512301,0.111916426724246,0.0628556416793578,0.0956496340335221,"ENSMUSG00000032115"
3893.3033986951,0.262909343976913,0.137102521506118,0.0629438446938854,0.0957749022178974,"ENSMUSG00000027525"
147.555984832044,0.538359743183886,0.318929094321571,0.0629610144740655,0.0957920734282491,"ENSMUSG00000005611"
938.329744788512,-0.158943629181628,0.0861052982761649,0.063001595346551,0.095844856920669,"ENSMUSG00000009293"
2260.83302201965,0.163098096607274,0.0882618214910003,0.0630255011870799,0.0958682086123034,"ENSMUSG00000026245"
554.433161726082,-0.273913259977432,0.150412746885348,0.0630287239568049,0.0958682086123034,"ENSMUSG00000070705"
936.378185878972,-0.172142131872826,0.0933404224302692,0.0630603931922248,0.0959074166479525,"ENSMUSG00000004667"
864.087521051109,-0.192675297720236,0.104727587002462,0.0630818908250889,0.095931148995777,"ENSMUSG00000033106"
165.94039642769,0.293129292733963,0.16148787642906,0.0631463531072475,0.0960022728943471,"ENSMUSG00000000693"
1079.77194421838,0.175022468654403,0.0948707601423062,0.0631380354729393,0.0960022728943471,"ENSMUSG00000024927"
686.019873062028,-0.279309249545407,0.149534949554962,0.0631418278602178,0.0960022728943471,"ENSMUSG00000034551"
2421.49755484774,-0.175348849372923,0.0952225235157845,0.0632508032829588,0.0961520896376544,"ENSMUSG00000002372"
553.514255915382,-0.337803442765057,0.187996551916713,0.0633347729400809,0.0962707474011241,"ENSMUSG00000042284"
30.0418260130882,0.568944918851343,0.341728462744508,0.0633612853678724,0.0963020544554833,"ENSMUSG00000040204"
702.8223037106,0.320285423698948,0.17748640167804,0.0634815408189419,0.0964668149225855,"ENSMUSG00000026839"
97.9150925867497,0.339129836945127,0.188450460100875,0.0634811011206687,0.0964668149225855,"ENSMUSG00000032806"
670.898323985541,-0.167961992762076,0.0912337268268077,0.0636490560318266,0.096712343329233,"ENSMUSG00000039130"
1224.41535956372,-0.15352142706573,0.0833438239043298,0.0636763793840164,0.0967448295326693,"ENSMUSG00000019849"
2475.05727496162,-0.14405284841268,0.0781229713110939,0.0636987222131721,0.0967697433678036,"ENSMUSG00000020078"
1126.42979372635,-0.195172221878324,0.106386211297928,0.0638054703136431,0.096922867279347,"ENSMUSG00000024764"
31.652603514189,0.716057811478431,0.469133284737045,0.0638528656206935,0.0969858119411822,"ENSMUSG00000053198"
3274.73184184078,-0.19341976170993,0.105847303699369,0.0638771271554014,0.0970136103597336,"ENSMUSG00000022336"
1661.21700227435,0.184440078996712,0.0999756669951545,0.064003122524539,0.0971958977940522,"ENSMUSG00000028779"
3537.80080590131,-0.170676186709464,0.0931011026648583,0.0641048916974639,0.0973413644637422,"ENSMUSG00000040550"
373.185267521188,0.28492793581075,0.157178045274124,0.0641141661778228,0.097346366667531,"ENSMUSG00000014301"
802.863791083719,0.620580769227339,0.385021282384472,0.0644168086359453,0.0977967553605594,"ENSMUSG00000025591"
318.626239675968,0.265026486273948,0.145933068268594,0.0645658602926502,0.0980139022515863,"ENSMUSG00000037035"
8.88295143405525,0.946472784632668,0.935993707069541,0.0646120728272916,0.0980749087544436,"ENSMUSG00000094638"
32.2276955367773,0.660202132565961,0.418248382641412,0.0646353330140096,0.0981010676738507,"ENSMUSG00000042788"
657.205967985386,0.18698163855227,0.102052510116066,0.0646650066699513,0.0981369549294675,"ENSMUSG00000036545"
230.279101913308,0.563136987854787,0.340320216885568,0.0647887456865974,0.09831557772783,"ENSMUSG00000093909"
1326.10495593076,-0.179635407211979,0.0982198224858902,0.0649324438431282,0.098524451983449,"ENSMUSG00000031681"
350.143789894162,0.271427280695559,0.149939015805638,0.0651071548360257,0.0987803398658614,"ENSMUSG00000053684"
3601.65591720434,-0.13270738115666,0.0722987828356018,0.0652424122479481,0.0989763268007549,"ENSMUSG00000004937"
200.035751638004,-0.339651898802847,0.190855584509988,0.0653524502759655,0.0991340215816016,"ENSMUSG00000054702"
941.426604714133,0.17188177545727,0.093974244478057,0.0656640683339431,0.0995974379742756,"ENSMUSG00000030417"
20094.9944869463,0.208374519819322,0.114355392897831,0.0656889287586972,0.099625862511327,"ENSMUSG00000027624"
98.469757500554,-0.486364378243854,0.285916459427095,0.0657874601876116,0.0997660030681891,"ENSMUSG00000044139"
6070.97358669079,-0.138938476289704,0.0759973277393889,0.0658164787079138,0.0998007117286838,"ENSMUSG00000002052"
16.1810524765485,0.711405079308387,0.470520971049104,0.0659104340233412,0.0999338715566271,"ENSMUSG00000055555"
2975.98495391704,0.188390955849837,0.104660955987992,0.0659732274033045,0.100019763031665,"ENSMUSG00000039530"
6639.07408673625,0.137193510019887,0.0755782757227616,0.066120298540597,0.100225876499644,"ENSMUSG00000073639"
187.120552980736,0.319311161236105,0.178875036900257,0.0661214945158913,0.100225876499644,"ENSMUSG00000086158"
4810.42340147168,-0.123354065283782,0.0674480944522585,0.0661843412743084,0.100311797696759,"ENSMUSG00000052296"
518.642933484257,-0.292184277808393,0.163079537407472,0.0661910889661916,0.100312684684077,"ENSMUSG00000031109"
579.879115280183,0.174843745760102,0.095898166451007,0.066239413500983,0.100376575402067,"ENSMUSG00000023988"
11.058591979331,-0.760755286974862,0.525927276453869,0.0662622502544052,0.100401834649652,"ENSMUSG00000061723"
9.00702795883848,-0.822525194918803,0.620414380180231,0.0663177817932123,0.100476624351257,"ENSMUSG00000112023"
1760.9173153293,-0.146828328390646,0.0804582181258673,0.0664121533713209,0.100600877775764,"ENSMUSG00000000959"
3015.32113504502,-0.15381175010613,0.083549237048248,0.0664061067280185,0.100600877775764,"ENSMUSG00000039428"
1380.0732492219,-0.149892938406401,0.0822284059819154,0.0664187763413084,0.10060154845853,"ENSMUSG00000016308"
371.278267397424,-0.201039234716575,0.110691589234328,0.0664288967923285,0.10060751600163,"ENSMUSG00000026197"
113.971105313816,0.454118070266121,0.263618171573043,0.0664846001774402,0.100682512018641,"ENSMUSG00000032394"
215.406794692403,0.267771296971806,0.148677482123812,0.0666138784222184,0.100868903530872,"ENSMUSG00000031119"
3484.82757180209,-0.257756150090277,0.143377801565262,0.0666273154452213,0.100879866134993,"ENSMUSG00000075703"
1433.87702585507,-0.244556702404731,0.135590314504885,0.0666537703047852,0.100910535065224,"ENSMUSG00000025813"
1133.35138133403,-0.275248601539775,0.153526835590599,0.0668503706106387,0.101198766186178,"ENSMUSG00000034640"
141.566238110616,-0.356499282627927,0.20193009785386,0.066897647551294,0.101260917504181,"ENSMUSG00000050288"
8561.72931331795,-0.19593508769282,0.108450205891837,0.0671442217591297,0.10162469937658,"ENSMUSG00000058655"
9.90399222444115,-0.823456549050073,0.621878125814824,0.0671942478741708,0.101690960105592,"ENSMUSG00000092619"
1028.00707879973,-0.250013089175299,0.139207822968983,0.0672166813958374,0.10171545410072,"ENSMUSG00000024726"
1016.31423101499,-0.151435124256589,0.0833105102527963,0.0673155151458766,0.101855545226304,"ENSMUSG00000026427"
173.084496289593,-0.37661298333323,0.215184102208894,0.0673851131286123,0.101951377591556,"ENSMUSG00000074480"
408.233328541544,-0.19282980700694,0.106607547788187,0.0674304393283943,0.102010473177286,"ENSMUSG00000026939"
2226.98661306153,-0.262567858724014,0.146560840829515,0.0675052055691113,0.102114091279063,"ENSMUSG00000054280"
1280.21695737849,0.160183056078146,0.088212079360618,0.0676910467661123,0.102385695898418,"ENSMUSG00000021918"
1030.51677419468,-0.230493519729556,0.128205237396288,0.0678930221541172,0.102681651456352,"ENSMUSG00000073643"
700.888418237909,-0.238889625081045,0.133073933844191,0.0679105806555427,0.102698665171955,"ENSMUSG00000052798"
3495.38727422276,-0.286782341612213,0.161056535724686,0.0680117343133577,0.102842081853492,"ENSMUSG00000024589"
995.682973761509,-0.151981933978468,0.083974390393135,0.068036742247752,0.102860786691642,"ENSMUSG00000029173"
1022.18508404592,0.198187728875757,0.109687104879583,0.0680323040092895,0.102860786691642,"ENSMUSG00000045374"
148.784959930512,-0.303705555483514,0.171157404670623,0.0681507833365253,0.103023630307574,"ENSMUSG00000030321"
17.6667940878092,0.621994834641567,0.393213884574153,0.0683538152954253,0.103320958805732,"ENSMUSG00000115920"
1038.81082636041,-0.186873332988625,0.10356812479295,0.0683919928577994,0.103369067756663,"ENSMUSG00000090247"
16.7068471225256,0.7264034307823,0.497719019911282,0.0685952613846782,0.103666666495199,"ENSMUSG00000039092"
16.3288978652935,0.716679253956567,0.483029366172167,0.0686779041991158,0.103781927641404,"ENSMUSG00000033576"
10.5442055065255,-0.78387599528851,0.570919954806114,0.0687768389130278,0.103921784445026,"ENSMUSG00000028841"
2086.75324731223,-0.177324757835415,0.098318647229458,0.0688102180430986,0.103962570011654,"ENSMUSG00000042423"
549.808944767927,-0.273344882507164,0.153527365914468,0.0688997909251477,0.104088240991142,"ENSMUSG00000040270"
4543.32860036705,-0.23025279170195,0.128788297253994,0.0689537583707905,0.104160103819574,"ENSMUSG00000037652"
2583.49061679068,0.176685874649388,0.0974788112960417,0.0692636431344979,0.104618500783461,"ENSMUSG00000034254"
2091.80982710792,0.125436566321993,0.0692994069808676,0.069292490968511,0.104652362960236,"ENSMUSG00000005656"
2922.99479974812,-0.133653546163346,0.074010369138144,0.0694007385126136,0.104806125012369,"ENSMUSG00000041997"
68059.2268191767,-0.212537980601335,0.12568463248186,0.0694545158743399,0.104877607551253,"ENSMUSG00000017390"
93.9675753097377,-0.355000974344777,0.203445301966619,0.0695128453588796,0.10495594998162,"ENSMUSG00000000555"
3656.18218058667,0.140057187921134,0.0778029723414391,0.0695414174450121,0.104989351991273,"ENSMUSG00000018415"
1674.30766363252,0.165988341687005,0.0920729088498578,0.0695639795784757,0.105013675190432,"ENSMUSG00000034875"
403.871657390447,-0.238117997090652,0.133611562837633,0.0695891321841936,0.105041904088864,"ENSMUSG00000053317"
4000.6278881256,-0.155124743272856,0.0860806255243221,0.0695985734457091,0.105046414330019,"ENSMUSG00000020684"
748.72412242757,0.399116441561361,0.23061294548221,0.0696343176437509,0.105090619562857,"ENSMUSG00000008318"
18.6071589465062,0.888375980323892,0.80959823868365,0.0697631186575536,0.105275242932016,"ENSMUSG00000070368"
1220.81464730733,-0.237968860112216,0.133420895920988,0.069770392069614,0.105276459224062,"ENSMUSG00000028274"
367.80614540987,-0.242308268230041,0.135919498553299,0.0697808009509841,0.105282405957931,"ENSMUSG00000046675"
5853.21530745776,-0.232121648580173,0.130048130608304,0.0697888124586795,0.105284734865837,"ENSMUSG00000003847"
96.2531247693754,-0.435773561639794,0.255775649103242,0.0699183998900097,0.105470458104863,"ENSMUSG00000042842"
237.0449626782,-0.296617550208593,0.168200101200486,0.0700422293243731,0.105647461910873,"ENSMUSG00000111063"
445.073979462643,-0.255873353381516,0.143951509532865,0.0701163923668445,0.105749526076855,"ENSMUSG00000000753"
529.480323975659,-0.267643597561959,0.150922324833719,0.0701390800745893,0.105773943436554,"ENSMUSG00000035228"
240.482429520461,-0.254293509183281,0.143378651902903,0.0701715030360631,0.105803235126069,"ENSMUSG00000019756"
89.1199750440524,-0.551880716250992,0.340926607156616,0.070170901567657,0.105803235126069,"ENSMUSG00000053153"
581.592600277404,0.2103892164185,0.117581580840638,0.0701871351747144,0.105817003461517,"ENSMUSG00000021607"
3229.47096635279,0.154965505604356,0.0861194510933585,0.0704440324074118,0.106194476711229,"ENSMUSG00000029649"
1601.04521291563,0.176504757519464,0.0983669690486522,0.0705587384217912,0.106357546442255,"ENSMUSG00000026032"
7376.63044034893,0.149906324837448,0.0833070705943512,0.0706297323994886,0.106444846217839,"ENSMUSG00000042506"
3946.77812693305,-0.224807924074551,0.126224257990312,0.0706273119289005,0.106444846217839,"ENSMUSG00000053877"
3467.00401892008,-0.1649453015159,0.0921545046289773,0.0707229196030877,0.106575419857347,"ENSMUSG00000033460"
30.8597540733115,0.519277308920246,0.315087333463439,0.0709779315107593,0.106949807380555,"ENSMUSG00000082396"
4873.08570421695,-0.162080598134213,0.0905058677517428,0.0710970708638927,0.107119411284936,"ENSMUSG00000029684"
1257.54395931208,-0.16173431406767,0.0903603132048686,0.0711656523046124,0.107212817049003,"ENSMUSG00000002064"
1553.60777479338,-0.129398931868066,0.0720690898104939,0.0712413463890282,0.107316919907514,"ENSMUSG00000018661"
2271.39568217873,-0.192660767877161,0.107990481138131,0.0712689823006712,0.107348616072021,"ENSMUSG00000002968"
17.9949556780202,0.701047601558772,0.47687436416522,0.0713257723237873,0.10742421557056,"ENSMUSG00000070423"
851.611103093762,-0.167592871008808,0.0936891940678855,0.0713452167609123,0.107443559851432,"ENSMUSG00000028389"
1549.28377334016,0.215223555345154,0.120488128083618,0.0713751724592062,0.107478728704067,"ENSMUSG00000021338"
220.185918719906,-0.455316306753564,0.270656149526211,0.0714025957041647,0.107510077964332,"ENSMUSG00000005718"
126.986031747493,0.349732266070772,0.201216827266981,0.0714775248106328,0.107612943846419,"ENSMUSG00000078651"
9201.55043814768,0.351410794065672,0.204206265173114,0.071537421978395,0.107693161469002,"ENSMUSG00000031762"
34.3856864508713,0.539559572242355,0.331181023151045,0.0716110638546884,0.107794053766101,"ENSMUSG00000043913"
541.074598955021,-0.172451365360257,0.096543004283855,0.0716682680931097,0.107870186594511,"ENSMUSG00000078695"
4874.43251348269,-0.156904892004096,0.0877943115698013,0.071720851153931,0.107937790533222,"ENSMUSG00000031231"
708.679464409127,-0.175003218373647,0.0980622861854636,0.0717264455214315,0.107937790533222,"ENSMUSG00000032182"
60.6776338129513,0.481054630503378,0.28894236047757,0.0718415645745349,0.108101034215592,"ENSMUSG00000038352"
18.0864672999927,0.642089704520036,0.418534428391704,0.0719115126223401,0.108196284542606,"ENSMUSG00000024989"
88.9508662156318,-0.528066741450998,0.324895943713868,0.0720279046559423,0.108361389278136,"ENSMUSG00000044702"
1498.92249062428,-0.171845975654692,0.0964215667317807,0.0722101340910474,0.108615465046578,"ENSMUSG00000021193"
2881.75952388632,0.161034871085665,0.090123183980038,0.0722077623865942,0.108615465046578,"ENSMUSG00000043445"
334.988044792462,-0.253310064254152,0.14371186993338,0.0723068376229933,0.108750873401745,"ENSMUSG00000027245"
620.808404843456,-0.287844809480219,0.164209991351007,0.0723599932433764,0.108820765892062,"ENSMUSG00000000957"
336.882613701144,-0.297653357517289,0.170115663314045,0.072408555550712,0.108878376389277,"ENSMUSG00000018821"
781.668993104822,-0.181806532924652,0.102180092238347,0.0724116785102785,0.108878376389277,"ENSMUSG00000029470"
9.31435466546,-0.819277317856346,0.643806894338661,0.0724430809343731,0.108915532599033,"ENSMUSG00000022209"
2169.95500046872,0.216595882541102,0.121879567898957,0.0725653165286546,0.109089233695368,"ENSMUSG00000043259"
1644.68505077809,-0.156384027803757,0.0877726274924506,0.0727231570308167,0.109316423506107,"ENSMUSG00000030189"
3570.41598493977,-0.158358592463941,0.0889817481649077,0.0728827489898611,0.109546203883376,"ENSMUSG00000039615"
3768.11804752779,-0.134603724618175,0.0754579886048973,0.0729084516472701,0.109574718485298,"ENSMUSG00000074656"
10.3715810632489,0.74041201200173,0.525460735630374,0.0729314979411571,0.109599235920066,"ENSMUSG00000021055"
4421.03524487928,0.156027790571959,0.087555331073435,0.0730588159134408,0.109780430669158,"ENSMUSG00000030435"
2877.36727055079,-0.158944815029539,0.0893710359901119,0.0731496224047243,0.109906733755224,"ENSMUSG00000029146"
76.7704256469653,-0.458428807189537,0.27463835847109,0.0731759010154664,0.109936069841233,"ENSMUSG00000024538"
30.7096942016999,0.548294738192767,0.340561379415535,0.0732748947128815,0.110074634194932,"ENSMUSG00000008438"
165.102163949148,-0.322912002377055,0.18630573711567,0.073369031597661,0.110205877673408,"ENSMUSG00000045657"
578.046559920855,-0.241692483205041,0.137461066442941,0.0734720939990178,0.110350502501939,"ENSMUSG00000044150"
1056.80777501222,0.23251565946196,0.131790200158078,0.0735233532459036,0.110417302715824,"ENSMUSG00000047414"
73.2530428815132,0.617632062454413,0.403943507782368,0.0735417133626766,0.110434687280226,"ENSMUSG00000045328"
18.5302181317895,0.661717916120188,0.442255586214613,0.0735559353741358,0.110445855181273,"ENSMUSG00000008193"
104.663887687458,0.871103085125911,0.819875517553564,0.0736813025659451,0.110623892563038,"ENSMUSG00000047369"
3115.06128243789,0.131567571529155,0.0745661072862017,0.0737169336086141,0.11064747760236,"ENSMUSG00000024712"
84.9232496635606,-0.595182711447367,0.383766621842696,0.0737106475109557,0.11064747760236,"ENSMUSG00000043243"
2992.62032066989,0.32563231795969,0.187735086288364,0.0737174035260841,0.11064747760236,"ENSMUSG00000058006"
14.8709408084156,0.719772543194339,0.504575334706477,0.0737852869262018,0.110739157346922,"ENSMUSG00000035365"
91.7444491083161,-0.372274628303395,0.217539521008292,0.0738523588708742,0.11082960244308,"ENSMUSG00000044339"
1619.16610885229,-0.234246281151942,0.13218363037962,0.0738728491881758,0.110850132659027,"ENSMUSG00000064293"
13.7926956861612,0.703834005782459,0.487446245628556,0.0738817276870164,0.110853236546157,"ENSMUSG00000066090"
616.616829617782,-0.229146362634456,0.130293863213628,0.0739321677400317,0.110911054519862,"ENSMUSG00000028093"
323.268871573865,-0.335582889968127,0.194536923909772,0.0739338894578584,0.110911054519862,"ENSMUSG00000091945"
1493.25181545606,-0.198921428297146,0.113003404696082,0.0740687922843656,0.111103188426548,"ENSMUSG00000007827"
4021.64659775578,0.23118110444103,0.131395426304107,0.0741193862163856,0.111168835237291,"ENSMUSG00000020611"
19928.5389348168,-0.136401793193834,0.0768327723596476,0.0741624112852615,0.111223118748985,"ENSMUSG00000024121"
16.504139151578,0.679927593963995,0.462765953179827,0.0741893713603355,0.11125330142824,"ENSMUSG00000068303"
47.8567417600267,-0.517647301688731,0.319720219773995,0.074204764032888,0.111266133836344,"ENSMUSG00000032023"
72.9320096134855,-0.375593456334428,0.220030403881481,0.0742138716975037,0.111269540710322,"ENSMUSG00000063383"
115.765600645774,0.412316545059106,0.243732889889218,0.0744277797574964,0.111579977794486,"ENSMUSG00000091549"
79.4155710581518,-0.526182948924787,0.328312927067263,0.0744916982686668,0.111665518410292,"ENSMUSG00000031574"
128.585158409025,0.380635313401412,0.22321885026211,0.0745575853604301,0.111753993968424,"ENSMUSG00000064202"
28.0020426757882,-0.472635662016077,0.949964351779416,0.0746128938667431,0.111826598505004,"ENSMUSG00000112241"
12.0951937948525,0.691675781265294,0.474913739691072,0.0747484704633678,0.112019480961398,"ENSMUSG00000067714"
928.999342644086,0.262955659218683,0.150526945532161,0.0748336842188505,0.112136860141255,"ENSMUSG00000006289"
218.659188769804,0.431733306961991,0.257442814131147,0.0749125005322468,0.11224463214874,"ENSMUSG00000113388"
238.232338809943,0.430137909975448,0.25639663258761,0.0749297102611005,0.112260085009682,"ENSMUSG00000052384"
106.055818074889,-0.387587291674213,0.228468997297098,0.0750544690867181,0.112436650818479,"ENSMUSG00000064262"
1294.00339855829,-0.16099608907928,0.09124001009555,0.0751891806770522,0.112628092671488,"ENSMUSG00000022677"
42.602021758214,-0.437058886754668,0.262502502252908,0.0753829381432778,0.112907937715888,"ENSMUSG00000054612"
3270.19906119417,-0.126467695509937,0.0715184863118674,0.0754725678564971,0.113031783933026,"ENSMUSG00000033287"
1189.42176549444,-0.142498134358674,0.0807337160843036,0.0755004698646629,0.113049189597102,"ENSMUSG00000030689"
109.321652179836,-0.361499175942656,0.212155310415307,0.0755003553605063,0.113049189597102,"ENSMUSG00000031351"
34.8425976496074,0.569236899671293,0.362039166684866,0.0755050245300218,0.113049189597102,"ENSMUSG00000091511"
2682.75994053447,0.161378177787227,0.0915781257625426,0.0757784129580661,0.11344808296987,"ENSMUSG00000079562"
86.1688572554166,0.419893119013849,0.250167014763434,0.0758329928891685,0.11351935426245,"ENSMUSG00000051243"
214.875079573991,0.287386260417101,0.165762057815175,0.0758516284428522,0.113536809911977,"ENSMUSG00000060950"
1223.496734813,-0.20044988406744,0.114291925227899,0.0758933756214237,0.113588853288483,"ENSMUSG00000028102"
1953.21852657563,0.164858472505612,0.0935303376621295,0.0759075641172195,0.113599644083856,"ENSMUSG00000034042"
15.0702213781123,-0.841349590973215,0.696997322138976,0.0759217198748701,0.113610383905418,"ENSMUSG00000095304"
160.59669450026,-0.285334816599847,0.164838577404985,0.0759740188414436,0.113678194567609,"ENSMUSG00000054931"
2005.61794777118,-0.14801945961716,0.0839981646419536,0.0760630104121925,0.113800890026624,"ENSMUSG00000028894"
60.258381108647,0.460147850868992,0.279323603823499,0.0760771607901838,0.113801141641482,"ENSMUSG00000046959"
20.249096078991,0.719619745716757,0.509287696928463,0.0760726136999858,0.113801141641482,"ENSMUSG00000109293"
596.79661408575,-0.187600926032748,0.106899343582986,0.0762027729974282,0.113978566466244,"ENSMUSG00000050619"
9184.61285191159,0.197877982884617,0.112276198548827,0.0764996850527146,0.114412153003316,"ENSMUSG00000043716"
45.7283489627345,0.515347642296666,0.31965856636742,0.0765888511774669,0.114534985711236,"ENSMUSG00000021200"
157.796446283639,0.250816047988815,0.144180072915447,0.0766556731582466,0.114624384316548,"ENSMUSG00000064284"
183.489047337785,-0.41600153552587,0.24932323283875,0.0767226612505987,0.114712645651429,"ENSMUSG00000028108"
436.145544045312,0.264399375373918,0.15246241421631,0.0767287925944683,0.114712645651429,"ENSMUSG00000036820"
986.310324813393,-0.21383259507824,0.122550333879035,0.0767428388358837,0.114723108694142,"ENSMUSG00000051768"
118.927396754799,0.400131014268238,0.238373885668085,0.0767717998989782,0.114755863981227,"ENSMUSG00000022544"
55.3711837625876,0.438173535283281,0.26375279631653,0.0767957409435921,0.114781110190046,"ENSMUSG00000044469"
235.201255334985,0.308088909399576,0.179207595822881,0.0768459321061099,0.114845582337794,"ENSMUSG00000071324"
3604.37824224162,-0.234187425413873,0.134662693082779,0.0769408508013024,0.114976881423263,"ENSMUSG00000052299"
627.325959604973,0.232620152155086,0.133669338653385,0.077196533879391,0.115348373277834,"ENSMUSG00000027959"
20.4834909842036,-0.611744652459295,0.402646765258791,0.0773489479071324,0.115565504729904,"ENSMUSG00000039084"
1351.33648536751,-0.199842533949032,0.114529710033524,0.0773639927172551,0.115577374582551,"ENSMUSG00000066880"
51.5020521270356,0.590757482481943,0.38546752925328,0.0774660206658102,0.115719178158948,"ENSMUSG00000031821"
772.406029340067,0.184735641499993,0.10547552060585,0.077496309037452,0.115743179971708,"ENSMUSG00000029228"
1820.16026143363,-0.170991007594163,0.0977269256661659,0.0774908645114869,0.115743179971708,"ENSMUSG00000039656"
3186.10682422133,0.162496116872448,0.0922867461950075,0.0775639314630089,0.115833548289437,"ENSMUSG00000030329"
4526.63732147804,0.22636345710611,0.130047336686533,0.0776185240422295,0.115904443111587,"ENSMUSG00000043909"
634.005421996221,0.174636458525571,0.0998274157549348,0.0777377025409461,0.116071759490141,"ENSMUSG00000032235"
13.2709926159642,0.671750997803556,0.460364967001026,0.0777508032797512,0.116080672822874,"ENSMUSG00000030523"
1969.16123310594,0.139588080725075,0.0795589513050668,0.0777835669902624,0.116118938322404,"ENSMUSG00000029191"
2600.3647043957,-0.256444530029121,0.148639758370731,0.0777971177002585,0.116128517370455,"ENSMUSG00000010175"
60.9905153698445,-0.382633322502516,0.227961436215173,0.077871556309288,0.116228974289619,"ENSMUSG00000113786"
6103.6251053296,-0.206931020343054,0.115352367615952,0.0779128638871131,0.116279966842801,"ENSMUSG00000008683"
2357.40348124207,-0.220653241008468,0.127310571724758,0.0779536987555329,0.116314050081231,"ENSMUSG00000024378"
1395.11519277126,-0.144753714763087,0.0826363602106394,0.0779571376327703,0.116314050081231,"ENSMUSG00000031781"
1613.65029146456,0.144752956967504,0.0825536472127894,0.0779511363582627,0.116314050081231,"ENSMUSG00000038005"
7987.94307438149,-0.0889434482248069,0.050567370663016,0.0780895706834373,0.116500965226376,"ENSMUSG00000006998"
37.8386773983278,0.478391883128065,0.293591435179575,0.0781943189381272,0.116646547257591,"ENSMUSG00000032344"
468.901601050869,-0.226172357674605,0.130476577270704,0.078210227894437,0.11665958853346,"ENSMUSG00000057982"
87.6655306586662,-0.375404689695981,0.223313689614128,0.0783384528096653,0.116840144295009,"ENSMUSG00000057604"
1588.50514763634,-0.211682729788684,0.122253084491897,0.0783720764443693,0.116879584091749,"ENSMUSG00000020137"
408.851809471232,0.205345662985642,0.117964311409539,0.0784469789263827,0.116980571909459,"ENSMUSG00000029821"
128.047432269462,0.312093362229758,0.182715135103688,0.0784761341659074,0.117013328932183,"ENSMUSG00000118219"
408.102038069635,-0.202276845910586,0.116419799323093,0.0785455683824283,0.117106133186405,"ENSMUSG00000036672"
4675.98114334609,0.216538258556652,0.124793211253513,0.0785731950620867,0.117136593939065,"ENSMUSG00000060227"
30.4452914489897,-0.563841532532086,0.362135404402093,0.0785912332244112,0.117152755899905,"ENSMUSG00000053559"
7808.6956626743,-0.129686812721968,0.0740840122385911,0.078632638907597,0.117203744724646,"ENSMUSG00000032279"
1127.83169533381,-0.252175414081677,0.146303251201146,0.0786852520707835,0.117260691495763,"ENSMUSG00000032409"
61.8510212470155,-0.396083672738194,0.237348415194659,0.0786842672609674,0.117260691495763,"ENSMUSG00000086580"
2012.33083070985,-0.183060399148795,0.105205793170882,0.0787819547534374,0.117394055243176,"ENSMUSG00000030411"
51.2485738650264,0.459908073601264,0.281752819457301,0.0788071792798885,0.117420893759087,"ENSMUSG00000068335"
13.5103903555398,0.736229979951921,0.541533018920873,0.0788441636026233,0.117465247585896,"ENSMUSG00000033470"
81.0943008577717,-0.652993376311498,0.448512748189406,0.0790007975998772,0.11768783594132,"ENSMUSG00000036151"
217.458965501766,-0.319555685977296,0.188063837418227,0.0790388053801148,0.117733681732935,"ENSMUSG00000022906"
710.055898897289,0.233820545660107,0.135126428424256,0.0790726476980669,0.117762539728192,"ENSMUSG00000005378"
69.1448846820045,-0.38127586096268,0.227684034542163,0.0790712247769747,0.117762539728192,"ENSMUSG00000070637"
136.269189454683,0.416124990250303,0.251474704214662,0.0792312970292136,0.117988020587461,"ENSMUSG00000054057"
20.702560466864,-0.693214876417087,0.489783237428384,0.0792700591012368,0.118034945302775,"ENSMUSG00000075102"
1756.27531797352,-0.173437006624991,0.0998210046809855,0.079458231364447,0.118304316303894,"ENSMUSG00000024212"
862.449292150558,-0.140627857510182,0.0806957443238648,0.079517670149539,0.118381985978983,"ENSMUSG00000086316"
921.398903764592,-0.169826424090834,0.0977379264638902,0.0795545126788036,0.118426004333385,"ENSMUSG00000001785"
30.7949415541044,0.68945958299059,0.488303800159716,0.0795698200602199,0.118437960034771,"ENSMUSG00000046886"
1872.54427999538,-0.138471194388952,0.0793922573201363,0.0796106358420945,0.118487878781898,"ENSMUSG00000014074"
730.692424084113,-0.230031030478248,0.133490590971255,0.0797945171332157,0.118750699386952,"ENSMUSG00000078870"
1127.05901966378,-0.152663989732381,0.0877929822246222,0.0798220357942419,0.118769935892017,"ENSMUSG00000002660"
135.615200143234,0.308719334112338,0.181233980484226,0.0798166146921201,0.118769935892017,"ENSMUSG00000048485"
226.912871405414,-0.759418083610494,1.0361106664734,0.0799129045455847,0.118894274764009,"ENSMUSG00000094065"
1292.28147075647,-0.150785019735264,0.0866999921894445,0.0799250621808149,0.118901495355447,"ENSMUSG00000018882"
1376.53449316775,-0.179889678959554,0.103934430147187,0.0799420149347199,0.118915847492221,"ENSMUSG00000025159"
125.126049586498,-0.45452701639668,0.279367514706595,0.0800069406646687,0.119001551547832,"ENSMUSG00000039304"
274.444108360892,0.481480479600958,0.298842382247433,0.0800245927397081,0.119016931988759,"ENSMUSG00000070576"
16.191604587469,0.669038160031698,0.465064202702212,0.080106807370435,0.119128321795719,"ENSMUSG00000033538"
352.067952976781,0.240429371317757,0.139829910784601,0.0803387874933645,0.119462389953137,"ENSMUSG00000002308"
3940.93573173215,-0.150241063046731,0.0865811485955247,0.0805350057515568,0.119743224664216,"ENSMUSG00000037119"
13067.2443898663,-0.109137921618689,0.0627463800210837,0.0805437841288419,0.119745339122229,"ENSMUSG00000040731"
83.6821389962824,0.427081506970979,0.260534268657612,0.0806431168758179,0.119882069087175,"ENSMUSG00000090336"
3846.24323029793,0.144017147526058,0.0828635335748148,0.0806660649423962,0.119884237703393,"ENSMUSG00000017221"
1105.40308045053,0.209591650532691,0.121441071735978,0.0806740348816173,0.119884237703393,"ENSMUSG00000020541"
1104.6529567289,-0.189256505442914,0.109581430548912,0.0806713372411087,0.119884237703393,"ENSMUSG00000027613"
202.73168751002,0.258516552799698,0.150804979598056,0.0806687085739536,0.119884237703393,"ENSMUSG00000054321"
422.399399494673,0.290197216940299,0.170293257056913,0.0807034828015908,0.119917050939689,"ENSMUSG00000025192"
1802.37402133082,0.29394144341833,0.172674441743262,0.0807869187956138,0.12001911692571,"ENSMUSG00000019916"
6610.47895154864,0.138844184413753,0.0798732950563595,0.0807852074504359,0.12001911692571,"ENSMUSG00000034868"
589.765614462379,-0.230140752887651,0.134094441584914,0.0808650055069433,0.120124161310643,"ENSMUSG00000037455"
854.248769701281,0.227375665592149,0.132165464737089,0.0809278838503329,0.120206596707338,"ENSMUSG00000040688"
11.3846615323385,0.722457694607324,0.528324147413864,0.0809928224033633,0.120292076923535,"ENSMUSG00000028310"
3449.31992902327,-0.154409743332539,0.0891676396113307,0.0810551176898876,0.12037361607116,"ENSMUSG00000029434"
1491.6578208578,0.164063344016076,0.0947524347761676,0.0811440557811021,0.120494703521691,"ENSMUSG00000031352"
982.817718773133,0.185092578998443,0.107105018118748,0.0811722826181608,0.120525624049842,"ENSMUSG00000039680"
720.937650269153,-0.224017735973431,0.1305137044129,0.0812435468039468,0.120620435504802,"ENSMUSG00000026017"
1394.75098554711,0.162072424234323,0.0935987792281697,0.0812742708329699,0.120655046112092,"ENSMUSG00000042303"
43.3394757528893,0.485034282911593,0.30469302716468,0.0813184633754619,0.120709643153909,"ENSMUSG00000090173"
110.947419478665,-0.342116074769284,0.204091767296966,0.0814895384492891,0.12095255830013,"ENSMUSG00000039670"
10.1015658439054,-0.758102416112076,0.586981073791734,0.0814997025935691,0.120956615501287,"ENSMUSG00000066720"
810.278720779653,-0.167737771087253,0.0972057938024134,0.0816591754842018,0.121182246196721,"ENSMUSG00000022538"
68.026186731044,0.503415541604968,0.318675014034125,0.0817507146544811,0.121307031280369,"ENSMUSG00000078995"
1508.81958672218,0.180501069746154,0.104585120925953,0.0817769297502786,0.121334870337712,"ENSMUSG00000015488"
731.393321881843,0.157225531431381,0.0909768887293062,0.0819842236001266,0.12163135178298,"ENSMUSG00000049932"
10.6268353945369,-0.686645076364629,0.48852895663874,0.0820075639229375,0.121654891600982,"ENSMUSG00000003379"
258.143853070838,0.306787389782238,0.181551143993215,0.0820429908651192,0.121696355504138,"ENSMUSG00000027204"
2953.78812845943,-0.112547666250586,0.0650279005481109,0.0821602314274425,0.121859156918078,"ENSMUSG00000021375"
3674.19156932868,-0.111057027074351,0.064172758451951,0.0823129295709202,0.122074514172325,"ENSMUSG00000038039"
1984.16890795641,-0.152539859627969,0.0887728520634017,0.0824606852955376,0.122282502982669,"ENSMUSG00000042548"
523.280429880209,-0.234492318650736,0.137436234365485,0.0824754748129206,0.122293293769787,"ENSMUSG00000031843"
740.111331949229,0.149091777702515,0.0863562885839025,0.082487579775061,0.122299802549226,"ENSMUSG00000004451"
1303.47894288234,-0.214858181806563,0.126348308057308,0.0824948907722386,0.122299802549226,"ENSMUSG00000024208"
860.554403474411,-0.249722916762151,0.146734439456199,0.082559061179516,0.122383789989997,"ENSMUSG00000098374"
9057.35021182557,0.267148838845966,0.157171529907499,0.0825943623660411,0.122424970915536,"ENSMUSG00000025964"
639.105107001064,-0.199476426596259,0.116286638286423,0.0826636473806215,0.122516512069722,"ENSMUSG00000035559"
3289.24210201439,0.173336023564042,0.104860670016403,0.0827191615011444,0.122587628451896,"ENSMUSG00000031485"
162.102140108754,-0.405578558127028,0.247666178816036,0.0827342130792668,0.122598772918007,"ENSMUSG00000044022"
289.826371063767,-0.23312036479879,0.136763030535625,0.0828349745529624,0.122736912049256,"ENSMUSG00000020692"
512.130828030204,0.185078531781869,0.107804584249732,0.0830855112797607,0.123096928425589,"ENSMUSG00000035275"
1360.40450537416,0.181007449971028,0.105382090932708,0.0831112349025144,0.1231238334313,"ENSMUSG00000028394"
1341.02951191866,0.181819617905182,0.105884535530845,0.0831364503389931,0.123149980764231,"ENSMUSG00000042507"
781.759342750599,0.199663002005083,0.116501625413677,0.0831933794299848,0.123223096484194,"ENSMUSG00000042992"
152.661728879761,-0.259755461271347,0.15321111713356,0.0833520339716814,0.123446857337006,"ENSMUSG00000024246"
3587.64742029432,-0.131558711925531,0.0764267823388299,0.0834544439532701,0.123587285177523,"ENSMUSG00000024002"
1646.48448597004,-0.174073417732466,0.101550945765489,0.0834957580609991,0.123637219113704,"ENSMUSG00000028252"
332.821266684259,-0.227310710568591,0.133526138639586,0.0835521984944701,0.123709540394123,"ENSMUSG00000024833"
24.1918002978951,0.734235813149779,0.561800104997783,0.083585687017025,0.123747868418657,"ENSMUSG00000079502"
1811.2393496887,-0.131605358167236,0.0765128976329717,0.0837107082309697,0.123910421804467,"ENSMUSG00000055319"
285.067953479057,-0.265346872188236,0.156947175033344,0.0837034121967354,0.123910421804467,"ENSMUSG00000095990"
2332.88048527167,0.189502186020378,0.110659196681603,0.0838243987432851,0.1240674270543,"ENSMUSG00000029623"
10.6922068421626,-0.732415032244134,0.554550761492406,0.083861116780673,0.124110488131266,"ENSMUSG00000068816"
2013.25157857044,-0.153113075514327,0.0892530419893682,0.0840316640069678,0.124351584245947,"ENSMUSG00000058407"
825.631093756853,0.189869563546572,0.111021274166526,0.0840568749845767,0.124377584855826,"ENSMUSG00000027133"
615.556984252638,0.360288435622988,0.217467274979986,0.0840822281752928,0.124403791150465,"ENSMUSG00000020256"
3438.17362359035,-0.22768789369444,0.134042774465604,0.0840965882396264,0.124405821204668,"ENSMUSG00000021578"
3141.932050099,-0.171463386355395,0.100100445161208,0.0840988853996905,0.124405821204668,"ENSMUSG00000033174"
57.995434009265,-0.359442673306446,0.217473267358395,0.0842016380785992,0.124546502920803,"ENSMUSG00000118318"
680.595827094704,-0.167934494563742,0.0981671938785101,0.0843386792592209,0.124737872158968,"ENSMUSG00000015016"
819.440712878763,0.131809521909086,0.0765832599561018,0.0843869476984813,0.124797922652483,"ENSMUSG00000075000"
115.956680357327,-0.401728657463562,0.246863930316299,0.0844176288241188,0.124831955123456,"ENSMUSG00000035842"
1908.62378158671,-0.16013682075068,0.0935773748110504,0.0844363383227854,0.124844407553983,"ENSMUSG00000016252"
17.2333268578187,-0.673810969071462,0.481046239231843,0.0844413888173826,0.124844407553983,"ENSMUSG00000061531"
2800.0321234722,-0.133955620189851,0.0781941016714819,0.0845457203616372,0.124987306879187,"ENSMUSG00000047368"
73.4154568323184,-0.530639185370044,0.344826761555157,0.0846833271534876,0.125179367908143,"ENSMUSG00000113149"
2834.82542851853,0.0998453155043522,0.0580420416968941,0.084694643003723,0.125182223325447,"ENSMUSG00000018583"
279.464123262976,-0.252821383152405,0.149662564656766,0.0847006393725561,0.125182223325447,"ENSMUSG00000057895"
155.279092180408,0.407520185564919,0.25040551816881,0.0848023474877974,0.125321163178063,"ENSMUSG00000037621"
175.172463664099,0.243293380460377,0.143618010777878,0.084825392174069,0.125343839307325,"ENSMUSG00000097327"
29.3823906234516,0.619227629476145,0.422847878673843,0.0848365709119177,0.125348978969247,"ENSMUSG00000091756"
1409.42899126146,0.136454522353593,0.0795728536719071,0.0848671322375222,0.125382753545325,"ENSMUSG00000006906"
1591.16990803807,-0.195803702227577,0.115064023513217,0.0848877633696534,0.125401852448609,"ENSMUSG00000068856"
5487.27926712556,0.166161223592408,0.0971644049384305,0.0849700455621786,0.125512014669795,"ENSMUSG00000031227"
3651.60703190433,0.155627289718539,0.090905750630078,0.0849935448503708,0.125535334640626,"ENSMUSG00000025786"
11.2734635451989,0.701682209581638,0.519029214260168,0.0851185444130706,0.125708552527306,"ENSMUSG00000071068"
44.6415790155869,0.436462326419798,0.271512019324234,0.0851664585150246,0.125767904536657,"ENSMUSG00000060572"
1155.19581205744,-0.1315419167983,0.0768116261138708,0.0852273867542181,0.125846462407943,"ENSMUSG00000042198"
377.90889740826,-0.213417270396663,0.125781516463232,0.085290497227173,0.125928228014868,"ENSMUSG00000073893"
2690.81864515767,0.152401513277542,0.0891044223768225,0.0853144289989121,0.125952138150217,"ENSMUSG00000025917"
1897.07632179166,-0.153260208608029,0.0896898269389187,0.085351000323133,0.125971854498137,"ENSMUSG00000024773"
1585.48915974149,-0.302668701592972,0.181443376338304,0.0853490626510413,0.125971854498137,"ENSMUSG00000030605"
682.120913548207,0.203950303997046,0.119730499750497,0.0853428091242721,0.125971854498137,"ENSMUSG00000056267"
1632.71709355927,-0.166176195396831,0.097479553601023,0.0854055743031836,0.126040973572731,"ENSMUSG00000036087"
20.1501295277244,-0.668585095779874,0.479913920617364,0.085445175601079,0.126087985534799,"ENSMUSG00000038583"
1520.48170802361,0.755941483163803,0.600267128151954,0.0858145963179524,0.126610169388528,"ENSMUSG00000002831"
489.604904733791,-0.215105696267681,0.126986839968497,0.085810045113232,0.126610169388528,"ENSMUSG00000029703"
389.415032450524,0.266168058355758,0.158393811791776,0.0858671016501655,0.126676153766666,"ENSMUSG00000022040"
26.7271821531695,-0.483061369271524,0.307639145783683,0.0859271560181308,0.126753261954067,"ENSMUSG00000092049"
325.370097024923,0.290511560635084,0.173613683618592,0.0859469585688339,0.126770985101801,"ENSMUSG00000094472"
322.31245713277,0.208743968731456,0.123192842761772,0.0859917288811175,0.126825528923333,"ENSMUSG00000019774"
1166.02057425741,-0.200250785025333,0.117776389937308,0.0861466786684704,0.127042547143084,"ENSMUSG00000022965"
4882.57469827526,0.112558691552788,0.0655894950877248,0.0862805256497476,0.127228408055675,"ENSMUSG00000059981"
1043.40955787798,0.21263279697383,0.125633170199226,0.0863154452722713,0.127268371208517,"ENSMUSG00000038312"
27.0565797792832,-0.720751350505536,0.555151205174937,0.0863387262020034,0.127291167930098,"ENSMUSG00000029155"
274.625753573399,0.294437389491213,0.17653377565701,0.0864189721960308,0.127397937819869,"ENSMUSG00000067653"
827.066503644536,0.215434438933854,0.12748949789853,0.086698016224784,0.127797727801053,"ENSMUSG00000039887"
20.0970307470163,0.579095393695692,0.389151521002279,0.0867435335707124,0.127853245152486,"ENSMUSG00000039193"
35.7074970307152,0.481910431948246,0.306814033685658,0.0868903812955509,0.128058092053325,"ENSMUSG00000038925"
194.890044953726,0.262735247803064,0.156818837137178,0.087044425847741,0.128273507509463,"ENSMUSG00000021871"
391.593947967099,0.181872793273817,0.107336719086175,0.0871346639597976,0.128394863758268,"ENSMUSG00000028578"
11.9901017076632,0.737321512598451,0.573628251819379,0.0872724333284467,0.128586230061591,"ENSMUSG00000096629"
202.275869766881,0.27172846941302,0.162685197354979,0.0873218773197485,0.128647435877533,"ENSMUSG00000083364"
16202.6856787106,0.106226227918604,0.0621079123783515,0.0873406328562892,0.128663422772369,"ENSMUSG00000018326"
2509.34683535049,0.155965825035221,0.0918344001304107,0.0873559001614629,0.128674268647932,"ENSMUSG00000004849"
36.7246324576179,-0.543960183963142,0.359749858635862,0.0875487187860563,0.128946620014425,"ENSMUSG00000033508"
680.711745355827,0.193178506080918,0.114302753339691,0.0875951630495848,0.129003353308707,"ENSMUSG00000019975"
646.314011464365,-0.171107885194975,0.101175910909427,0.0877688759710051,0.129247490777639,"ENSMUSG00000045316"
87.9204025835539,-0.302379400024602,0.182630102864957,0.0879159747882135,0.129452395983947,"ENSMUSG00000032415"
13.8513732931111,0.630668463887725,0.441900088541052,0.0879277729726947,0.129458057927779,"ENSMUSG00000029847"
54.8495570195023,-0.421988329040515,0.264302138759833,0.0879469576496434,0.129474593164592,"ENSMUSG00000037347"
144.030784934195,0.42575897243563,0.266482398911198,0.0879927004375628,0.129530220448783,"ENSMUSG00000030889"
887.541253721826,-0.133509603042567,0.0787373789543443,0.0880021401226487,0.129532402289219,"ENSMUSG00000024048"
1606.85756700639,0.130283505433272,0.0767383341321099,0.0880305115588946,0.129562447301599,"ENSMUSG00000005732"
306.195570908815,-0.302137100972453,0.182629991405681,0.088064178728525,0.129600280385402,"ENSMUSG00000023911"
43.0742739029418,-0.461141067444207,0.293846512393659,0.0880952643649767,0.129634307840634,"ENSMUSG00000030703"
2874.52945713233,0.130345740889596,0.0767722299037471,0.0881243026941342,0.129665316754508,"ENSMUSG00000000827"
411.862103020199,0.299509406510417,0.180595818735105,0.0881453172423221,0.129684515009989,"ENSMUSG00000112557"
3053.74402223465,0.119870102532848,0.0705922438417731,0.088317247443899,0.129925725611549,"ENSMUSG00000026112"
973.218497484555,0.150713987979461,0.0889892383948062,0.0883306818598309,0.12993374654928,"ENSMUSG00000079111"
128.428325066606,-0.329570146770101,0.200552105926987,0.0883760710714477,0.129988767046266,"ENSMUSG00000038402"
809.338923941505,-0.131599287099978,0.0776825205686771,0.0884713733242362,0.130117186029266,"ENSMUSG00000035673"
9.30673163752782,0.772071666498484,0.631765211853157,0.0885084874841548,0.130160010774873,"ENSMUSG00000030905"
807.632364764773,0.21011803864947,0.124972319465292,0.0885494390192254,0.130208470492769,"ENSMUSG00000020415"
254.747304368253,0.22069205976102,0.131502324103433,0.088563860748202,0.130217913942664,"ENSMUSG00000050945"
487.221372144795,-0.171341330046288,0.101610109173039,0.0886593001680947,0.130346467497855,"ENSMUSG00000063145"
4265.48193256075,-0.1436026733988,0.0849361219319306,0.0887147488443608,0.130416208948659,"ENSMUSG00000044221"
1047.87861871563,0.136400212519564,0.0805295825171442,0.0887845151561834,0.130506983719736,"ENSMUSG00000027714"
326.228535482627,0.268732709866125,0.161478739851216,0.0888320661810729,0.130565090139549,"ENSMUSG00000054871"
406.542043201581,-0.25278945216268,0.151721287444903,0.0888807256340139,0.130624815084008,"ENSMUSG00000028018"
2074.94522204835,-0.267485577643474,0.161306078624689,0.0891666354839233,0.131033176167492,"ENSMUSG00000026596"
271.625260204002,0.248056446834346,0.148832769623916,0.0892605593351773,0.131159359528617,"ENSMUSG00000042694"
981.697256956767,0.143910879837222,0.0851716205596038,0.0893468501235783,0.131270801175526,"ENSMUSG00000030609"
315.784057159729,-0.221521256516016,0.132479331874072,0.0893525296120427,0.131270801175526,"ENSMUSG00000039577"
1064.03711991328,-0.155068563477124,0.0920350483313559,0.0895747756874496,0.131585434404865,"ENSMUSG00000063808"
8088.0452700273,-0.160762734686811,0.0952957696355289,0.0895920713263273,0.131598965624432,"ENSMUSG00000091337"
1125.09465237673,0.229883449346122,0.137586090739472,0.0896230399143495,0.131632576353495,"ENSMUSG00000006705"
2085.02464188136,-0.283376500917206,0.17198753793922,0.0896914586880921,0.131721180487618,"ENSMUSG00000052512"
2374.11071200808,0.163046831597279,0.0968459473588564,0.0898024071029109,0.13187222217602,"ENSMUSG00000002017"
167.223739383727,0.3169430200185,0.193131623337077,0.0898446509041135,0.131922354989821,"ENSMUSG00000020186"
342.737131881229,0.223610290414777,0.133971071562816,0.090023879050496,0.132173599998555,"ENSMUSG00000073176"
9342.45311783744,-0.172271086993429,0.09997825491391,0.0900627767234372,0.132218784226561,"ENSMUSG00000003316"
37.6794752371298,0.672277610769219,0.494590401607973,0.090143322742189,0.132325097628041,"ENSMUSG00000062778"
1799.09542617205,-0.140514643983015,0.0835365842854168,0.0904416191928711,0.132751007864883,"ENSMUSG00000024456"
1489.19167303148,0.224727113255345,0.134848795733457,0.0906708417979534,0.133075463239301,"ENSMUSG00000028468"
131.76183388622,0.29906352706398,0.181792208594791,0.0907734664735624,0.133214072057037,"ENSMUSG00000034795"
16.8389572321882,0.623908068558461,0.441862093153751,0.0908178488914852,0.133267190503524,"ENSMUSG00000048636"
962.817588264587,-0.238363701610374,0.143719023086156,0.090873026210521,0.133336138512246,"ENSMUSG00000058402"
220.020110795631,-0.223524758153807,0.134457025004914,0.0910240521199357,0.133545698098992,"ENSMUSG00000025732"
16.4532894016891,0.679069256801216,0.504213285283907,0.0910893601917562,0.133627423924303,"ENSMUSG00000027832"
488.821505293806,-0.178449528295811,0.106812302562856,0.0910961741791368,0.133627423924303,"ENSMUSG00000031951"
179.859525356704,0.238742879551085,0.143937862040381,0.0912067016230567,0.133777499461175,"ENSMUSG00000027635"
119.484234204735,-0.480905251396176,0.3128906348274,0.091250011680613,0.133820185486974,"ENSMUSG00000021835"
1451.2576068822,-0.111158107418869,0.0660732992359712,0.0912522459089206,0.133820185486974,"ENSMUSG00000022404"
256.648678927235,-0.305352354879777,0.186872331829675,0.0912858906451264,0.133857465806807,"ENSMUSG00000055480"
12.3442156498072,-0.67066014481436,0.498994944318659,0.0913570330551105,0.133949719336254,"ENSMUSG00000084241"
98.7710345273289,0.390170725536161,0.24363215625614,0.0914468944365046,0.134069399949331,"ENSMUSG00000097574"
99.4056732622644,0.335305378455683,0.206879359524882,0.0914700754319959,0.134091308346725,"ENSMUSG00000050677"
44.1190510710314,-0.535003639672815,0.358017366400521,0.0916020675918877,0.134272711054547,"ENSMUSG00000116085"
222.684208785376,-0.277472068714733,0.169054026704053,0.0917654697800615,0.134500118591738,"ENSMUSG00000058351"
294.950194087563,0.301783464911192,0.184363475835923,0.0917871729334795,0.134519816423083,"ENSMUSG00000026355"
1279.96312757362,0.271421769817373,0.164702692575439,0.0918149378014735,0.134548393728159,"ENSMUSG00000026235"
29.1335707366936,-0.52685995057506,0.351294038767179,0.0918544360580017,0.134594158803866,"ENSMUSG00000115814"
18.636607152934,0.618427365781864,0.437907026335263,0.0918665506442722,0.134599794004272,"ENSMUSG00000035298"
7428.62336498069,0.11082712420425,0.065917817155142,0.09187568913681,0.134601068109891,"ENSMUSG00000057113"
828.026063024341,0.239521669862059,0.143543894990197,0.0919754359240267,0.134735074331471,"ENSMUSG00000063019"
94.747834510736,-0.396168298549114,0.249503461281197,0.0919940855826827,0.13475026771483,"ENSMUSG00000048602"
2237.72551502622,-0.23949904700415,0.145191186102885,0.0921571212589127,0.134976931784468,"ENSMUSG00000031644"
894.334469196867,0.209606621875356,0.126164597000931,0.0922736060329382,0.135135380927051,"ENSMUSG00000051355"
2221.75163360412,-0.146463575109647,0.087676023093511,0.0923073157916454,0.135172587842426,"ENSMUSG00000020069"
506.580777751448,0.169025921043478,0.101245889621592,0.0924331121810736,0.135344625356078,"ENSMUSG00000042178"
4400.2955211877,0.207325753919134,0.124779413016759,0.0925124133065007,0.135448557636555,"ENSMUSG00000031029"
13.6801875106213,-0.651459496201946,0.480050775003286,0.0925499218800589,0.13549128773843,"ENSMUSG00000005628"
256.846733533989,0.270175486858236,0.164495917488743,0.0925683145328032,0.135506027334979,"ENSMUSG00000028689"
3030.25985385601,-0.114164848187192,0.0682251453019222,0.0928087944687701,0.135845837277461,"ENSMUSG00000067787"
21.0945514612733,-0.609467747703288,0.430522538840979,0.092958372696892,0.136052543675599,"ENSMUSG00000115853"
11549.2336197828,-0.123382507422699,0.0740706146548402,0.093029538827004,0.13614446039971,"ENSMUSG00000048076"
124.368418404892,-0.552791019968661,0.377113019737509,0.0932240852156015,0.136416905711935,"ENSMUSG00000068165"
886.457683000256,0.155839505686271,0.0934349028325407,0.0932340976423721,0.136419293611014,"ENSMUSG00000003581"
604.911245519865,-0.232645814918331,0.141200394270383,0.0932960018444239,0.136497601835658,"ENSMUSG00000031807"
686.883846128566,-0.185781564351265,0.112099453489052,0.093483139545734,0.136759103579173,"ENSMUSG00000070283"
1805.50152125884,-0.182309139546147,0.110447366477788,0.093511253106777,0.136787938360183,"ENSMUSG00000091537"
50.0260176183977,-0.399167250600216,0.252470145207893,0.0935301461648931,0.136803281451355,"ENSMUSG00000045509"
904.072353944113,-0.138188734411378,0.0829743307265804,0.0935573064091394,0.136830712823717,"ENSMUSG00000061759"
3029.66156743595,-0.19577788928677,0.120206080265669,0.0936188287115234,0.136908390420104,"ENSMUSG00000023951"
4396.03238688459,-0.230941047304763,0.140315432620785,0.0936808667205507,0.136986808163594,"ENSMUSG00000054226"
437.960277919236,-0.284945980494218,0.174844311931018,0.093812888776153,0.137167538264459,"ENSMUSG00000043461"
5171.7100312344,0.180781081440113,0.10889543945977,0.0938313750038196,0.137182245582196,"ENSMUSG00000038034"
264.517886453407,-0.258619202900303,0.157898755826737,0.0939080476349467,0.137282011621164,"ENSMUSG00000020077"
2779.76173757782,0.141071399939827,0.0844997261785503,0.0939378066444503,0.137313183958186,"ENSMUSG00000049106"
1731.29239655347,0.128705913378533,0.0772252955312383,0.0939630956966572,0.137337817343107,"ENSMUSG00000051185"
34.4249575764656,0.437441860920287,0.280884048464969,0.0940461631267821,0.137446888433988,"ENSMUSG00000033313"
381.788223682433,0.227165895432121,0.137903038102165,0.0941745188797782,0.137622122122725,"ENSMUSG00000006019"
22.8871842647625,0.566926545642619,0.389886293796485,0.0941999884739991,0.1376469849533,"ENSMUSG00000031896"
30.7821913924307,0.517731645799813,0.346861698185769,0.0942086961310834,0.137647352627392,"ENSMUSG00000007379"
4057.17241649018,0.136005117473011,0.0816865619557007,0.0942996307078615,0.137767850355643,"ENSMUSG00000061787"
655.230835216813,0.284194164060475,0.174410716539453,0.0943777761549464,0.137869643744971,"ENSMUSG00000032558"
83.366238682706,0.445785829832496,0.288387847314593,0.0947803217502799,0.138445268974431,"ENSMUSG00000051401"
962.60169247738,-0.164138146937883,0.0991521020556611,0.0948324980631625,0.138509053698713,"ENSMUSG00000045438"
42.5357238690888,0.434368895664709,0.279631693091355,0.0948435404761747,0.138512753622032,"ENSMUSG00000039396"
1896.69300353741,-0.20313251879154,0.122977780683291,0.0949000542012449,0.138582854784952,"ENSMUSG00000034543"
1391.18880148152,-0.273926931682726,0.168437474805551,0.0949439686798825,0.13863454630168,"ENSMUSG00000001143"
310.832162419905,-0.210471772535523,0.128011085709599,0.0950157955719792,0.138726981820852,"ENSMUSG00000050428"
1738.97028266585,-0.13553157975098,0.0816976980590252,0.0950912897074324,0.138824754606061,"ENSMUSG00000039354"
60.0572225366216,-0.3357100629205,0.209424004296657,0.0951004560239877,0.138825685871982,"ENSMUSG00000020806"
577.990380834783,-0.261338874260721,0.160371447163947,0.0951612170004052,0.138901927038432,"ENSMUSG00000011382"
8784.12311100762,0.127203746954874,0.0765364792221426,0.0951969023880315,0.138929099612012,"ENSMUSG00000016541"
146.610548661702,0.302872945834062,0.187177859862158,0.0951953083834507,0.138929099612012,"ENSMUSG00000035283"
1512.67678120426,0.161259476191982,0.0973842159128391,0.0952316879957736,0.138967406292712,"ENSMUSG00000002768"
2061.18856888647,-0.157267063218244,0.0951034378982773,0.095286432563608,0.139020472192143,"ENSMUSG00000023904"
673.259144939258,0.183029773701603,0.11086859110657,0.0952936742056724,0.139020472192143,"ENSMUSG00000054894"
78.731340327162,0.368227718231824,0.23167355118968,0.0952812684236677,0.139020472192143,"ENSMUSG00000056055"
7496.29631284936,-0.149422048739157,0.0902909030722442,0.0953359955297067,0.139069749550369,"ENSMUSG00000035203"
15920.6883479964,0.148021442838204,0.0892618096985398,0.0953448233891031,0.139070164437977,"ENSMUSG00000026238"
29.8531618878207,0.579336107471423,0.404576923718626,0.0953595885214292,0.139079238594375,"ENSMUSG00000049537"
6570.65507436493,0.225051177621191,0.136824734204821,0.0955864154451486,0.1393975694872,"ENSMUSG00000006205"
922.090716425258,0.237775990755604,0.145170126516254,0.0956155298158487,0.139427536893522,"ENSMUSG00000034361"
816.656367133089,-0.182065358579144,0.110519918095466,0.0957864402533562,0.139652319326456,"ENSMUSG00000028104"
16.4693760534221,0.557486326002481,0.383146188266368,0.0957868377736748,0.139652319326456,"ENSMUSG00000098090"
300.46871822805,0.204707541668665,0.124418804352904,0.0958075329079085,0.139669982148928,"ENSMUSG00000034800"
1369.63037070209,-0.225454112996751,0.139678241131914,0.0958460665794716,0.139713644826779,"ENSMUSG00000054021"
930.392947746311,0.150010119951534,0.0909335956804525,0.0959348213233281,0.139830499776248,"ENSMUSG00000042570"
4135.4020544303,-0.115290370661512,0.0695753816963163,0.0960267390328774,0.139930797252033,"ENSMUSG00000033124"
86.9350419948373,-0.450652185359123,0.294259265002749,0.0960231964301644,0.139930797252033,"ENSMUSG00000033715"
1122.17849279815,-0.277373230623555,0.171286533119107,0.0960294222940451,0.139930797252033,"ENSMUSG00000055660"
446.492879358201,0.197882127122288,0.120261566694706,0.0960691428269545,0.139976146342389,"ENSMUSG00000063558"
22.0094223335408,-0.51381996528479,0.345737073872062,0.0961686402562073,0.140108576576617,"ENSMUSG00000029032"
249.524921751032,-0.304630230149373,0.189337617319373,0.0964068570458664,0.140443065956024,"ENSMUSG00000039994"
67.5715020226749,-0.38831033067604,0.247444225487837,0.0964538175612565,0.140498903110705,"ENSMUSG00000015134"
704.223685476594,0.151698376093196,0.0919442595613823,0.0966465262510155,0.140767014523446,"ENSMUSG00000038500"
273362.695658257,0.164434598823064,0.0997342403692853,0.0967454736515906,0.140898525552527,"ENSMUSG00000064354"
321.048894033726,0.293471084130604,0.182022644685948,0.0968379989808929,0.141020660888439,"ENSMUSG00000025353"
192.016631229626,0.27193971738444,0.167886096972426,0.0968651007904195,0.141047509675861,"ENSMUSG00000040717"
426.963609888292,-0.384911795019455,0.245407273799944,0.0968801459715024,0.141056799295538,"ENSMUSG00000055148"
179.797202248575,-0.306503062167912,0.190879428145704,0.0969890404223774,0.141202718897725,"ENSMUSG00000027985"
749.468573209365,-0.19245264587546,0.117449399687506,0.0971780678701633,0.14146526460298,"ENSMUSG00000024620"
13.8197084961864,0.711642687215768,0.575242219506913,0.0973037168340947,0.141635509489886,"ENSMUSG00000101904"
3135.65180317655,-0.284339675336461,0.176789969616578,0.0973947027296344,0.141755272803379,"ENSMUSG00000031827"
344.497046436959,-0.217371309702756,0.133171076628646,0.0974359839228502,0.141802677362195,"ENSMUSG00000029715"
447.881091586577,-0.264095598331378,0.163557255887877,0.0976299756845319,0.142059599909968,"ENSMUSG00000002578"
9.60017657847955,0.704897614587684,0.561465847588296,0.0976231918924613,0.142059599909968,"ENSMUSG00000080816"
29.190615588612,-0.614957633872006,0.446999065477693,0.0977045157104418,0.142148245790578,"ENSMUSG00000019326"
1837.54969629837,0.134385631798237,0.0815534514908555,0.0977083623387872,0.142148245790578,"ENSMUSG00000031634"
8362.02922572824,-0.0948540593014134,0.0575112354553962,0.0978321189334879,0.142315570330591,"ENSMUSG00000044252"
31.0255996196736,0.509312629672616,0.343464774644883,0.0978931092281152,0.14239156751097,"ENSMUSG00000053181"
10.8307419599694,-0.762671261941297,0.706285411194832,0.0980906354520167,0.142666133299493,"ENSMUSG00000112621"
262.514785723981,-0.294589959781292,0.183789975847226,0.0981260352799634,0.142704869318971,"ENSMUSG00000078875"
172.609355693907,0.250421828719847,0.154644641718924,0.0981717733942112,0.142758632062799,"ENSMUSG00000051184"
378.345246113504,-0.194621118203041,0.119260843506784,0.0981896169308106,0.142771825314849,"ENSMUSG00000050796"
1812.83030915157,-0.162321282810019,0.0990807234278341,0.0983069122312247,0.142929610334037,"ENSMUSG00000002949"
1101.45055737215,0.137672036523948,0.0837769604361794,0.0983194828723447,0.142935120317587,"ENSMUSG00000028163"
2492.03732699141,-0.117748070291885,0.0716912335809541,0.0986493840597012,0.143401917639205,"ENSMUSG00000021814"
44.1726087855493,0.429164536930003,0.27902152230313,0.0987074402760836,0.143473498777934,"ENSMUSG00000096549"
74.0331193345206,0.535863634328997,0.368549578132536,0.0987527923116846,0.143526602968714,"ENSMUSG00000108841"
23.77021963771,0.520384962834137,0.353678517479372,0.0988380758839024,0.143637728706201,"ENSMUSG00000027368"
236.340728267259,0.352096803976909,0.223087874894425,0.0988530264003309,0.143646631293036,"ENSMUSG00000056656"
1442.49979223997,-0.154658453464384,0.0945011445073009,0.0989060193710238,0.143710808115819,"ENSMUSG00000020783"
2100.99168569528,-0.270399748721351,0.16821232335691,0.0989927369496462,0.143823971087678,"ENSMUSG00000025262"
6527.45475747037,-0.153214297027262,0.0937136960669085,0.0990156966533998,0.14384448997091,"ENSMUSG00000022517"
830.759909783832,0.169845796061821,0.103738021195975,0.0990732165244553,0.143915207798062,"ENSMUSG00000025208"
1370.79050151629,-0.16777810930009,0.102740421758104,0.0991755146477934,0.144050952747103,"ENSMUSG00000042104"
479.599805978651,0.189809254828247,0.116413503137932,0.0992789819127334,0.144188371482466,"ENSMUSG00000028910"
31.4584539478261,0.540091407209285,0.375099467534499,0.0993181988704048,0.144232459738821,"ENSMUSG00000043953"
13998.8760000573,0.132840365630565,0.0808070370381576,0.0993296682818071,0.144236248018845,"ENSMUSG00000033004"
129.942504537906,0.357817739821028,0.227600089844643,0.0995033490796026,0.144475561173648,"ENSMUSG00000042190"
152.924196211497,0.350977633030065,0.222661375610407,0.0996808054166371,0.14470740663266,"ENSMUSG00000010529"
19.6633016911253,-0.741435327834047,0.653523013161167,0.0996789147700883,0.14470740663266,"ENSMUSG00000050370"
3013.10153561193,0.141533010251901,0.0864534754016283,0.099716246483499,0.144745947945282,"ENSMUSG00000030660"
26.3649883003578,0.6961812409986,0.562767287556293,0.0998137839349826,0.144861695336452,"ENSMUSG00000042489"
105.261222132315,0.353588247577696,0.224961010006703,0.0998052491011926,0.144861695336452,"ENSMUSG00000045225"
7579.53658700281,-0.0990160201729887,0.0604415204993258,0.099892947180091,0.144963661781004,"ENSMUSG00000022295"
60.4201244975133,0.416360870497721,0.270411709501971,0.0999406474816078,0.145019955402533,"ENSMUSG00000021758"
776.844531993573,-0.151207878368186,0.092634333611699,0.0999617909088214,0.145037706784365,"ENSMUSG00000022329"
4612.19855691597,0.21753836329051,0.13343835483707,0.100000834919974,0.145081425207428,"ENSMUSG00000021238"
1822.27862648714,0.184607196926021,0.113404931971533,0.100027281695621,0.145106861370762,"ENSMUSG00000049521"
844.491199798741,0.63918313364555,0.478750680708343,0.100113632904842,0.14521918699207,"ENSMUSG00000090877"
30.7241354153143,0.479486619649986,0.32149190542514,0.1001480164762,0.145256117989806,"ENSMUSG00000028644"
1148.81864474076,-0.184753852752138,0.113795901584044,0.100322735766501,0.145496569209472,"ENSMUSG00000053286"
440.576688817554,0.202621255145057,0.124847686950009,0.100378190116669,0.145564024830212,"ENSMUSG00000018932"
7590.1799815115,0.277752249204219,0.173322954185838,0.100419651921111,0.145611178867971,"ENSMUSG00000020422"
523.638314836655,-0.190418133393267,0.117424920789331,0.100451419954465,0.145644269530488,"ENSMUSG00000095325"
2696.2212999885,0.231239683098999,0.143161713921868,0.100513844549572,0.14572179921428,"ENSMUSG00000021972"
186.601439757453,-0.31334184488643,0.198022636371304,0.100544110550338,0.145752696726191,"ENSMUSG00000026668"
1697.70081758365,0.278956777822122,0.174303567311747,0.100593239623213,0.145810930951617,"ENSMUSG00000068735"
1155.07610984738,0.132608509250621,0.0811816380536756,0.100671497943925,0.145907149123936,"ENSMUSG00000024218"
45.9750428862539,0.471198099437279,0.314699058279997,0.100681137864574,0.145907149123936,"ENSMUSG00000037738"
13.6908626335042,0.657079697260377,0.501915790660615,0.100686509774492,0.145907149123936,"ENSMUSG00000115463"
222.194031690858,0.353391303012502,0.225087930743326,0.100730436289093,0.145957458655034,"ENSMUSG00000058624"
181.062091324072,-0.239810658215735,0.149076465866279,0.100739160092721,0.145957458655034,"ENSMUSG00000058883"
232.456231992344,-0.236028688255226,0.14671288210207,0.100780251226062,0.146003998705753,"ENSMUSG00000024232"
26.4511788657311,0.520186089221668,0.356772199847021,0.100877960328269,0.146127054043892,"ENSMUSG00000041673"
2137.52148513928,0.191779410534693,0.1182232506077,0.100883144940734,0.146127054043892,"ENSMUSG00000041852"
766.302721863239,-0.25137215375639,0.156833082931672,0.100917957024277,0.146164472323266,"ENSMUSG00000052748"
2092.20505428472,0.139397626030856,0.0854597919094092,0.100938978037453,0.146181911431821,"ENSMUSG00000026895"
4675.88750913801,-0.140939919185043,0.0865585490117804,0.100948745641712,0.146183051468356,"ENSMUSG00000027598"
91.3607007017116,-0.357198377521157,0.228562105873834,0.100998068676563,0.146241466101858,"ENSMUSG00000095315"
689.998136231456,0.172928484220541,0.106368014599313,0.101034518809605,0.146281232516477,"ENSMUSG00000061118"
291.279556249631,-0.219029628836715,0.135921440395158,0.101107743947574,0.146374231232533,"ENSMUSG00000003208"
3500.11502374804,0.123131771774534,0.0754986471555973,0.101298073814857,0.146636731485838,"ENSMUSG00000052298"
38.3253384877709,-0.490024320501265,0.332426367898586,0.101308186184833,0.146638329603122,"ENSMUSG00000050625"
2936.28703702847,-0.183785423250718,0.113481027554336,0.101352384012885,0.146689259977038,"ENSMUSG00000005534"
183.491693621755,-0.324282383959783,0.205994653499509,0.101487419515269,0.146871640724534,"ENSMUSG00000091239"
5215.98028136238,-0.10240962031842,0.0627742541089502,0.101505245050788,0.146884378961395,"ENSMUSG00000032366"
224.187186903558,0.309358366800081,0.195637014167325,0.101555402616523,0.146936686288123,"ENSMUSG00000026274"
19.0595720924636,-0.543360425534693,0.379435764089711,0.101559445719847,0.146936686288123,"ENSMUSG00000075395"
47.178302661158,0.518121517059986,0.355417831015892,0.101586855607324,0.146963280801281,"ENSMUSG00000040714"
2095.97472261244,-0.159227829807519,0.0981769782964713,0.101765471574658,0.147208597377791,"ENSMUSG00000013701"
1209.46558772935,-0.225741572931851,0.137703782892523,0.101943779056018,0.147453424157976,"ENSMUSG00000021514"
277.579927601542,0.199360552820157,0.123451173140127,0.102064555593373,0.147615000972805,"ENSMUSG00000044982"
374.813757967305,-0.193984463585257,0.120351807821234,0.102279716226955,0.147913043775974,"ENSMUSG00000051557"
737.186147869068,0.202950914448171,0.125719974628019,0.102302376167452,0.147932671160503,"ENSMUSG00000025532"
1931.40849184526,-0.166578627604203,0.102974866443698,0.102329741321518,0.147959098350655,"ENSMUSG00000051344"
948.784973825055,0.222010328500957,0.138073028000759,0.102346334780617,0.147969947380662,"ENSMUSG00000020614"
3497.91739880381,0.183295896149426,0.11334104816585,0.102519616282424,0.148207310288214,"ENSMUSG00000028419"
40.2205329804181,0.548205643999117,0.384877340678789,0.102670757662731,0.148412627052121,"ENSMUSG00000027315"
11877.8304067749,-0.0880617644431901,0.0541583416682613,0.102708524322558,0.148454036487534,"ENSMUSG00000019087"
1664.427517659,0.156482265596257,0.0966831168060423,0.102977181837231,0.14882845797322,"ENSMUSG00000030335"
4948.5129176466,0.175441337724835,0.108311380191376,0.102985855179405,0.14882845797322,"ENSMUSG00000034243"
268.52077966886,-0.360962550270114,0.232973636929784,0.102996955975141,0.148831287116143,"ENSMUSG00000069874"
640.680872837634,-0.174208801448202,0.108045987302862,0.103058699287857,0.148907288035482,"ENSMUSG00000049184"
1123.14723854108,-0.253792089130599,0.159683236851312,0.103441627841708,0.14944730789095,"ENSMUSG00000044452"
31.1391378392071,0.582369982862146,0.422566528094792,0.103499294527621,0.149517351466154,"ENSMUSG00000009092"
36.8547811794965,-0.506236304345197,0.34941674551625,0.103530254655966,0.149548805154833,"ENSMUSG00000023984"
10.9416170455361,0.74128681628953,0.660480670615543,0.103581536384682,0.14960960508162,"ENSMUSG00000045929"
1933.928948315,0.130039942280875,0.0802847945286077,0.103597892941432,0.149619953979295,"ENSMUSG00000024983"
1142.23765258012,0.208790060714808,0.130002712990486,0.103762955614736,0.149831756541885,"ENSMUSG00000035245"
362177.9276954,0.185420614389628,0.100901808999687,0.103760372924583,0.149831756541885,"ENSMUSG00000064363"
5427.7273237437,-0.217949862664592,0.136479386864908,0.103851301030988,0.149946024319889,"ENSMUSG00000020255"
960.208720372151,-0.146284928156427,0.0906280786407248,0.103924494517264,0.150033011658095,"ENSMUSG00000032388"
999.233875712836,-0.178642759637461,0.110588454016146,0.10392998153684,0.150033011658095,"ENSMUSG00000064037"
894.33284250789,0.196077763585677,0.121730189307295,0.103940961325039,0.150035556304778,"ENSMUSG00000024911"
192.017912724988,-0.231255362688255,0.144964443937415,0.103951859691879,0.150037982981415,"ENSMUSG00000027907"
2151.93510630942,-0.116125111685627,0.0718775619959104,0.104095007532435,0.150231273394182,"ENSMUSG00000014426"
11141.6683942861,-0.101855083007118,0.0627910450285204,0.104120428191703,0.150254639193666,"ENSMUSG00000032281"
1343.25986721335,-0.11800753470493,0.072997719228513,0.104241676594144,0.150416276181144,"ENSMUSG00000040025"
1043.46118331718,-0.161233430889696,0.100163960480342,0.104288657474433,0.150470729158732,"ENSMUSG00000025872"
46817.1638207612,0.293614516599376,0.186079647063735,0.104304497368491,0.150480245339387,"ENSMUSG00000018593"
369.346531948699,0.326773716259524,0.209062359312361,0.104337775979075,0.150514916464674,"ENSMUSG00000042213"
2715.47328603124,-0.164500151546186,0.103975253286981,0.10439735561005,0.150587519239734,"ENSMUSG00000005262"
63.1712359544129,-0.418233596949634,0.276940722038124,0.104480797519239,0.15069452614019,"ENSMUSG00000061171"
20.8008384823397,-0.510849756204069,0.354086785746625,0.104491343973446,0.150696384973842,"ENSMUSG00000083811"
8.19540296197158,0.682247856160286,0.548913594227993,0.104668229272612,0.150938114466653,"ENSMUSG00000078932"
794.676984056401,0.173302278328692,0.107740315883872,0.104792368994626,0.151103745459698,"ENSMUSG00000022217"
173.331403055899,0.311685761501486,0.199229577010486,0.105293138029213,0.151812373856469,"ENSMUSG00000024885"
36.2694958949317,-0.496131010182452,0.34435263565387,0.105561286375139,0.152185512320832,"ENSMUSG00000075302"
2753.20627970661,-0.168293522716022,0.105238499355356,0.105709091150266,0.152385103236276,"ENSMUSG00000029603"
913.431455772876,0.175782068675696,0.109778680757969,0.106040871999885,0.152836312592007,"ENSMUSG00000024594"
5121.22252273101,-0.206797381822613,0.128488603725024,0.106034060163999,0.152836312592007,"ENSMUSG00000057133"
1265.29982447471,-0.170034382092592,0.106353006328321,0.106095959945382,0.152902172287821,"ENSMUSG00000015575"
7216.21779696486,0.148461355836725,0.0924440799348298,0.106119195096721,0.15292211913814,"ENSMUSG00000028530"
1393.17446908347,0.17719537118252,0.11086405580678,0.106246298880363,0.153091728173369,"ENSMUSG00000034789"
2263.20049964696,-0.133066135242044,0.0830061343887553,0.106297705892029,0.153152244336205,"ENSMUSG00000015176"
336.021073863792,-0.243292844035762,0.153899565762314,0.106394735588065,0.153278476493718,"ENSMUSG00000074406"
90.4114846066063,0.4554028522545,0.307193083759773,0.106414225859106,0.153292988365888,"ENSMUSG00000019772"
326.656829548506,-0.212326997705413,0.133724964708009,0.106462482982995,0.153348933545456,"ENSMUSG00000001288"
2234.1169190295,-0.139782480952438,0.086941657862269,0.106575162646109,0.153497655065772,"ENSMUSG00000028556"
24.4441915419615,0.662249985766667,0.534457502407247,0.106762103191334,0.153753296978548,"ENSMUSG00000034683"
917.815537677408,-0.258328542933326,0.16426148056041,0.106803390688085,0.153799150178755,"ENSMUSG00000078861"
5003.73240308052,-0.187592499159758,0.118715121207277,0.106961996265741,0.154013920850397,"ENSMUSG00000018846"
183.262909548881,0.360540807305475,0.235395250245083,0.106989964117397,0.154040565708738,"ENSMUSG00000022580"
451.871953197187,0.319012577377703,0.205424413803421,0.107109804707395,0.154199469446094,"ENSMUSG00000034684"
895.086313184113,0.205729193249897,0.12972837352197,0.107271422011298,0.154418483153512,"ENSMUSG00000089917"
57.2967777933625,-0.375073348943644,0.246430751132335,0.107294659672263,0.154438276606694,"ENSMUSG00000030004"
237.644601203273,-0.288306739627709,0.185076770744042,0.107462203258484,0.154665759915261,"ENSMUSG00000002835"
6058.90466424027,-0.166080917967887,0.102548906296756,0.107483220790486,0.154682332952659,"ENSMUSG00000024581"
154.00847283997,-0.32118349225707,0.20820790131857,0.107506324945418,0.154701905716188,"ENSMUSG00000016526"
22.2833074698338,0.545953449106363,0.39197832939614,0.107517331965938,0.154704068747594,"ENSMUSG00000039099"
2195.40732374191,0.139452926669523,0.0871638676863909,0.107607570475906,0.154820225579529,"ENSMUSG00000025465"
32.5071818579147,0.471039892906653,0.323481886318291,0.107627982945471,0.154835908651027,"ENSMUSG00000020057"
1192.3953859643,-0.354534450032797,0.231947037215946,0.107641079823896,0.154841065515498,"ENSMUSG00000020102"
849.709979375664,0.254561230266881,0.161854637041427,0.107717497146324,0.154937299509398,"ENSMUSG00000021010"
233.937472425238,0.251648521703229,0.16001395876425,0.107731493083602,0.154943739566609,"ENSMUSG00000062031"
468.068757702442,-0.167313701818291,0.105090209771795,0.10775178615543,0.154959234476375,"ENSMUSG00000064264"
346.111843082814,0.309831601556847,0.199691865336829,0.107991146058357,0.155289741655295,"ENSMUSG00000027424"
1311.14065010224,0.186837296371401,0.115889540611848,0.108227197012647,0.155615432644807,"ENSMUSG00000037434"
327.203945581621,-0.179114456790737,0.112819885287929,0.108269163032135,0.155662024009635,"ENSMUSG00000026134"
20.2185984998583,0.58768825440607,0.436123157940129,0.108283224367084,0.155668491234425,"ENSMUSG00000115238"
416.249342543956,0.210113661974993,0.132792871857057,0.108322026592443,0.155710521800759,"ENSMUSG00000034066"
1739.05489537875,-0.139014861306524,0.0870750172010862,0.108340737148499,0.155723666163644,"ENSMUSG00000040842"
14.9223986916482,0.729464384250437,0.709304707728886,0.108454572390892,0.155873523695828,"ENSMUSG00000026069"
1654.78353707799,0.210192384111275,0.132725962507769,0.108475194824271,0.155889398900811,"ENSMUSG00000041313"
1118.97732283519,0.26789365796718,0.171177142499678,0.108514874669664,0.15593265623877,"ENSMUSG00000029570"
4764.65130513239,-0.153214109458699,0.096363113705571,0.108559645447421,0.155969453538669,"ENSMUSG00000028639"
418.909262517914,-0.208846653641229,0.132310397824859,0.108551056263772,0.155969453538669,"ENSMUSG00000043311"
321.105559297635,0.203262573403937,0.128482304871717,0.108591285137475,0.156001141952857,"ENSMUSG00000049411"
466.882388426945,0.193038527154446,0.121767036294632,0.108613880732305,0.156019833265131,"ENSMUSG00000026799"
2770.60793758636,-0.204666530090674,0.129568771631056,0.108706570716166,0.156139200398636,"ENSMUSG00000053841"
6536.11531444974,0.128258333667864,0.08036861021544,0.108811901915592,0.156276701904182,"ENSMUSG00000043411"
1521.5146650436,-0.141724368954084,0.089190907248543,0.108943964689465,0.156452567906053,"ENSMUSG00000001157"
222.638905005323,-0.294460452602363,0.190066404020956,0.10899877593713,0.156517473068508,"ENSMUSG00000007440"
255.955609559881,-0.327565246568573,0.213182699446038,0.109033830578035,0.156553999660338,"ENSMUSG00000037001"
48.9720625034718,0.564945253402867,0.959954102163915,0.109145466573754,0.156700467885656,"ENSMUSG00000095552"
885.106825246402,0.198193052597677,0.125352725061898,0.109356200160549,0.156989172432614,"ENSMUSG00000055862"
1204.83988368502,0.234372967774851,0.149117899953512,0.109423659168641,0.157072162605567,"ENSMUSG00000026923"
3023.4729779855,0.160405220819632,0.102870076939012,0.10977134090591,0.157557348317292,"ENSMUSG00000023018"
588.79216315701,0.353655695749927,0.231945336073384,0.110030454351707,0.157915335561372,"ENSMUSG00000038007"
3292.56737558457,0.140765882505695,0.088585024867449,0.11006459439092,0.157941640164665,"ENSMUSG00000061273"
72.7305205634262,-0.35812541564554,0.236426469150788,0.110068188108365,0.157941640164665,"ENSMUSG00000063605"
444.827600530488,-0.216461906904712,0.137924442469117,0.110225344119306,0.158153208600622,"ENSMUSG00000024590"
10.3808901208939,-0.632550988311635,0.496384673931753,0.110483601715736,0.158509789241032,"ENSMUSG00000000320"
1991.20758789131,-0.150205186407735,0.0949230442855597,0.110542832141234,0.158580789776593,"ENSMUSG00000022193"
22239.1427066079,0.10708497902279,0.0669625342109881,0.110560859681209,0.158592674822939,"ENSMUSG00000056201"
445.891729229348,0.211364617772184,0.134590984584336,0.110892592098224,0.159054508254021,"ENSMUSG00000045934"
1794.23928560183,-0.249836819789512,0.160654746482792,0.110980944695168,0.159167208612154,"ENSMUSG00000042826"
417.999729276152,-0.209435809138357,0.133654559865748,0.111150962973041,0.159397002490984,"ENSMUSG00000004500"
1778.56936621673,-0.19862045675328,0.126617619931103,0.111237984225726,0.159507743765536,"ENSMUSG00000002395"
620.55306067973,0.237192775423726,0.151804910946734,0.111383352574658,0.159702123950523,"ENSMUSG00000116138"
115.91597482804,0.289914313373673,0.188085358501651,0.111720479984388,0.160171390979907,"ENSMUSG00000010358"
5066.26580956499,0.170232205997045,0.107996012975906,0.111746493178601,0.160194576482718,"ENSMUSG00000015599"
25.8158201285122,0.451971553683269,0.310730994100679,0.111817200037001,0.160281823018871,"ENSMUSG00000082163"
290.462652590383,0.302168179717266,0.196728596781214,0.111841225010622,0.160302144996294,"ENSMUSG00000048612"
1721.08423437119,-0.148645989966375,0.0943022236279345,0.111905545343306,0.160380213690645,"ENSMUSG00000032531"
2329.86525609665,-0.141706336369658,0.0899029245249188,0.112121620203251,0.160675740264858,"ENSMUSG00000025873"
1747.80275745487,0.167717511434861,0.106483699753155,0.112233153549543,0.160821414918966,"ENSMUSG00000032185"
6071.14368240736,0.172024261366411,0.109193372791771,0.112297472984998,0.160896459052247,"ENSMUSG00000030000"
10729.5375786648,0.324328868553734,0.210626962466651,0.112305293509745,0.160896459052247,"ENSMUSG00000031765"
683.101292794738,-0.202531896373807,0.129675842016659,0.112596799145916,0.161275659049442,"ENSMUSG00000036764"
279.202213155404,-0.210295915805428,0.13475016458088,0.112595659888974,0.161275659049442,"ENSMUSG00000039405"
2829.31236817163,-0.102038162001847,0.0646076064021741,0.112599696836031,0.161275659049442,"ENSMUSG00000047539"
45.5051686025858,0.510672151344933,0.364048133747164,0.112753635793452,0.161481935900564,"ENSMUSG00000089694"
979.937257866154,-0.170800023778935,0.108898799532299,0.112801145357735,0.161535765297195,"ENSMUSG00000030590"
1341.21027347615,-0.14691182149622,0.0934673812387419,0.11289332613869,0.161653550570513,"ENSMUSG00000022515"
26.5277935912836,0.454086709209244,0.313976505015376,0.112940221529538,0.161706476036399,"ENSMUSG00000114339"
990.170374507187,-0.117078855111388,0.0742686682855979,0.112985334483787,0.16175684034539,"ENSMUSG00000039828"
1317.80993162177,-0.162416848745287,0.103522508248951,0.112996390651783,0.161758442268026,"ENSMUSG00000030760"
92.6338408328321,-0.326813565753718,0.21489098553288,0.113053587059113,0.16182608953115,"ENSMUSG00000059762"
2777.91866151516,0.112795916992921,0.0714580503125655,0.113124055119241,0.161884252240088,"ENSMUSG00000022664"
124.094577972541,-0.427688210254146,0.293000494476094,0.113118540697756,0.161884252240088,"ENSMUSG00000073647"
43.5088634271617,-0.379428607203303,0.254430376225702,0.113118511457169,0.161884252240088,"ENSMUSG00000079419"
85.9955791339425,-0.308152245231617,0.202091535685943,0.113171209357752,0.161937495246615,"ENSMUSG00000021123"
221.369548865373,0.33058210838253,0.217466014568545,0.113186820847544,0.161945598115173,"ENSMUSG00000036111"
1026.31740345904,-0.146776877135557,0.0934215807905446,0.113221369958628,0.16198079277435,"ENSMUSG00000052584"
220.577525812864,-0.26119820242445,0.169207833920408,0.113234299017743,0.161985053116339,"ENSMUSG00000020877"
72.7321564287358,-0.427413554202878,0.295594696848275,0.113279374594312,0.162035295223744,"ENSMUSG00000029163"
3075.07154720353,0.124367440231991,0.0789370241903292,0.113320622959581,0.162080054523861,"ENSMUSG00000038845"
5717.30414676582,0.191118548107609,0.122148749771478,0.113395228229651,0.162158264528003,"ENSMUSG00000025272"
24102.4373137024,0.163148875213069,0.104267276224856,0.113385706547904,0.162158264528003,"ENSMUSG00000055430"
2840.85608001757,-0.141085075684937,0.0898833814538151,0.113439362968346,0.162207128460886,"ENSMUSG00000021540"
1400.36303116508,-0.128965536585225,0.0819991109213559,0.113482250105148,0.162254200018585,"ENSMUSG00000042229"
298.925672638797,-0.281042656187644,0.183284650738502,0.113662572486087,0.162497747666303,"ENSMUSG00000094786"
314.952747589556,0.183102991043265,0.11708518802558,0.113736470570671,0.162563575960003,"ENSMUSG00000017057"
430.746175414256,0.162427994507282,0.103569492288295,0.113738577626764,0.162563575960003,"ENSMUSG00000020514"
478.68389597395,0.196740037509477,0.126022256723417,0.11372459161876,0.162563575960003,"ENSMUSG00000046573"
17.6488343517825,0.569523637842374,0.428237983037645,0.113820132983369,0.162665858182905,"ENSMUSG00000041498"
1527.82692865099,0.178024088200873,0.113951446458355,0.114071283964588,0.163010478480868,"ENSMUSG00000022765"
96.8408539285165,0.479748203778231,0.337173227302266,0.114272081925897,0.163268757095564,"ENSMUSG00000023267"
11746.2871383467,-0.109497802519067,0.0700155729510064,0.114263906607035,0.163268757095564,"ENSMUSG00000063358"
620.628745999387,-0.220966328619602,0.143763315658455,0.11430852756191,0.163306495669016,"ENSMUSG00000040771"
11.0779281726162,0.628684923892757,0.499831107900438,0.114559567459396,0.163650780088113,"ENSMUSG00000073179"
11.2407963606718,0.658761832806412,0.563020296369309,0.114575369058992,0.163658990658325,"ENSMUSG00000043366"
2753.79106748375,-0.158286782050923,0.103118653176393,0.114599015597181,0.163664044208713,"ENSMUSG00000020740"
1347.74800833905,-0.146950958955497,0.093931262227075,0.114595432966043,0.163664044208713,"ENSMUSG00000026111"
1478.58740559011,-0.230715205392137,0.149448553963795,0.114847680064363,0.163990397902431,"ENSMUSG00000001569"
2169.31336278503,-0.199846698316171,0.128803047814416,0.114844379871491,0.163990397902431,"ENSMUSG00000037640"
11.921176176508,0.682689838521105,0.587910595809066,0.114890502156761,0.16403715411874,"ENSMUSG00000046856"
1122.81730047938,-0.163645645642881,0.104923295335349,0.114985032021734,0.164157722439027,"ENSMUSG00000003809"
2851.29871026761,-0.196034090866615,0.122237877008718,0.115010627792732,0.164179864878548,"ENSMUSG00000057637"
74.8300507796992,-0.355311786692424,0.237678549768141,0.115037120115419,0.164203283167204,"ENSMUSG00000009772"
293.82495480325,-0.192875850551979,0.124299209414167,0.115207208457223,0.164431647458718,"ENSMUSG00000027353"
46.7785511513565,0.380433347708067,0.256346029904115,0.115248961792733,0.1644768192234,"ENSMUSG00000052616"
72.2923202272352,-0.329876718923694,0.219069226294151,0.115285225487137,0.164514149248674,"ENSMUSG00000103318"
106.324168197099,-0.372476250793235,0.251006140949799,0.115373143681008,0.164625178194201,"ENSMUSG00000040987"
23.7161577999611,0.57217503335452,0.435502216249623,0.115527861629348,0.164817049220204,"ENSMUSG00000030148"
7625.58332957046,-0.111083117718846,0.0711271976239149,0.115521001529041,0.164817049220204,"ENSMUSG00000031422"
1166.33801833803,0.131715497438325,0.0841824394247385,0.115573100614424,0.164867139760021,"ENSMUSG00000020116"
209.249900197139,-0.252232055956112,0.164466475225024,0.115585296002253,0.164870088356526,"ENSMUSG00000034520"
468.159806085582,-0.189719333292241,0.122305174736452,0.11567705205738,0.164986511293265,"ENSMUSG00000040521"
3137.80734141574,-0.139692287727843,0.089469698987636,0.115703266522197,0.165009442127941,"ENSMUSG00000005533"
787.721080654817,0.125162058260539,0.079956182881676,0.115731200493039,0.165022645224404,"ENSMUSG00000036285"
5863.66901694363,0.100061980790605,0.0637915973936912,0.115732799968166,0.165022645224404,"ENSMUSG00000110185"
385.35050435563,-0.196577967767065,0.12685019138959,0.115757577965405,0.165043518798359,"ENSMUSG00000053604"
882.088457583976,0.323042010776012,0.213814626957076,0.115843059392821,0.165150930180097,"ENSMUSG00000039781"
4384.01974756328,-0.159519959973436,0.102422681712799,0.11593139034926,0.165262384806485,"ENSMUSG00000018401"
1148.1131042637,0.152692115687046,0.097792022735921,0.116017940488116,0.165360675457707,"ENSMUSG00000033918"
1747.86087965475,0.104496873719576,0.066698061524307,0.116020658213691,0.165360675457707,"ENSMUSG00000050705"
6281.44499374609,-0.148077345811029,0.0952084169714695,0.116571340150161,0.166130999384024,"ENSMUSG00000055204"
566.682377414295,-0.166832594271293,0.107476554604646,0.116606165134558,0.166166082120314,"ENSMUSG00000025265"
6.87280680376736,0.732655061615493,0.830553776765093,0.116934118819473,0.166618836322075,"ENSMUSG00000024353"
4326.77075133491,-0.118664246384148,0.076120416371596,0.116992677824052,0.166673097288632,"ENSMUSG00000031386"
1446.66818604058,-0.123913781146632,0.0795138179890873,0.116989237275929,0.166673097288632,"ENSMUSG00000035198"
6775.68392886059,0.11764583130899,0.076194754833592,0.117047358370421,0.166736404966632,"ENSMUSG00000029020"
71.5434390245901,0.383464844640143,0.259807109438839,0.117102849828775,0.166800856625201,"ENSMUSG00000033644"
41.1655626775578,-0.511202835205809,0.373390169317356,0.117128873748369,0.166823327226875,"ENSMUSG00000090098"
1341.03022736291,-0.20390099907435,0.132321329994448,0.117248729138114,0.166973160419667,"ENSMUSG00000006464"
3613.57426658664,-0.132334740657852,0.0854251265203654,0.117254588816637,0.166973160419667,"ENSMUSG00000075595"
2178.35417611982,0.207684700952758,0.134551989055186,0.117300746766315,0.167024278854275,"ENSMUSG00000037926"
153.560297357423,-0.366157882163166,0.248116567726025,0.117379348691458,0.167106965016578,"ENSMUSG00000021806"
1049.70324292925,0.188626148475359,0.121856025090465,0.1173702652138,0.167106965016578,"ENSMUSG00000025175"
1919.82602208652,-0.129336294411437,0.0831948576396414,0.117526094681811,0.167301247855751,"ENSMUSG00000013736"
3097.12454483002,-0.107391394054236,0.0690568759316307,0.117773525658289,0.167638811705634,"ENSMUSG00000022437"
148.744863891748,0.275858418287741,0.181439560158954,0.117801819580223,0.167664424160782,"ENSMUSG00000032578"
2105.73043819295,-0.239216749099542,0.156488032564818,0.117822627707758,0.167679378722406,"ENSMUSG00000031537"
756.720915049987,-0.226369800287602,0.14767318298512,0.117930286099174,0.167817920895389,"ENSMUSG00000028099"
177.547361745227,0.350894091368273,0.236341844737196,0.117978030179898,0.167871186649334,"ENSMUSG00000031196"
919.05851903867,-0.219427182393096,0.143028764852528,0.118005767015931,0.167895977229729,"ENSMUSG00000003527"
192.651746050668,0.248242147891091,0.162252676335662,0.118042353707628,0.167933353753957,"ENSMUSG00000079410"
23696.4093722624,-0.212000401185123,0.139437293511616,0.118295410752754,0.168278659113286,"ENSMUSG00000002265"
164.663156102657,-0.219106744621589,0.142877007625966,0.118356903988424,0.168351422852461,"ENSMUSG00000072763"
6506.7456811931,-0.273826897914406,0.180553547213303,0.118404642468304,0.168404610755706,"ENSMUSG00000022708"
915.423721365609,0.169556572265312,0.109589340415327,0.11842425120728,0.168417784479478,"ENSMUSG00000045691"
475.375733646215,-0.180893946005753,0.117333809747197,0.118446899043155,0.168435277594521,"ENSMUSG00000078317"
752.280129632184,0.190823588242872,0.124242375323878,0.118498023380923,0.168493258612393,"ENSMUSG00000024037"
473.561517165044,0.180483359925774,0.1169546722462,0.118518567007742,0.168507750349552,"ENSMUSG00000019979"
16.1055037046547,0.616672385277307,0.493239229558572,0.118591335874367,0.168587095120395,"ENSMUSG00000032013"
99866.8186313338,0.152078632262962,0.0981341638846053,0.118595087002312,0.168587095120395,"ENSMUSG00000064356"
1417.52461479946,-0.136146280011487,0.0882571039531269,0.11869490448897,0.168714255612247,"ENSMUSG00000042541"
6913.33208351783,-0.304556132194081,0.2029949510783,0.11886105868346,0.168906181863759,"ENSMUSG00000030002"
158.044995464758,0.226608722057592,0.14794500572705,0.118857894411912,0.168906181863759,"ENSMUSG00000049904"
582.096014485539,0.163008263783507,0.105462051638833,0.118853392462759,0.168906181863759,"ENSMUSG00000108218"
376.996751925207,-0.19230541711121,0.125122396271826,0.118875821631527,0.168912414849685,"ENSMUSG00000058298"
569.114871803566,-0.211803853838828,0.138354016888025,0.119221005727944,0.169388106069606,"ENSMUSG00000051721"
195.04404697198,-0.24715445779163,0.1627201250736,0.119279298538256,0.169456137336859,"ENSMUSG00000020335"
970.615860760877,0.138697109630826,0.0895756621370555,0.119303825412575,0.169476190772833,"ENSMUSG00000045665"
14.79865986175,0.597000434852185,0.468171394754609,0.119393392806823,0.169588625489482,"ENSMUSG00000086022"
1559.91772033166,-0.130613056806677,0.0846652942848952,0.119441259396059,0.169641813144495,"ENSMUSG00000025024"
66.2989642271932,0.454042138339542,0.321786721804097,0.119455840014992,0.169647719749088,"ENSMUSG00000031262"
9750.35313066157,-0.174578407087971,0.113491526961539,0.11946661599006,0.169648222549611,"ENSMUSG00000036667"
21.023631068295,0.676267805218006,0.63401274259407,0.119502006279273,0.169668875552901,"ENSMUSG00000041707"
89.1275160694645,0.346961736009029,0.233814760604841,0.119495256659834,0.169668875552901,"ENSMUSG00000092192"
27.6167310485277,-0.618592570769639,0.505274076645064,0.119835682524257,0.170127789999115,"ENSMUSG00000058447"
666.532010392354,-0.219734726014481,0.144227626964291,0.119916901501951,0.170228248247036,"ENSMUSG00000047090"
19.5128772929453,0.612140606652823,0.490643290948606,0.120107422633044,0.170483835509303,"ENSMUSG00000064084"
6749.60572260573,0.114137785580235,0.0735371791530438,0.120202058156608,0.170603287354893,"ENSMUSG00000034158"
180.631565208288,-0.248814274968509,0.16412275879,0.120228340229897,0.170625712490172,"ENSMUSG00000035142"
204.777990794305,0.288729768921502,0.192068613062941,0.120413764169278,0.17087396505514,"ENSMUSG00000024036"
2006.29926495172,0.174855406409858,0.113780144569069,0.120462504576364,0.170928229558407,"ENSMUSG00000052428"
13.2651572506938,0.601818680578937,0.479859200685417,0.120474975924145,0.170931025720668,"ENSMUSG00000036551"
2236.9911183427,0.130314141761465,0.0845088041968229,0.120609955030695,0.171107621404014,"ENSMUSG00000000743"
68.0779760150999,0.404527647715142,0.280867530825527,0.120902497052947,0.171507699087396,"ENSMUSG00000090812"
6157.51335362682,0.15752349259237,0.102371546722917,0.120971629376548,0.171590814133099,"ENSMUSG00000048814"
14.9221394138481,-0.70284283008611,0.777631746778974,0.121085997988674,0.17172311162743,"ENSMUSG00000000706"
23.655786162708,0.543730244824294,0.41051546572434,0.121085208538731,0.17172311162743,"ENSMUSG00000015355"
17.174272221839,0.574022898995211,0.445385797781795,0.12110539775856,0.17173566205365,"ENSMUSG00000053268"
4635.15763125113,-0.131713678555125,0.0844507069952481,0.121200592797309,0.171855683759112,"ENSMUSG00000079658"
183.356748634966,0.219593403925759,0.144383769168264,0.121278727531928,0.171951496103538,"ENSMUSG00000035378"
68.8597435639894,0.386997510638583,0.26628354685315,0.121315505794317,0.171988660801245,"ENSMUSG00000032380"
3434.70905587268,-0.12981959204825,0.083382007362761,0.121421002669676,0.172123232731602,"ENSMUSG00000070934"
9.3946626910816,0.634412873534419,0.52576258245778,0.121457471488804,0.172159937381987,"ENSMUSG00000040364"
1064.73006834072,0.211068445425923,0.138213878458218,0.121483997911557,0.172181556856799,"ENSMUSG00000021823"
1006.84354878628,0.147507425971821,0.0958734706413784,0.121493878981275,0.172181556856799,"ENSMUSG00000037134"
1482.9496557361,0.123942795543036,0.0805279714626165,0.121852541571169,0.172674821249716,"ENSMUSG00000032290"
26.4842328247933,-0.527799843063059,0.397187242414204,0.121884609110684,0.172705228682426,"ENSMUSG00000006204"
29.8881848316508,0.476918803284028,0.345405014167245,0.122101154609706,0.172997005373557,"ENSMUSG00000111662"
1446.37037769369,0.216592287055016,0.142403563232812,0.122128212234371,0.173020281875639,"ENSMUSG00000074264"
108.137870843221,0.374415664083828,0.257129284634411,0.12221599712095,0.173129579769805,"ENSMUSG00000031170"
1237.01163861052,0.226463513679046,0.149233604174494,0.122260094093072,0.173176976300646,"ENSMUSG00000028673"
795.511537969752,-0.257211826539284,0.171222166419347,0.122419256475406,0.173387336370543,"ENSMUSG00000048787"
5792.98869023061,-0.184286702608568,0.112089645100842,0.12248266623107,0.173446963106513,"ENSMUSG00000020817"
4854.39813241454,0.207452032648986,0.136318679444127,0.122476145523775,0.173446963106513,"ENSMUSG00000039621"
694.927626005739,0.137292751363754,0.0894152298733641,0.122504458418211,0.173462732614095,"ENSMUSG00000036181"
10.9593069460984,0.618902705539102,0.505174684721912,0.12255195866619,0.173514898074997,"ENSMUSG00000031163"
67.8161549498803,-0.390834069176677,0.271374202486138,0.122894061754739,0.173984130913519,"ENSMUSG00000020641"
694.631924942721,0.169339377697115,0.110924090235158,0.122943734361443,0.174039317152411,"ENSMUSG00000068329"
44.0984759669161,-0.366957962615911,0.252416853246726,0.123064416404949,0.174195006107805,"ENSMUSG00000049357"
385.958446299384,-0.164045570885071,0.107504705157363,0.123084682630353,0.174208543940256,"ENSMUSG00000022671"
1586.68676655129,0.141483928500067,0.0923684465732067,0.123102825921938,0.174219074974552,"ENSMUSG00000027944"
606.628897386843,0.142664983532059,0.0931720054143704,0.123143160631809,0.174261007455845,"ENSMUSG00000022792"
19.6698638373579,0.504291873688767,0.372217883246908,0.123173741365405,0.1742891309063,"ENSMUSG00000030897"
64.6709900160579,0.565615033616896,0.442938577575569,0.123317994090905,0.174462915679797,"ENSMUSG00000039543"
497.493298468916,-0.208755221061298,0.137833222177721,0.123309121519657,0.174462915679797,"ENSMUSG00000103332"
309.904498444327,0.198800295194731,0.130844508375304,0.123341569523881,0.174481104432931,"ENSMUSG00000058174"
214.858350647509,-0.273755718354709,0.183258035584979,0.12340631705464,0.174557527721187,"ENSMUSG00000003282"
438.017669397378,-0.174560150817143,0.114833780543611,0.123537781225199,0.174728299833503,"ENSMUSG00000055900"
575.81254809562,-0.145771435879407,0.0954755329693523,0.123549021506255,0.174729015819186,"ENSMUSG00000043398"
26.6584082341256,0.504398893153588,0.375246713095536,0.12387642110926,0.175176820677312,"ENSMUSG00000049130"
392.019862322464,-0.156277606761385,0.102581444458225,0.123986617261602,0.175311264750169,"ENSMUSG00000021018"
2145.43569277057,0.111984938783371,0.0730871844590379,0.123993032993531,0.175311264750169,"ENSMUSG00000028700"
1327.10457033599,0.20501999809938,0.135336981303573,0.124042692444849,0.17536624523339,"ENSMUSG00000052593"
528.0140560728,-0.188555500746302,0.124459895507801,0.124349569864342,0.175784828332763,"ENSMUSG00000029387"
422.156738470139,0.264448831892167,0.176802970823714,0.12437184966353,0.175801056688342,"ENSMUSG00000029819"
296.949333299942,-0.222662317226526,0.147920427043565,0.124518396788848,0.175992920285566,"ENSMUSG00000067949"
21.2112795942092,-0.506011379388002,0.376259133429829,0.124558676737098,0.17603456675868,"ENSMUSG00000039236"
429.547213568748,-0.20313156045189,0.134445116095278,0.124668979433725,0.17617515819274,"ENSMUSG00000055202"
36.616870220198,0.448105860965588,0.321924851928436,0.124735810417977,0.176247140392575,"ENSMUSG00000022362"
1993.89043808248,0.212273366758946,0.140500338213136,0.124741571720289,0.176247140392575,"ENSMUSG00000039954"
457.87345842136,0.276313032574163,0.185411418825915,0.124870985749279,0.176414676794546,"ENSMUSG00000032300"
2085.27159506804,-0.182050782836659,0.12072366009592,0.124955288212903,0.176518457131792,"ENSMUSG00000034910"
167.971667260504,0.245640384904435,0.163673479127204,0.125003230898833,0.176555539485571,"ENSMUSG00000021294"
103.828757041032,-0.377992036721016,0.263137040164991,0.125000956215787,0.176555539485571,"ENSMUSG00000112808"
55.1052775846291,0.405842391605312,0.285630398078295,0.125187633944023,0.176786137893725,"ENSMUSG00000006219"
5739.42606755032,-0.253469322350942,0.169537838051361,0.125188217932238,0.176786137893725,"ENSMUSG00000039585"
2584.96559749937,0.0897764510427661,0.0586953899258773,0.125203889799082,0.176792931831146,"ENSMUSG00000007415"
31.998295302238,-0.435777311042792,0.311924871167723,0.125349994375634,0.176983884850948,"ENSMUSG00000091460"
9766.15180764268,0.106794273725004,0.0698127887691161,0.125364795527902,0.176989431188481,"ENSMUSG00000024213"
30.7779200061514,-0.493274717914843,0.367483200461821,0.125384134300975,0.177001382200267,"ENSMUSG00000036768"
466.720095655731,0.207089964316729,0.137283564391804,0.12540468973574,0.177015048518763,"ENSMUSG00000063568"
10.893115968007,0.589660405489422,0.473185448572756,0.125441321681371,0.177051403306108,"ENSMUSG00000032363"
756.472775632555,0.178189914393687,0.117625516040605,0.1255217916482,0.177149620638929,"ENSMUSG00000021040"
1275.10228303761,-0.213548711883742,0.139915998040268,0.125557427294138,0.177184551494927,"ENSMUSG00000036850"
1405.05184132988,-0.163054858229186,0.107675521026298,0.125695400456567,0.177363880776005,"ENSMUSG00000028998"
1615.60284616706,-0.215279181696488,0.143301877881211,0.125715832685621,0.177377335915449,"ENSMUSG00000010554"
1280.46651027109,-0.118641303278326,0.0779481942969944,0.125733907997346,0.177387463544877,"ENSMUSG00000032215"
1732.3066969059,-0.128483249914578,0.0847776118905108,0.125829148714253,0.177506446205963,"ENSMUSG00000020523"
938.504787172454,-0.183915820410804,0.121839509580791,0.125993319390173,0.177722638911026,"ENSMUSG00000030512"
44.1697865925634,0.394260057649908,0.276342814909032,0.126085905071592,0.177837827116833,"ENSMUSG00000043633"
139.311355783106,0.27930796928738,0.188467971926156,0.126127235917151,0.177880709258307,"ENSMUSG00000050188"
33.6771337351763,-0.520336967957312,0.393766824081645,0.126333853746629,0.178156672553724,"ENSMUSG00000054545"
474.668467902474,0.25370538830564,0.170050128099018,0.126376346083281,0.178201157444877,"ENSMUSG00000021866"
5399.99677072693,-0.12571219111569,0.0832327993196596,0.126392819233706,0.178208948591275,"ENSMUSG00000041697"
4559.72490916821,-0.237100010628421,0.158961077502547,0.126487310384287,0.17832673120002,"ENSMUSG00000005198"
1039.34191258613,0.226127074881223,0.150639931595805,0.126672086388754,0.17857176948438,"ENSMUSG00000035299"
1955.38793245438,-0.137806937373664,0.0906011446241208,0.126709805728946,0.17860947503081,"ENSMUSG00000021555"
763.604579157371,-0.154995451098448,0.102570070840176,0.126909799745394,0.178875895770675,"ENSMUSG00000021668"
2001.44164214476,0.138240798397879,0.09119732488513,0.12712805090741,0.17916800109704,"ENSMUSG00000025439"
692.671844510566,0.184588056195622,0.122499337566726,0.127195433683092,0.179247447796154,"ENSMUSG00000044795"
12.2834817892445,-0.574251534808569,0.457840618956043,0.127233519916895,0.179285598788713,"ENSMUSG00000000182"
3322.20338812967,0.145096476431887,0.0956095582111753,0.127291642064345,0.179351973472121,"ENSMUSG00000005625"
5290.28122727697,0.132873900952189,0.0876075664080423,0.127336094399969,0.179399077777627,"ENSMUSG00000039740"
793.853165753917,-0.254649220283859,0.171737448402139,0.127424715639027,0.179497987299295,"ENSMUSG00000019960"
6200.62037254735,0.12042155503475,0.0793159474720612,0.127428353681696,0.179497987299295,"ENSMUSG00000030007"
88.8597087521916,-0.341729383086874,0.236183455829715,0.127443646978509,0.179503996323975,"ENSMUSG00000048697"
9.12786943613315,0.637473797656227,0.54809693100817,0.127521687604488,0.179598376088064,"ENSMUSG00000021509"
798.808931833966,0.55712544823967,0.436984337034589,0.128006235683218,0.180265204987579,"ENSMUSG00000019874"
2414.96085670784,-0.115747872346031,0.0764594125584439,0.128069879861972,0.18033923048384,"ENSMUSG00000022540"
23.6056115525198,-0.493293318572094,0.369569312417911,0.128222270076363,0.180538198451954,"ENSMUSG00000094098"
56.3719139937787,-0.358821801521285,0.250172937089829,0.128236452684623,0.180542551184942,"ENSMUSG00000076928"
720.077653138115,-0.274986317854393,0.186981281331465,0.128490824597909,0.180885033538421,"ENSMUSG00000002325"
4815.88716458147,0.100926058071302,0.0666835783583127,0.128606871934458,0.181032744841673,"ENSMUSG00000029777"
75.164626012021,-0.321152005123673,0.221458775494353,0.128628427533571,0.181047431335189,"ENSMUSG00000073758"
541.834142624914,0.167140711140248,0.111116612789948,0.128653962196421,0.181067715427402,"ENSMUSG00000079659"
62.0835760461056,-0.43199402188351,0.311777477901965,0.128793644041956,0.181248632983052,"ENSMUSG00000042607"
5695.48247332552,0.128230087705574,0.0848740773917632,0.128947066914363,0.181447233368254,"ENSMUSG00000020132"
1035.8652073348,-0.191627239439474,0.128133072201843,0.128957061238318,0.181447233368254,"ENSMUSG00000023079"
604.433143730932,0.143848784819943,0.0954044747144049,0.128969134660159,0.181448537078485,"ENSMUSG00000025287"
546.497867306818,0.177034259848413,0.118019029904195,0.129093352442773,0.181603214830047,"ENSMUSG00000016495"
465.677523904819,0.189389789537387,0.126409872919518,0.129101388500633,0.181603214830047,"ENSMUSG00000026857"
24.0735963035611,-0.575971466240921,0.469347612598166,0.129278963082949,0.181837290336494,"ENSMUSG00000059900"
90.4780360975867,0.375919601597407,0.26407810301917,0.129342082186875,0.181910351981851,"ENSMUSG00000024011"
1323.85112260673,0.170633613914006,0.113309661428556,0.129435343285734,0.182025789892456,"ENSMUSG00000033396"
84.6835597646004,0.281561535519476,0.19184094523195,0.129460977879352,0.182046112467182,"ENSMUSG00000091476"
493.586064162143,-0.251946842783301,0.170795753014805,0.129536687879517,0.18213684074482,"ENSMUSG00000071281"
221.174143742526,0.19536594999106,0.130730873064693,0.12957990502109,0.182181870265444,"ENSMUSG00000054939"
15582.6649145042,0.181071569387835,0.120848282738634,0.129736433413631,0.182386187331125,"ENSMUSG00000075415"
2716.77062737283,0.253137017490178,0.171220271429357,0.129783395904223,0.182436452377283,"ENSMUSG00000020810"
26.0128750918671,-0.43624628145122,0.316745549929582,0.129875281020544,0.182549851001849,"ENSMUSG00000090762"
61.8990106005311,-0.407376574259442,0.291305288293047,0.13003099960874,0.182752945228032,"ENSMUSG00000082938"
917.247257562801,0.142433259987559,0.0946873277919602,0.130138466853294,0.182888195065003,"ENSMUSG00000021639"
1078.93054729898,-0.126402225336629,0.0841087941772715,0.13021034899049,0.182973416856629,"ENSMUSG00000026270"
10946.473029702,0.120796562009143,0.0798421839025566,0.130380420788166,0.183196589520049,"ENSMUSG00000030654"
9.99791664902629,0.653706405364861,0.639767270623415,0.130807988571063,0.183781498183995,"ENSMUSG00000015314"
1664.96491535385,-0.111529136840864,0.074189581072893,0.130825467289885,0.183790192158863,"ENSMUSG00000039086"
3834.91116877863,0.209238377402333,0.140421390986221,0.130873321497085,0.183841553963545,"ENSMUSG00000025791"
404.859407261114,0.316384760478808,0.218366001199377,0.130955996076841,0.183941815871845,"ENSMUSG00000024339"
406.347554571227,-0.162426238100201,0.108826434092991,0.131095500363534,0.184121877042071,"ENSMUSG00000060703"
2240.69062439598,-0.116647591743699,0.0777639313395286,0.131327102370285,0.184431245999784,"ENSMUSG00000020840"
20.7220771517589,-0.5999350245014,0.508585078718635,0.131399853604076,0.184517496287711,"ENSMUSG00000057123"
349.858684591355,0.180985668542801,0.121625340405767,0.131483034966012,0.184618376880595,"ENSMUSG00000019952"
2530.7899395356,0.111289278240985,0.0741444512677461,0.131714864191949,0.184927941980036,"ENSMUSG00000027466"
185.760884719972,-0.236340924180617,0.160573407576874,0.131748043995572,0.184958573536863,"ENSMUSG00000030188"
3804.83192981396,-0.100725077413881,0.0672129650642805,0.131815940320576,0.185037933471744,"ENSMUSG00000000399"
1629.3884030693,-0.283704017881677,0.195169316527439,0.13192153980705,0.185170201343378,"ENSMUSG00000043467"
658.81913765897,0.203527108764892,0.137329156441334,0.132055525930183,0.185342287557468,"ENSMUSG00000043279"
287.451513793536,0.229184530560843,0.155399585365914,0.132095160257487,0.18538193108642,"ENSMUSG00000052062"
439.581534346516,-0.196234915338433,0.13253717796011,0.132203666799771,0.185518214497128,"ENSMUSG00000039069"
350.956534036927,-0.282362225083711,0.194276290919345,0.132421153000331,0.185807389754278,"ENSMUSG00000006395"
385.715157909693,0.192973700124321,0.130118006718199,0.132550508828108,0.185972865256329,"ENSMUSG00000017386"
1320.56943211265,0.15924217795685,0.10689249922697,0.132814645817639,0.186327398484834,"ENSMUSG00000007987"
4023.08230752483,-0.15722808408123,0.105067915050893,0.132861709596607,0.186345244598791,"ENSMUSG00000008763"
706.223004072095,-0.15667660620345,0.105305120904224,0.132854262148505,0.186345244598791,"ENSMUSG00000022150"
1809.86421618894,-0.178343796391046,0.120265533731357,0.1328579665881,0.186345244598791,"ENSMUSG00000039678"
22.1387801919794,0.53657305067684,0.42094399944335,0.132997127229401,0.18651910373397,"ENSMUSG00000040247"
20.9493037098061,0.526719118884537,0.409190655972044,0.133102348002712,0.18665058759374,"ENSMUSG00000053182"
70.7653984496354,-0.41654244366177,0.3023868123606,0.133133111542551,0.186677645765323,"ENSMUSG00000059040"
1735.35679602412,-0.147085431872533,0.0988367837275276,0.133175217456838,0.18672060204672,"ENSMUSG00000067713"
60.1255341139806,-0.341421066425849,0.24028702740752,0.13319658950387,0.186734483157695,"ENSMUSG00000039063"
10.7422606567929,-0.667572561182267,0.660166027418892,0.133280129379626,0.186835510337716,"ENSMUSG00000118477"
29.4724606130726,0.447086716983315,0.328655547186829,0.133371403305257,0.186947360975026,"ENSMUSG00000038151"
1994.77555497773,-0.187970905251443,0.12718635297092,0.13348347600394,0.18708834358465,"ENSMUSG00000041258"
516.878926969396,0.233100387160475,0.158653643557382,0.133646695087274,0.18730098171594,"ENSMUSG00000026921"
934.508111866206,-0.17783833285499,0.120253566826236,0.133970967171718,0.187739273727722,"ENSMUSG00000040007"
30.2961643504421,0.451388231443129,0.333585497320429,0.13408589003763,0.187884145479258,"ENSMUSG00000058818"
1717.03769698515,-0.180132475753944,0.121936712775728,0.134157784820735,0.187968705569971,"ENSMUSG00000022641"
1302.35055041988,0.207711758411259,0.14093049576548,0.134201834908206,0.188014241211445,"ENSMUSG00000044033"
959.332292574253,-0.135308718560176,0.0910697795999687,0.13424318385987,0.188042177923368,"ENSMUSG00000038544"
12.5107619432068,-0.579555548214999,0.47997815503437,0.13424487957043,0.188042177923368,"ENSMUSG00000113880"
152.65785971313,0.313602355441551,0.218204158876083,0.134277993887759,0.188072378635772,"ENSMUSG00000095295"
683.675292632656,0.214295308875664,0.145653058749386,0.134442201455486,0.188286170118937,"ENSMUSG00000116995"
1426.82136664073,0.201755481072386,0.137215520236535,0.134498229106139,0.188348431984664,"ENSMUSG00000028975"
77.1976156811087,0.657942836703379,0.846693915527077,0.13461375287633,0.188493993059862,"ENSMUSG00000070369"
260.060081867504,0.196083718001068,0.133171036635459,0.134805279903411,0.188745944113859,"ENSMUSG00000078572"
637.154718178452,-0.139048363545489,0.093793758568157,0.134936057534645,0.188912801629737,"ENSMUSG00000030269"
365.692621187362,0.174875915998068,0.118401251765585,0.13511364930661,0.189145165412194,"ENSMUSG00000021707"
567.529310957744,0.161790437301624,0.109404675278776,0.135167363474665,0.189204088282792,"ENSMUSG00000026456"
155.092414867255,-0.410398598349168,0.29888766425353,0.135222873487202,0.189265514585096,"ENSMUSG00000105504"
102.496562905522,0.345877378150302,0.244734779418974,0.13531779505112,0.189382088198962,"ENSMUSG00000000884"
1093.09945965357,0.181504579059807,0.122835425346403,0.135351611545617,0.189413130393703,"ENSMUSG00000055240"
3037.5128798595,0.201340437462004,0.136910005453023,0.135429470590032,0.189505795776201,"ENSMUSG00000042410"
16904.3129473347,0.134295097063485,0.0902956573261912,0.13565798960261,0.189809244864301,"ENSMUSG00000017740"
271.340690832276,-0.207731073130017,0.141954404202543,0.13592070514122,0.19016048459723,"ENSMUSG00000031107"
208.645003518173,-0.239296387566556,0.164439059828377,0.135955808995181,0.190193250156717,"ENSMUSG00000041161"
3549.32976741626,-0.0950328511347263,0.0640372366081871,0.135970675197614,0.190197701372069,"ENSMUSG00000066568"
1248.91362149349,-0.179655613492101,0.121935022588232,0.135996235275374,0.190217109281022,"ENSMUSG00000055067"
10252.7985437365,0.135145780335221,0.092429811841375,0.136089213518887,0.19033080313261,"ENSMUSG00000020864"
1296.73688173353,-0.143225532850626,0.0965802678707176,0.136151286191798,0.190401257442447,"ENSMUSG00000001105"
8048.61563092802,-0.117739757181441,0.0782561818769128,0.136235949350607,0.190503288680456,"ENSMUSG00000044308"
131.829441038193,-0.320485170948688,0.225828706689411,0.136387940128985,0.190683061875772,"ENSMUSG00000038742"
178.493066257328,-0.370657940126238,0.266428554818427,0.136381585650637,0.190683061875772,"ENSMUSG00000090659"
875.37955805429,0.111261081781132,0.0750171564821493,0.136421445337364,0.190713525180489,"ENSMUSG00000043831"
71.0878598899094,-0.314550151954294,0.22092744464113,0.136567965138774,0.190901961058734,"ENSMUSG00000054666"
4408.31539963962,-0.159727087965303,0.106269231530909,0.136780991064319,0.191169600256203,"ENSMUSG00000040415"
25.8775565886713,0.491463700162266,0.376282851540175,0.136782917691608,0.191169600256203,"ENSMUSG00000069893"
539.942674400624,-0.177582999506466,0.121067023056408,0.136946606497803,0.191381942013328,"ENSMUSG00000026659"
26.0949213376064,0.473443092091809,0.359070645176262,0.13699599880759,0.191434532456859,"ENSMUSG00000074824"
1689.70109067618,-0.123803985072565,0.0838278237839511,0.137081587178517,0.191537688934926,"ENSMUSG00000020952"
9.68079497131635,0.626289950641001,0.561352933325945,0.137276351625925,0.19179336123653,"ENSMUSG00000096001"
3530.35185164303,-0.158789838090787,0.108371720950996,0.137414619405181,0.191970063051625,"ENSMUSG00000040651"
28.7444910317618,0.497795300098409,0.385777270178202,0.137431424410231,0.19197706397921,"ENSMUSG00000060981"
79.1517386218606,0.313429942196117,0.22044155959741,0.137492608493884,0.192046051232491,"ENSMUSG00000074384"
874.183872262241,-0.157490623765717,0.107217247243661,0.137571910030048,0.192123846213892,"ENSMUSG00000006050"
1119.83232662029,-0.171068631597459,0.116677462237082,0.137561872876841,0.192123846213892,"ENSMUSG00000053347"
74.1031611812515,-0.316248056970458,0.22318695552437,0.13764927244882,0.19221539477755,"ENSMUSG00000019303"
17.7342939870335,0.516551283308466,0.407271792259272,0.137699748079663,0.192269385764346,"ENSMUSG00000031637"
1485.13624754107,-0.1503638383831,0.102300881913512,0.13777197854389,0.192353741035889,"ENSMUSG00000027628"
12.993307371132,-0.545396911404745,0.441995107246851,0.13792942943367,0.192557054229956,"ENSMUSG00000070421"
59.630053058071,0.305886337045292,0.214697959671657,0.138284869372269,0.19303671242962,"ENSMUSG00000094379"
5438.98907330848,0.125137824635243,0.0848431365445261,0.138328591070676,0.193081187227616,"ENSMUSG00000033793"
1417.98794849337,-0.208026296721935,0.143053747102862,0.138412519455786,0.19318177070233,"ENSMUSG00000079018"
11.4091580213035,0.62638393971217,0.570524833615421,0.138675191886978,0.193531787854615,"ENSMUSG00000009070"
406.8427713659,-0.153093468913718,0.104459038049174,0.138761526944674,0.193635673862443,"ENSMUSG00000057706"
78.8728448680879,0.292402529016763,0.205111156443969,0.138884735952116,0.193790993642083,"ENSMUSG00000020649"
11.525592093595,0.601425571258469,0.537123572959728,0.139060666362452,0.194019844608554,"ENSMUSG00000050671"
2097.79821736279,-0.19323678576924,0.132832158095805,0.139140439317937,0.194113588936644,"ENSMUSG00000001150"
24.3688374595112,0.530663756329869,0.424957242352494,0.139151705940638,0.194113588936644,"ENSMUSG00000032034"
3224.0969095942,0.127240334481135,0.0865383309835247,0.139439621632613,0.194498557063897,"ENSMUSG00000027405"
232.284604093459,-0.274967943258635,0.192499138571138,0.139469610083233,0.194523718013441,"ENSMUSG00000004105"
4974.26541176307,-0.139131908448043,0.0949632841207114,0.139533974330756,0.194596815811861,"ENSMUSG00000042688"
10409.5553603706,-0.137772318195376,0.09379374704882,0.139565356656123,0.194623907791345,"ENSMUSG00000026959"
1044.2640730702,0.17258942355333,0.118116624619278,0.139583768489007,0.194632909325344,"ENSMUSG00000016344"
1966.38535994715,0.144726506129171,0.0986536909732472,0.139629104365544,0.194679448467866,"ENSMUSG00000028797"
75.6082935470287,0.325444238695792,0.230812282598713,0.139825831137959,0.194937040019159,"ENSMUSG00000019832"
1082.4658288151,-0.162411097501989,0.111331582413625,0.14001899600159,0.195189622070214,"ENSMUSG00000030347"
6414.2824988071,-0.109165079811252,0.0745154715241227,0.140138815551728,0.195339924606185,"ENSMUSG00000039515"
48.9658987498169,0.378488670827471,0.27491256192886,0.140222949261446,0.195440463060006,"ENSMUSG00000053746"
1371.88150253017,0.201644580608073,0.138343201085886,0.140251514107756,0.195463539952573,"ENSMUSG00000031398"
73.9620291142451,0.380324989604555,0.276721205583885,0.140267764178323,0.19546945169889,"ENSMUSG00000039391"
4634.89847649711,-0.216064710513476,0.14966710480252,0.140319359183782,0.195507083017023,"ENSMUSG00000029817"
36.425146859198,-0.506048173654261,0.404386810591245,0.140330799727909,0.195507083017023,"ENSMUSG00000032311"
24.3004293249327,0.460458328047324,0.35050287299332,0.140326702976596,0.195507083017023,"ENSMUSG00000096356"
4605.76454211435,-0.197954139106494,0.136299886997294,0.140418816530004,0.195612964952966,"ENSMUSG00000059890"
13.4969187327536,-0.534971826533228,0.433121147744749,0.140441090882747,0.195627252899996,"ENSMUSG00000111516"
1124.45485452036,-0.148962780610655,0.10207388548684,0.14057467202068,0.195796569791446,"ENSMUSG00000021241"
4873.5124530884,-0.124421692667604,0.0851060583180387,0.140675291443547,0.195919951584365,"ENSMUSG00000047261"
1260.80394201589,0.133750702389304,0.0913953913428164,0.140765739132147,0.19602914719763,"ENSMUSG00000061536"
970.62234621591,-0.230990209683913,0.160770409742192,0.140878880182289,0.196155742771878,"ENSMUSG00000023994"
64.9512043603699,-0.47914074491385,0.370941082247976,0.140880746329158,0.196155742771878,"ENSMUSG00000030107"
153.086077723059,-0.240033841925929,0.167413529017956,0.141037456591557,0.196357143208807,"ENSMUSG00000082588"
531.177936412337,0.178106076825278,0.122503353697404,0.141055413401551,0.196365348443551,"ENSMUSG00000031903"
709.07754959945,-0.147124115153358,0.100950574943808,0.141113310311439,0.196412883951205,"ENSMUSG00000030036"
40.9930573482973,0.418186268285193,0.311163649027235,0.141125758120979,0.196412883951205,"ENSMUSG00000074771"
171.099766426125,0.358418056889962,0.259017033314506,0.141124920648342,0.196412883951205,"ENSMUSG00000102206"
556.471762671632,0.171769447878979,0.118071722841294,0.141166442601357,0.196452710324433,"ENSMUSG00000024776"
20201.4078474631,0.13879379533819,0.098196474915657,0.141210138054013,0.196496719716466,"ENSMUSG00000001833"
1331.95956347055,-0.161797994150969,0.111251593638925,0.141230728056634,0.196508572639191,"ENSMUSG00000027737"
7189.97490410822,-0.13475724633077,0.0923967990611138,0.141365746604969,0.196679625917581,"ENSMUSG00000006373"
1419.22562678028,-0.120678858980628,0.0826367446445729,0.141448215440797,0.19677754473509,"ENSMUSG00000031916"
137.640262919752,0.293765071427916,0.207665958969969,0.141661306940761,0.197040310551286,"ENSMUSG00000046101"
400.634803870018,0.228172464657172,0.158510200940957,0.141650924625878,0.197040310551286,"ENSMUSG00000057667"
159.417782839842,-0.256384382324394,0.179886420878313,0.141734450219044,0.197125203406152,"ENSMUSG00000066637"
394.514560413536,-0.16824424461087,0.115980247937238,0.141895366082404,0.197332146013616,"ENSMUSG00000003444"
352.63013250551,0.207284112806873,0.143541229900786,0.141908932413687,0.197334153581923,"ENSMUSG00000051062"
205.148715250298,-0.247260211189674,0.173271635358612,0.141936693882909,0.197355898439053,"ENSMUSG00000020648"
401.918188399308,0.16388520473044,0.112751501101081,0.142138203379031,0.197619206918676,"ENSMUSG00000033405"
836.956814476899,-0.168476895297465,0.116305541557466,0.142320169037583,0.197855300332546,"ENSMUSG00000027357"
718.668494799098,-0.169626676386478,0.11709062834258,0.142360352988425,0.197894263530793,"ENSMUSG00000019139"
13.330709856076,0.629201196335609,0.590016369174885,0.142434984242369,0.197981100973212,"ENSMUSG00000021886"
1395.63958192635,-0.125104327987456,0.0859122314514642,0.142597758402236,0.198190429582616,"ENSMUSG00000021785"
3658.96730836506,0.167861982734132,0.115747738415643,0.142725621693072,0.19835120549132,"ENSMUSG00000051177"
391.541655945646,0.244392445462782,0.171023469571908,0.143105440749452,0.198862076534026,"ENSMUSG00000062683"
469.570091312202,0.243195852699179,0.170469285455957,0.143605232204201,0.199539562084505,"ENSMUSG00000047205"
49.0573479435119,-0.384041133410618,0.283373860822336,0.143755207797962,0.199730904108504,"ENSMUSG00000023411"
612.954221129815,-0.169822656127728,0.117715660377384,0.143897920185192,0.199912122964458,"ENSMUSG00000037296"
13.0800852222901,0.610792893659599,0.574514043047771,0.143953779593997,0.199972659517928,"ENSMUSG00000020804"
53.7128273838279,-0.374752066976433,0.275471175149687,0.144038872981327,0.200073792507043,"ENSMUSG00000047050"
353.931115486728,-0.198073371200343,0.13798601648473,0.144124713335434,0.200175945705989,"ENSMUSG00000015312"
584.573147178273,-0.158497158087643,0.109773540887043,0.144182618539593,0.20023928543533,"ENSMUSG00000049858"
23.8043462004235,0.470990978718413,0.365239042995562,0.144414802419584,0.200544630078995,"ENSMUSG00000073877"
474.278716438953,-0.24057352860806,0.169333366520622,0.144499325486466,0.200644887850269,"ENSMUSG00000073988"
3871.87953649828,0.10716791696058,0.0736511114182491,0.144668827280308,0.200863115870766,"ENSMUSG00000039318"
150.057157065949,-0.317875849479383,0.228742506717466,0.144851037781647,0.201098950363296,"ENSMUSG00000027824"
4485.38151966442,-0.13461445319446,0.0931306058408385,0.144885210585584,0.201129239119234,"ENSMUSG00000054693"
1237.12409584074,0.146530598591901,0.101263018390184,0.144988122718515,0.201254938314316,"ENSMUSG00000036835"
2284.89221773993,-0.182936758267812,0.127591087619733,0.145100029931478,0.201393100888864,"ENSMUSG00000022817"
21.3873656600384,-0.536552159758413,0.442699732487763,0.145149588799758,0.201444710246607,"ENSMUSG00000042828"
3084.92480350135,-0.208071537139895,0.146007937155623,0.145357595156301,0.201698997012553,"ENSMUSG00000022507"
96.1465920655644,-0.422466544164391,0.321313115805392,0.145351441986901,0.201698997012553,"ENSMUSG00000078994"
3121.90078726308,0.0979693698535298,0.0674762989912935,0.145450590860495,0.201810835154035,"ENSMUSG00000029776"
867.756472518945,0.149248851066738,0.103338413706501,0.145706413812405,0.202148555700871,"ENSMUSG00000039901"
2633.95454637577,0.204839230644774,0.142770271203914,0.14583411724617,0.202308484790621,"ENSMUSG00000033781"
428.514803242479,-0.159797262819741,0.111168234999075,0.145893391586867,0.202356222584443,"ENSMUSG00000025470"
2680.0837348534,-0.185898800482733,0.124270548325606,0.145890456188874,0.202356222584443,"ENSMUSG00000028431"
854.78998279285,-0.172987409525909,0.120611289409164,0.14610736652057,0.202627624399892,"ENSMUSG00000072623"
11.3213439385892,0.559463374730272,0.475661950427092,0.14611396088008,0.202627624399892,"ENSMUSG00000090581"
34.9930564710715,0.388260868281181,0.287975568245586,0.14615139419592,0.20266227061259,"ENSMUSG00000030867"
1590.81922139692,0.133016946255686,0.0921232859046442,0.146219923541851,0.202740026866631,"ENSMUSG00000028300"
2040.25902505734,-0.128382158308211,0.0890531562453631,0.146361232371987,0.202918673073094,"ENSMUSG00000032850"
352.628994510304,0.245620658130585,0.173684158171383,0.1465120695982,0.203110498119528,"ENSMUSG00000028480"
828.577573848043,0.184474442243859,0.1288004276797,0.14658248239808,0.203190807159665,"ENSMUSG00000021068"
11.9092577949193,0.557070841617009,0.477074292119015,0.146673862143362,0.203288931314028,"ENSMUSG00000021898"
60.4316350294037,0.424382323611443,0.32167153763958,0.146678246607891,0.203288931314028,"ENSMUSG00000085998"
1369.02873179262,0.230324590737202,0.162206792124189,0.146896766267629,0.203574456096072,"ENSMUSG00000045817"
250.020273830575,-0.224639326622801,0.15850969489754,0.146996677704578,0.20369557501278,"ENSMUSG00000094081"
2025.52398582043,-0.195281652273659,0.137165998697805,0.147187183789867,0.203942201032641,"ENSMUSG00000037426"
643.006405270193,0.54225723149269,0.453689396017396,0.147467211031835,0.204312814807746,"ENSMUSG00000018339"
176.813722994439,0.256974407445564,0.182866804660988,0.147756626819081,0.204696372030724,"ENSMUSG00000062743"
15.639954429177,-0.576686028659524,0.51169102244363,0.147929007266781,0.204917741493376,"ENSMUSG00000033187"
3245.9923110546,-0.11436942679778,0.079605758653052,0.148342189961357,0.20547261472013,"ENSMUSG00000005299"
736.942578528943,-0.198534674204899,0.139817698549087,0.148363989251772,0.205485324346154,"ENSMUSG00000022820"
4218.1769985788,0.119352643893173,0.0830542231389168,0.148674520351824,0.20589789367764,"ENSMUSG00000034152"
28.1259988470637,0.472054293328624,0.372179776692225,0.148708933425026,0.205928032181418,"ENSMUSG00000039720"
757.070953828331,-0.129724795808583,0.0905484201559546,0.148782863670946,0.206012883194595,"ENSMUSG00000034271"
2294.26825031266,0.157859943903937,0.11051795418128,0.14895530443226,0.206229925160529,"ENSMUSG00000021917"
228.799475522898,-0.214192144712849,0.151641778004712,0.148964950241891,0.206229925160529,"ENSMUSG00000048921"
445.480626931013,0.189924539625803,0.133667053864929,0.149213437499706,0.206556368366376,"ENSMUSG00000031641"
1057.79478917864,0.186828118621528,0.131373845621427,0.149311124004448,0.20667402011432,"ENSMUSG00000045333"
117.877520650204,0.253184371925596,0.180452703670217,0.149333371536012,0.206687239338764,"ENSMUSG00000094634"
3571.0930683966,-0.112084110681293,0.0784650139677352,0.149863869049072,0.207333338465137,"ENSMUSG00000010453"
3983.10876321758,-0.129439995432671,0.0906213467770689,0.149862236030714,0.207333338465137,"ENSMUSG00000021870"
48.2607585051636,0.411926340163611,0.313618107023365,0.149822944332904,0.207333338465137,"ENSMUSG00000049124"
851.422246784108,0.143257789328641,0.100219218122269,0.149861386348258,0.207333338465137,"ENSMUSG00000053080"
11.8047592945053,-0.607247443346422,0.585079928914384,0.149860130635791,0.207333338465137,"ENSMUSG00000092622"
457.137582006668,-0.17551934636567,0.123689787055362,0.149907506056748,0.207376084268865,"ENSMUSG00000028085"
1217.30474706525,0.184015376294756,0.129567299142027,0.150008719503041,0.207498464995793,"ENSMUSG00000040147"
490.581120945004,0.200418809457523,0.141696989435107,0.150540628073886,0.208216530188352,"ENSMUSG00000020282"
300.902653976259,-0.186320808292079,0.131762668774267,0.150750900274635,0.208475680488531,"ENSMUSG00000071256"
647.487227528349,0.556707853459535,0.48052050027236,0.15075360824613,0.208475680488531,"ENSMUSG00000081406"
19266.8440562157,0.233395571206175,0.166838097261743,0.150890388278844,0.208647106728085,"ENSMUSG00000028756"
755.53274205222,-0.258016396586361,0.185502320034051,0.151041419575814,0.20883820843074,"ENSMUSG00000001240"
25.7362530774446,-0.487846750363607,0.394705184735439,0.151160181662808,0.208984664269338,"ENSMUSG00000090693"
140.966591461387,0.264059470644555,0.189921943939138,0.151226957382108,0.209059228217916,"ENSMUSG00000056209"
3875.09696073008,-0.122376775096809,0.0859322536461746,0.15130525890999,0.209149711662434,"ENSMUSG00000028559"
1392.17226709664,0.274756585066622,0.198027254779956,0.151323746579224,0.209157505885762,"ENSMUSG00000032333"
275.988232437035,0.212367735393176,0.150745622871792,0.151348264724106,0.20917363331457,"ENSMUSG00000040253"
65.8095439787284,0.363292849451633,0.270876836199306,0.151419148121387,0.209253832508697,"ENSMUSG00000026126"
788.797168889304,0.157598486541537,0.110940510435617,0.15150780833138,0.209358582684058,"ENSMUSG00000018841"
899.499385720967,-0.109515076638075,0.076798508619905,0.15164147619455,0.209525502885569,"ENSMUSG00000024137"
22971.8715618309,-0.142505021683915,0.101696030130919,0.151722534926017,0.209607530314169,"ENSMUSG00000041028"
806.938652752773,0.147729370307943,0.103923878953457,0.151726596000237,0.209607530314169,"ENSMUSG00000049119"
95.0364381804083,0.28788627905919,0.208591628117627,0.152133217722909,0.210151435683428,"ENSMUSG00000027335"
1509.89088288194,-0.169466044908863,0.118852392956647,0.15255933469396,0.210714821264167,"ENSMUSG00000026037"
7095.53893545521,0.152598652161928,0.107580524382584,0.152566954381341,0.210714821264167,"ENSMUSG00000067274"
703.290936896787,-0.176987539127509,0.125639080285395,0.15268128533525,0.210854836912462,"ENSMUSG00000026632"
387.629623061678,-0.294740771784018,0.215106254994603,0.152750059858761,0.210931920120539,"ENSMUSG00000006411"
66.4753231798593,-0.484486381140222,0.392790132715312,0.152980523357516,0.211232246943222,"ENSMUSG00000002289"
5311.74884330894,-0.121565553976037,0.085814635591868,0.15309676629331,0.211374822877226,"ENSMUSG00000038014"
4154.84818006825,-0.160288250752881,0.109505161191518,0.153139535480724,0.211415940849396,"ENSMUSG00000063873"
2254.47228346155,-0.119912726632876,0.0845469906215708,0.153322556886951,0.211650659854629,"ENSMUSG00000032932"
956.684844290341,0.122475965647037,0.0862945568582017,0.153458242968197,0.211820001614204,"ENSMUSG00000067365"
30.5404279998884,0.38202374565555,0.288879796329667,0.153831769953199,0.212317581083447,"ENSMUSG00000038331"
276.539328490731,0.245350423762302,0.176662298067643,0.153948229599004,0.212460303638201,"ENSMUSG00000015337"
34.1307675920624,-0.436839975411898,0.343176985781096,0.153994862359031,0.212506643733495,"ENSMUSG00000083817"
66144.1040047949,-0.187244655638967,0.133491114905172,0.154046366092235,0.212559697147529,"ENSMUSG00000031342"
1498.38121438776,-0.185040461180658,0.13194731387884,0.154111987712706,0.212632220375269,"ENSMUSG00000031161"
7644.81990375536,0.110679511673318,0.0779951887750147,0.154129492626621,0.212638349095359,"ENSMUSG00000025410"
1016.98185283515,-0.223211131796053,0.160453044448268,0.154214488949934,0.212737580603986,"ENSMUSG00000026771"
901.511555381952,0.159716558986607,0.113194367700833,0.154413187879022,0.212993633784826,"ENSMUSG00000020289"
897.563173604846,-0.135345601245663,0.0959154347435255,0.154626087573838,0.213269230090402,"ENSMUSG00000039483"
408.768883447499,-0.192918896604202,0.137985615578198,0.154693677061442,0.213334682612928,"ENSMUSG00000020212"
2285.71761160605,-0.137125743791964,0.0972070265774483,0.154699753874125,0.213334682612928,"ENSMUSG00000033430"
45.9526503652087,0.484251976057996,0.393854715510291,0.154771925722922,0.213416129345,"ENSMUSG00000037683"
51.9956773874501,-0.475060617516868,0.385354364149057,0.154963908722156,0.213662756749047,"ENSMUSG00000014030"
10614.9037860013,-0.0941724251458698,0.0665464184665492,0.155149084636004,0.213899957627244,"ENSMUSG00000026878"
1088.70643515846,-0.142487891061911,0.101160032027294,0.155171905837809,0.21391330311889,"ENSMUSG00000021079"
2056.75252566269,-0.136823525590016,0.0971689775408397,0.15541688423284,0.214232876750121,"ENSMUSG00000028821"
373.618279080537,0.16415156741414,0.116913228670097,0.155591418422505,0.214455301361688,"ENSMUSG00000028896"
2681.38145273282,-0.127041193173708,0.0902066759516825,0.155641646573176,0.214506368886475,"ENSMUSG00000031278"
975.152157770544,0.131653484501845,0.0933787174618631,0.155819960682787,0.214723205222673,"ENSMUSG00000005823"
359.260746461136,-0.178235490556315,0.12746178240176,0.155825360811859,0.214723205222673,"ENSMUSG00000028229"
5782.86796762905,-0.13450795045923,0.0957145462650714,0.155945109262981,0.214870026120095,"ENSMUSG00000056234"
31.6237385495424,0.400979477837251,0.308927197388615,0.156011332598391,0.214924887613118,"ENSMUSG00000020155"
740.908247102811,-0.155429009021936,0.110776955353297,0.156002644531911,0.214924887613118,"ENSMUSG00000026849"
4826.35172852774,0.171207498356602,0.122437304457984,0.156065129852011,0.214980805934757,"ENSMUSG00000057455"
2226.03835044457,0.107730566997307,0.0762314851707865,0.156099678378447,0.215010201780704,"ENSMUSG00000032557"
3423.32310549992,-0.134662407549409,0.0957924447442271,0.156135081319384,0.215040769415089,"ENSMUSG00000036499"
4391.3857107063,-0.0936197331776779,0.0662875411856026,0.156203426137838,0.215116698026373,"ENSMUSG00000021244"
631.983394352968,-0.12839864311599,0.0913262882999642,0.156597019569818,0.215640494421579,"ENSMUSG00000032849"
382.487019693254,0.293744277078498,0.216332084115416,0.156714893756258,0.215784557652204,"ENSMUSG00000006281"
27.0141866746818,-0.436482894535762,0.345234747594625,0.156764794593479,0.2158350102675,"ENSMUSG00000032243"
15.5114369840382,-0.526630660302227,0.452414832039453,0.156934754092113,0.216050738084524,"ENSMUSG00000055602"
218.440476929626,-0.204250724517408,0.147207573722503,0.156949980160934,0.216053427235492,"ENSMUSG00000025645"
11016.6776278116,0.13618149873138,0.0968695641600025,0.157136844483699,0.216234343671595,"ENSMUSG00000003131"
416.615209922492,0.181830927265443,0.132412944609227,0.157137903217985,0.216234343671595,"ENSMUSG00000026154"
651.45951756667,0.136118128893625,0.0969174865248373,0.157102537462186,0.216234343671595,"ENSMUSG00000028893"
1068.09691135318,0.116816940134477,0.0829306470990889,0.15714782440318,0.216234343671595,"ENSMUSG00000053128"
639.379791690237,0.166532372970958,0.118821149742739,0.157111615601095,0.216234343671595,"ENSMUSG00000063849"
828.008084467414,-0.217851947053617,0.15762353480991,0.157221020835486,0.216316776025698,"ENSMUSG00000045795"
363.650077027547,0.170182437521413,0.12183566169829,0.157339701760309,0.216461770220953,"ENSMUSG00000030750"
757.395035854096,-0.20270044904653,0.146363980915053,0.15766264867096,0.216887737265773,"ENSMUSG00000039372"
1217.96382424752,0.126503661081143,0.0900816593483415,0.157701591631369,0.216922976895,"ENSMUSG00000020818"
20.6907226579213,-0.49213738666572,0.41163570716522,0.157807551630216,0.217050386602168,"ENSMUSG00000079685"
23.0686146306263,0.45598857797062,0.366725105737155,0.157992626293575,0.217286580838697,"ENSMUSG00000067149"
35.7663630181347,-0.469719528604957,0.382249056942449,0.15807982646912,0.217388140176086,"ENSMUSG00000045102"
1622.04567977583,0.103503176657866,0.0736576414835669,0.158249906364596,0.217603647221058,"ENSMUSG00000024896"
1339.31610421309,-0.170139940868558,0.121965371208742,0.158285002874909,0.217633522831131,"ENSMUSG00000029397"
19.8368322240258,-0.476747214435957,0.391106534013974,0.158301413878342,0.217637703979025,"ENSMUSG00000000159"
430.901807477361,-0.258808607253509,0.189855202003379,0.158592117973758,0.21801895924135,"ENSMUSG00000033792"
1179.40742150101,0.497102193226338,0.413450343571136,0.158671101463496,0.218109119204761,"ENSMUSG00000079484"
70.0276577755873,0.347028041074637,0.26255421292213,0.158724280555201,0.218163796240611,"ENSMUSG00000019892"
23.3527612835835,0.488097394993241,0.404967913130757,0.158755910048346,0.21818884699147,"ENSMUSG00000037544"
568.274121028614,0.167935742022081,0.12077742435081,0.159112220954425,0.218660087184139,"ENSMUSG00000040913"
441.44663118403,-0.148373825697018,0.106521344952521,0.159180559308478,0.218735534730998,"ENSMUSG00000028653"
9994.81854611992,-0.140061062227943,0.100459709393249,0.15931366528229,0.218899961464094,"ENSMUSG00000060002"
181.545485998932,0.340261027045191,0.2564467350084,0.159492293893585,0.21912690411882,"ENSMUSG00000054474"
1219.79592199379,-0.181016762005232,0.13203873137724,0.15969416120145,0.219385733482758,"ENSMUSG00000024902"
148.025006786199,0.226315982612852,0.164792940505959,0.159724856922795,0.21940938573749,"ENSMUSG00000041649"
524.499855597494,-0.149363828029982,0.107434304615685,0.159950934936929,0.219685891930848,"ENSMUSG00000021103"
16.9358456157972,-0.542108664360824,0.499270352577599,0.159953138663497,0.219685891930848,"ENSMUSG00000105096"
14.8535395019804,-0.552698441319433,0.803177742824967,0.160138473919834,0.219921882938248,"ENSMUSG00000102805"
112.791773803297,-0.255867700225557,0.188278565349497,0.160328052961335,0.220163661726389,"ENSMUSG00000024301"
653.893308567694,0.191683916450257,0.138769499974133,0.160368023014717,0.220199972891908,"ENSMUSG00000039254"
686.28663335105,0.166207409581681,0.119267091900634,0.160385205682346,0.220204991404961,"ENSMUSG00000079003"
335.842942447805,-0.171948740461738,0.124185311275982,0.160638799942478,0.220534569070056,"ENSMUSG00000038046"
617.064441614104,-0.186003909934037,0.134812571634082,0.160701064050233,0.22060144380247,"ENSMUSG00000040653"
18.2711752266822,0.50718962157449,0.429874097160814,0.160763004434852,0.220667862905011,"ENSMUSG00000035273"
771.583406732042,-0.160640477999742,0.115973696720953,0.160791603323637,0.220688509182307,"ENSMUSG00000034480"
490.296508127875,0.209777945112011,0.152542844071335,0.160876144408822,0.220785926876891,"ENSMUSG00000030538"
125.149677229938,0.253885515749893,0.186601819317565,0.160957383078071,0.220878796302886,"ENSMUSG00000112917"
11872.1795844966,-0.16494598452145,0.119399425624417,0.161011531815594,0.220934478200644,"ENSMUSG00000030795"
247.499220373924,-0.187560375328344,0.136057001304908,0.161052723716734,0.220972373285654,"ENSMUSG00000034987"
1256.91686369954,0.135631474444717,0.0974149153320978,0.161085394870177,0.220998572077265,"ENSMUSG00000016253"
27.621317285182,0.505724702571386,0.428008014825549,0.161198362375519,0.221134918485479,"ENSMUSG00000118295"
214.528860626519,-0.23734758927614,0.174359179861211,0.161538142753247,0.221582361821636,"ENSMUSG00000035914"
3207.84870405295,0.225126613469258,0.164457963716289,0.161566562509297,0.221598128809884,"ENSMUSG00000020571"
1553.38830205361,-0.161817811413143,0.117864847927351,0.161576863917221,0.221598128809884,"ENSMUSG00000038256"
6569.98630178722,-0.0784776736141066,0.0562529811875291,0.161596989602602,0.221607059540956,"ENSMUSG00000047547"
925.911955829832,0.174866673958996,0.126570936106412,0.1617754558077,0.221833111754506,"ENSMUSG00000001962"
2596.53498649166,-0.16890557355201,0.120122593460616,0.161857564835717,0.221927008119592,"ENSMUSG00000004567"
896.124080413713,0.151908349741837,0.10970584814002,0.162141875867836,0.222279388190722,"ENSMUSG00000034453"
234.429217949802,-0.20990053102004,0.153462470981173,0.16213364227338,0.222279388190722,"ENSMUSG00000042737"
1906.31519107319,-0.150171556554818,0.109437767258923,0.162277026304614,0.222445931299917,"ENSMUSG00000113902"
3469.91314602012,-0.095263243978081,0.0684648606761544,0.162632843859452,0.222899858758481,"ENSMUSG00000078652"
50.799428445568,0.377412276820234,0.292393442542267,0.162635558574424,0.222899858758481,"ENSMUSG00000081948"
60.0349776826523,-0.293136447671457,0.219501561473938,0.162706270631661,0.222977999102725,"ENSMUSG00000037991"
11.0081125660934,0.549694239825158,0.495274081388553,0.163065460926096,0.223438178785407,"ENSMUSG00000091742"
14.3328285098025,-0.558214778949674,0.514704772342791,0.16306951492632,0.223438178785407,"ENSMUSG00000109372"
3033.99501618386,0.174745976931292,0.126878700938286,0.163114447616774,0.223480934122199,"ENSMUSG00000033960"
94.9638978392459,-0.297758021865983,0.223882888176956,0.16319412871888,0.223571286591981,"ENSMUSG00000027661"
195.595661282479,-0.423627105420006,0.33945021096415,0.163240870160865,0.223616501260503,"ENSMUSG00000034459"
1100.28561651381,-0.110483048492435,0.0797595098862248,0.163296464079326,0.223673833918148,"ENSMUSG00000040824"
12.4621164989819,0.53274609444899,0.468543799868602,0.163612066646096,0.224087271423236,"ENSMUSG00000052241"
241.414255004188,-0.531517516233233,0.471369657992401,0.163843956926863,0.224385994519223,"ENSMUSG00000026043"
2924.27904089022,-0.108334448515397,0.0783644834406235,0.163874012205932,0.224408275484829,"ENSMUSG00000032316"
10.3749868090871,0.576390191862039,0.562743784125595,0.163990502428091,0.224548906336176,"ENSMUSG00000036587"
1316.02972888222,-0.126603489569303,0.0917952752764319,0.164136222930192,0.224722273296564,"ENSMUSG00000021192"
2114.88143586211,0.131968016351476,0.0955177593136975,0.164144724750961,0.224722273296564,"ENSMUSG00000022774"
9671.56516236398,0.120329975040866,0.0864486092249803,0.164188901450298,0.22476384978622,"ENSMUSG00000050043"
1304.32232752809,-0.132750020081048,0.096284620759983,0.164360114944593,0.224979309709728,"ENSMUSG00000022223"
77.5152113693464,0.436755916152395,0.354699628919211,0.164623753545364,0.225321236038967,"ENSMUSG00000028017"
304.722620398626,-0.210895672866304,0.155144148524084,0.164726729316108,0.225443223457845,"ENSMUSG00000025226"
5833.14559674372,0.124962183416217,0.0905085781398763,0.164768766935802,0.22548179808163,"ENSMUSG00000028745"
318.940475140555,0.184082566690435,0.134540946331334,0.16483935702172,0.225559436247441,"ENSMUSG00000056832"
9.79897446568705,0.60341392469043,0.668807305638736,0.164950583914906,0.225692662433121,"ENSMUSG00000000817"
5014.11808246993,0.122027427418259,0.0883880859721848,0.164987194052556,0.225723780869685,"ENSMUSG00000047879"
1172.81717438958,-0.164109699842741,0.119803739466052,0.165038069203323,0.225774408815169,"ENSMUSG00000037740"
210.919795339687,0.186936474179125,0.136709233475883,0.165074014886481,0.225804606245557,"ENSMUSG00000025436"
1007.3866962198,-0.153405743958135,0.111930991580256,0.165230271817159,0.225980370075594,"ENSMUSG00000022299"
4259.25223723618,0.116665053969156,0.0844815867108933,0.165222741662002,0.225980370075594,"ENSMUSG00000069237"
911.289421360265,-0.217328867736302,0.160485002756686,0.165388697179573,0.226178040215836,"ENSMUSG00000021906"
206.961913848401,0.220308493025061,0.162362890629819,0.165426912146262,0.226211296700005,"ENSMUSG00000006241"
64.1037232503596,-0.465934649194046,0.3884740503883,0.165615598678106,0.226450291077884,"ENSMUSG00000032487"
2070.98346906951,-0.0953347472340845,0.0691498705161648,0.165753491314991,0.226611650336416,"ENSMUSG00000007783"
8328.41973518314,-0.110633296154881,0.0803445343408172,0.165761452301002,0.226611650336416,"ENSMUSG00000039852"
194.076821737429,-0.233547195577832,0.173271371875891,0.165918264108378,0.226806978766895,"ENSMUSG00000027078"
28.2107434414434,0.423417457344517,0.340915840235752,0.165933346848894,0.226808549836787,"ENSMUSG00000021175"
2118.04807154995,-0.148720447698753,0.108619498449893,0.166018371170141,0.226886663244695,"ENSMUSG00000031508"
157.867612011801,0.215762972917187,0.15921156788676,0.166009621747004,0.226886663244695,"ENSMUSG00000033491"
4469.86391458832,0.144005638847166,0.101846224496324,0.166097160072341,0.226963721929712,"ENSMUSG00000019173"
8457.80387095254,0.193580201670054,0.142021727796348,0.166102642790801,0.226963721929712,"ENSMUSG00000022822"
2429.85709223581,-0.13376426447312,0.0974872708866191,0.166153804019981,0.227014572925738,"ENSMUSG00000035575"
3015.34498968796,-0.0909678134628201,0.0659867932385001,0.166202889987932,0.227062580211797,"ENSMUSG00000028465"
2684.09067999703,0.0881707818693219,0.0638795602919501,0.166244442752561,0.227100288614149,"ENSMUSG00000020250"
1138.56138380184,0.127016459686912,0.0923592048182478,0.166297262366104,0.227153380615544,"ENSMUSG00000004880"
110.882071892718,-0.327657528494656,0.251276633994161,0.166381976508645,0.227250026313788,"ENSMUSG00000094484"
12.2453995677306,-0.55472136212151,0.517099766892063,0.166406750212271,0.227264794022599,"ENSMUSG00000028040"
12.6721742390612,0.571529634095315,0.544675688919894,0.166485304274628,0.227353001928054,"ENSMUSG00000036858"
27.2792858806462,-0.467127444978785,0.391158776292481,0.166531989976438,0.227397679123938,"ENSMUSG00000089798"
1221.53068270295,-0.222655827211911,0.165229511901682,0.166700907274987,0.227609240783613,"ENSMUSG00000052005"
6795.96965246476,0.122473632729737,0.0892431535461224,0.166779688759773,0.227659519801391,"ENSMUSG00000016382"
1610.22054781783,-0.163728572657197,0.120258879216508,0.166765712019215,0.227659519801391,"ENSMUSG00000018659"
2031.47461805995,-0.108532302092406,0.0789498695066906,0.166770678479324,0.227659519801391,"ENSMUSG00000024926"
2608.6130086443,0.120865250975317,0.0879691213413209,0.167261024176889,0.22829741334491,"ENSMUSG00000001052"
879.062215527273,-0.177901770982183,0.131183821722187,0.167287574455733,0.22831450800624,"ENSMUSG00000055491"
12299.6940833951,0.128293126514244,0.0929180760644141,0.167322093979745,0.228342475335537,"ENSMUSG00000027546"
12452.8630075048,0.082418211528425,0.0598717090016575,0.167506978428362,0.228575622001582,"ENSMUSG00000026123"
59.9177612054011,-0.582478377817413,0.588067896039993,0.167683970684844,0.22879796100653,"ENSMUSG00000079017"
29.0581376939558,-0.420614064552305,0.340641549832363,0.167856037036112,0.229013542106599,"ENSMUSG00000004359"
174.159748446204,0.202936776792739,0.15000744893816,0.167923636619377,0.229086570305919,"ENSMUSG00000095742"
16.5719025819111,-0.490086674112125,0.421115291351521,0.167995520587496,0.229165430664817,"ENSMUSG00000109087"
406.963208892598,-0.167895653178309,0.123478683416889,0.168109892142257,0.229302230961259,"ENSMUSG00000010307"
75.6319666225771,-0.359990890257004,0.281930645019495,0.168155966941747,0.229345859227294,"ENSMUSG00000024331"
18.0730533418221,0.530558370168718,0.466085210550378,0.168241863238756,0.229443787684355,"ENSMUSG00000090872"
16.7977930904472,-0.547056126883817,0.531913496795887,0.168279851571264,0.229476369596802,"ENSMUSG00000046372"
1038.68852354079,0.205723782632745,0.1523145580364,0.168450860690147,0.229690325876546,"ENSMUSG00000037795"
142.434241568914,0.43743161335306,0.357690182475823,0.168493319506833,0.229728976876809,"ENSMUSG00000033355"
2768.54035240942,0.173776997090811,0.127819773600323,0.168520053124363,0.22974618297809,"ENSMUSG00000014402"
44.0188801813266,0.393902459953438,0.312898555727426,0.168537874848583,0.229751237483062,"ENSMUSG00000026770"
21.2569462558313,0.429503188160605,0.349015388884598,0.168593969329392,0.229808460286705,"ENSMUSG00000038527"
160.493197713459,-0.22310312094796,0.166258996747563,0.168609790100229,0.229810781483004,"ENSMUSG00000027324"
3090.09158238445,-0.0937026524138517,0.0683988073800538,0.16871418493891,0.229933816345912,"ENSMUSG00000030869"
104.026576696491,0.399822946537042,0.319977730898194,0.168984983245215,0.230283596254969,"ENSMUSG00000101337"
18.3517545728662,0.44924595228059,0.37133209362647,0.169043427956944,0.230343957833847,"ENSMUSG00000110649"
6060.87468365898,-0.116325716268817,0.0852683614748036,0.16923232605695,0.230562755570391,"ENSMUSG00000022234"
245.137085103082,-0.307036723071944,0.235160263474886,0.169226225587927,0.230562755570391,"ENSMUSG00000079038"
2186.13275609363,0.149338286531105,0.109680399984078,0.16932180520523,0.23066535652613,"ENSMUSG00000042439"
287.599066171614,0.17320817447319,0.127791148565236,0.16953846263272,0.230941179475767,"ENSMUSG00000049969"
1919.48796899516,0.22408575814815,0.167037414559937,0.169687620134916,0.231125017199913,"ENSMUSG00000047193"
157.415874939652,-0.309891700542388,0.237746725444936,0.169746960802473,0.231186498321842,"ENSMUSG00000028073"
276.369027308069,0.278142956289784,0.210776830698489,0.169786492415148,0.231220992515166,"ENSMUSG00000028753"
936.00615632885,0.205969067457072,0.152938125873859,0.169881312587984,0.231330768471408,"ENSMUSG00000018669"
984.087447402232,0.273089113840227,0.206383969844507,0.169921339799662,0.23136591963688,"ENSMUSG00000000325"
16167.338406856,-0.0748611296443794,0.0547836033336591,0.170426693063347,0.232034602683603,"ENSMUSG00000020486"
515.889978753538,0.17883403044769,0.132397812111974,0.170615050358909,0.232255220112926,"ENSMUSG00000026047"
921.030239175262,0.187891751844713,0.139125106571639,0.170617270064527,0.232255220112926,"ENSMUSG00000031534"
684.94321649842,-0.118235846590006,0.0869062694484554,0.170650058016022,0.232280428496095,"ENSMUSG00000030403"
3658.70695379451,0.208367266152873,0.155071013225858,0.170966779898886,0.23267817166256,"ENSMUSG00000013787"
11.5184075090604,0.523873776919388,0.472058537773546,0.17097085706204,0.23267817166256,"ENSMUSG00000108023"
1024.85999123981,-0.129060144010563,0.0951089297406966,0.171036514246861,0.232728611461205,"ENSMUSG00000034083"
1746.2755867661,-0.146916318807409,0.108506189066504,0.171035398291488,0.232728611461205,"ENSMUSG00000039016"
2025.54041296508,0.428954158317154,0.350584427863469,0.171112952505118,0.232813159551848,"ENSMUSG00000023067"
2078.62460001609,0.0843629246751769,0.0617985024964781,0.171168804045819,0.232869685938808,"ENSMUSG00000033628"
21.0413932819448,-0.473753069451606,0.406719022028968,0.171220396790532,0.232920409406341,"ENSMUSG00000029075"
80.1801708272338,0.288175614300329,0.219801610650772,0.171363064890999,0.233095008798837,"ENSMUSG00000025176"
218.92950652124,-0.215337500366037,0.16131496722475,0.171393047493425,0.23311631242463,"ENSMUSG00000022130"
53.2479404202439,-0.339140620645613,0.264577426348229,0.171472539935633,0.233204946534567,"ENSMUSG00000107771"
218.728962562814,-0.262575793009999,0.199287889766371,0.171510516154753,0.233237107933757,"ENSMUSG00000066263"
21.075029281586,0.456351272989225,0.381619363593212,0.171604887849159,0.233333363883896,"ENSMUSG00000017817"
185.202499041868,0.279664207754937,0.212781027549317,0.171609966360609,0.233333363883896,"ENSMUSG00000051435"
3839.82773160653,0.127758398245155,0.0941158398129041,0.171750048855557,0.233504326006076,"ENSMUSG00000040003"
1558.68588693174,-0.143945617283947,0.106448794743488,0.171785512818835,0.233533036384249,"ENSMUSG00000026641"
613.17781110844,0.436016605247202,0.359064262898334,0.171831400274593,0.233575910953639,"ENSMUSG00000091971"
377.831660971132,0.160228244063214,0.118624392564125,0.171910886244972,0.233664446083471,"ENSMUSG00000063972"
154.9488808341,0.248942898762992,0.187993100978469,0.172227396825846,0.234075107750783,"ENSMUSG00000042801"
721.311041996473,-0.143903189770927,0.106664021333193,0.172265484224706,0.234107326115359,"ENSMUSG00000057156"
1192.72253774969,0.130594150740331,0.0963552350888387,0.17231426287751,0.234135482422681,"ENSMUSG00000002329"
591.621292422434,-0.18637708262955,0.138928911303113,0.172314969862619,0.234135482422681,"ENSMUSG00000053460"
19.111019201035,0.531354139761968,0.487371349340954,0.172330091363656,0.234136485036106,"ENSMUSG00000053175"
2443.37063982004,-0.131884593052313,0.0975626370951007,0.172549511580413,0.234415035011347,"ENSMUSG00000024006"
1458.66055743595,-0.163881325442117,0.120802931253914,0.172619421970191,0.234490440693546,"ENSMUSG00000066440"
82.9542878115942,-0.380267029274523,0.304610235167127,0.172681614652134,0.234555350743278,"ENSMUSG00000027694"
1097.62074933789,-0.173497921795236,0.129275676612306,0.172752354339876,0.234631858485148,"ENSMUSG00000021519"
280.28192836567,-0.162377496569689,0.120694178181818,0.172829351333641,0.23471685141073,"ENSMUSG00000018239"
536.667873909896,-0.143083047979126,0.106176450334933,0.173100390679682,0.235065334068896,"ENSMUSG00000024078"
268.564495239462,0.174664510613553,0.130102999494537,0.173148247779373,0.235110708821541,"ENSMUSG00000063172"
21.670679804846,-0.458355336792107,0.389667041820945,0.173221465846351,0.235190509721153,"ENSMUSG00000048922"
253.311810984765,0.258548934581688,0.196684877633526,0.173298758345804,0.235275828886822,"ENSMUSG00000078897"
21.4057085322191,0.433972520914476,0.359539288244115,0.173327489163433,0.23529521045804,"ENSMUSG00000029564"
10.6201855583365,-0.569359329930168,0.570942212535103,0.173354442714791,0.235312176326831,"ENSMUSG00000100679"
2836.11518287276,0.12619568890471,0.0932938423135853,0.173437536992343,0.235405338711028,"ENSMUSG00000020277"
9961.47273235133,-0.0878640794211055,0.064855927948784,0.173481359947797,0.235445187362868,"ENSMUSG00000024740"
1814.78485156001,-0.174969152964081,0.130963386246747,0.173566175335547,0.23554065878383,"ENSMUSG00000066613"
12.5343492237984,-0.522423854741642,0.476567773317777,0.173608025829336,0.235577812975153,"ENSMUSG00000113854"
4426.9001237257,-0.203367154958008,0.15289933120748,0.173655537681162,0.235622642525127,"ENSMUSG00000024608"
61.0161016569673,0.396378141375345,0.858401497389229,0.173672400698809,0.235625882528356,"ENSMUSG00000090996"
439.635636689067,-0.129376692148211,0.0960207214823105,0.173718560957495,0.235668867011092,"ENSMUSG00000024069"
2195.51511290473,-0.154118663590452,0.114724808209818,0.173766371149723,0.235714082464599,"ENSMUSG00000025212"
1296.42197214774,0.174423009572493,0.130056826112769,0.173846214735906,0.235802740060917,"ENSMUSG00000052962"
504.266598490795,-0.175364119668406,0.131111441800885,0.173873736733903,0.235820420476127,"ENSMUSG00000027800"
1263.32239495179,-0.108723602481397,0.0804838700596664,0.173992293744786,0.235961556075784,"ENSMUSG00000035399"
419.015187200184,0.177685863792366,0.132135967936193,0.174044115483238,0.236012171929036,"ENSMUSG00000001983"
28.6488781982223,0.399284951150315,0.32313036625973,0.17409639613982,0.236063401612994,"ENSMUSG00000013483"
3182.41374275652,0.148520677649316,0.117195789560154,0.17458841881749,0.236710834708571,"ENSMUSG00000026812"
15.934663677021,0.492417956891715,0.433911974846868,0.174851582708157,0.237047894005445,"ENSMUSG00000045273"
214.378758209656,-0.351128138168941,0.278491802183435,0.174953045709836,0.237165696041365,"ENSMUSG00000040084"
15.4115685548608,0.501049013668096,0.444984840029282,0.174980133365762,0.237182663912722,"ENSMUSG00000012187"
10.1172405604263,0.530455525481889,0.488757034044252,0.17503030100352,0.237230910885537,"ENSMUSG00000116779"
51.834354572111,-0.50773832641888,0.458891312397099,0.175051914250803,0.237240451267552,"ENSMUSG00000044211"
23.720428419396,-0.470875560130591,0.40567996557296,0.175129112710059,0.237325316075119,"ENSMUSG00000048096"
97.240378842704,0.261604611925523,0.199929788463345,0.17523704650092,0.237451814113209,"ENSMUSG00000035595"
466.761539286383,0.265301254471363,0.202700547049147,0.17526747762162,0.23747328123229,"ENSMUSG00000003849"
364.792972083331,0.288918833367948,0.222671041384898,0.17531556689905,0.237518668163357,"ENSMUSG00000039194"
754.061923443651,-0.231995816439987,0.176180921429117,0.17539272148956,0.237603422137738,"ENSMUSG00000042073"
6309.76620170485,-0.110042696654634,0.0817845339674649,0.175458981996108,0.23767340508718,"ENSMUSG00000023861"
647.50114828486,-0.234604568928684,0.178483467045436,0.175783838167953,0.238093636020797,"ENSMUSG00000105207"
7.8433976857345,0.600770043536527,0.706427646068288,0.175899413542319,0.238230356405846,"ENSMUSG00000044254"
3524.18445532235,-0.0910368552497189,0.0677379637454483,0.175962200155191,0.238295565235125,"ENSMUSG00000025156"
3534.09545457499,-0.172724120811448,0.129719140240122,0.176158614062074,0.238541711979239,"ENSMUSG00000028309"
15.7247693421299,0.476690292396255,0.413479231838896,0.17625739302397,0.238655618336731,"ENSMUSG00000074847"
10497.6678369868,-0.0978501849518069,0.0727233458940613,0.176556390096346,0.239000824780733,"ENSMUSG00000016319"
2963.21803309388,-0.215626439915106,0.163597612869249,0.176546000140986,0.239000824780733,"ENSMUSG00000039801"
383.702458023293,0.184474414231638,0.138725787944479,0.176546492937659,0.239000824780733,"ENSMUSG00000043190"
2022.49913706086,-0.126677734196009,0.0945723153905864,0.17667204936414,0.239137503704429,"ENSMUSG00000057672"
800.112310544684,0.121474392366472,0.0904717148971258,0.176928466259564,0.239464668975903,"ENSMUSG00000026036"
271.861311661402,-0.220325476389085,0.167551261276343,0.177083939214896,0.23965516815265,"ENSMUSG00000057503"
584.11625781433,-0.156667795473225,0.117620297224344,0.177123669958229,0.239689009857848,"ENSMUSG00000073471"
76.2199272958116,-0.338336807729658,0.268558795825923,0.177303058155851,0.239911818841308,"ENSMUSG00000066196"
9.99782908215251,-0.431917407345726,0.750565993005105,0.177363086016327,0.239964929912827,"ENSMUSG00000026971"
6048.91259021059,-0.127960748188918,0.0957254987088051,0.17737179240147,0.239964929912827,"ENSMUSG00000090137"
531.268712599379,0.270574314118686,0.207534663992756,0.177829929309379,0.240564746056517,"ENSMUSG00000029484"
1603.34546687548,-0.245241488963886,0.187227921730715,0.177888431622742,0.240623889808459,"ENSMUSG00000027669"
688.337626932388,-0.150762710014718,0.113290798202004,0.177943126553324,0.240677874036976,"ENSMUSG00000020393"
1439.00776876975,0.121716966524353,0.090979298307639,0.178018027784961,0.240759177158823,"ENSMUSG00000071014"
15.5266185836059,-0.499476149724839,0.44872315962322,0.178062515140879,0.240799337165675,"ENSMUSG00000068794"
395.014353857164,0.214937222578042,0.163356726783256,0.178090955592324,0.240817791587627,"ENSMUSG00000059136"
573.138471696588,0.17384591022621,0.131006097818686,0.178243393281454,0.241003900310283,"ENSMUSG00000073609"
2519.16407389113,0.115869978078821,0.0865511112737955,0.178268280240867,0.241017530378807,"ENSMUSG00000055681"
754.80974107841,0.284736639085225,0.220822428269677,0.178342820233889,0.24109828317974,"ENSMUSG00000056724"
2964.64492725594,-0.164301986420171,0.123316945964995,0.178416774698702,0.241178231070044,"ENSMUSG00000030084"
3784.55367371211,0.133397164276785,0.101531928150893,0.178462806745194,0.241220424163271,"ENSMUSG00000031617"
49.007013846921,0.433431740683433,0.366110602063905,0.178747727165442,0.241585478478833,"ENSMUSG00000040428"
2486.64095616078,-0.162353023470623,0.122475647023489,0.178854896063214,0.241710253060772,"ENSMUSG00000032998"
679.785711895052,-0.1951192917757,0.148290154788617,0.179014061873916,0.241894112122637,"ENSMUSG00000005268"
13.9693945729361,0.503719691478414,0.453573598025162,0.179020664009179,0.241894112122637,"ENSMUSG00000039977"
53.4218524952024,0.409613102588743,0.338725895227502,0.179109954247471,0.241994674239736,"ENSMUSG00000095195"
63.4707101039118,-0.350230650017585,0.280323841944538,0.179155342955286,0.242035909422039,"ENSMUSG00000024371"
920.000161011951,-0.22970444631069,0.176104222312337,0.179255091540927,0.242150570962922,"ENSMUSG00000041540"
7477.42015574956,-0.144688344551287,0.10767310202268,0.179389130361486,0.242311531327216,"ENSMUSG00000024639"
313.135007210939,0.348568239414258,0.279614229072142,0.179531123413648,0.242483208341135,"ENSMUSG00000022769"
76.7611003060715,0.339725219656833,0.27085998700578,0.179592071926301,0.242545403369811,"ENSMUSG00000062480"
40.668953993327,-0.347375582687253,0.278705777009125,0.179746748653424,0.242734160824658,"ENSMUSG00000082894"
3161.59492714106,0.127095592895281,0.0954009629857791,0.179772085636949,0.242748238075342,"ENSMUSG00000035227"
22.9965347747986,-0.412793496977326,0.344744574436878,0.179952445527594,0.242971624775894,"ENSMUSG00000058244"
151.326838107441,-0.226119950057512,0.173703724773308,0.180759218493595,0.244040686625092,"ENSMUSG00000042462"
368.628173514917,-0.22042126072082,0.169168612212187,0.181141859107527,0.244537003031375,"ENSMUSG00000069516"
1751.20433957756,-0.102903175437286,0.0774512117435545,0.181237876187208,0.244646334569647,"ENSMUSG00000013465"
19.0860538184929,0.446094267445223,0.381543857968218,0.181257945465734,0.244653137337581,"ENSMUSG00000043157"
895.867034210717,0.149138367850728,0.112690629694508,0.181410962879075,0.244839371009501,"ENSMUSG00000038827"
3633.77830232091,-0.124740602267169,0.0941969775501578,0.181729777533815,0.24524932172902,"ENSMUSG00000039000"
443.382043645157,-0.128796214229624,0.097281881247036,0.181784986532272,0.245303490903782,"ENSMUSG00000021532"
3362.40515926836,0.175777053291341,0.133530862237789,0.18189672408517,0.245433925286671,"ENSMUSG00000020634"
12487.4091051256,0.154365106710411,0.1167566680055,0.182449197867428,0.246158975788313,"ENSMUSG00000028020"
854.681648164892,0.20802376567999,0.159326617218634,0.182564823294995,0.246294562704784,"ENSMUSG00000091811"
1151.72362499815,0.114171092582107,0.0861460750150624,0.182713501945367,0.24647471489738,"ENSMUSG00000024982"
831.508968883641,0.188630039357066,0.144059993881847,0.182988254948944,0.246804442295046,"ENSMUSG00000022216"
340.51355698666,0.14515733011801,0.110076093654001,0.182978292474716,0.246804442295046,"ENSMUSG00000047022"
358.75134906988,0.194378653914854,0.148627926686838,0.183047028389091,0.246863258336175,"ENSMUSG00000102440"
8205.18486846126,0.137681277814079,0.102205348884434,0.183226024362766,0.247084187273391,"ENSMUSG00000025220"
2002.05750289363,-0.0887605189260722,0.0671362367189964,0.183313203686053,0.247181273161165,"ENSMUSG00000022427"
146.924898971253,0.414088426110644,0.348840771783294,0.183338220095642,0.247194528842612,"ENSMUSG00000035112"
9.48732081693897,0.563131766589335,0.580178754808498,0.183398305326194,0.247255061628275,"ENSMUSG00000021940"
655.030510237272,0.221078795495715,0.170299027359797,0.183698846076542,0.247639736350638,"ENSMUSG00000105388"
18.5610435969449,0.518902313876657,0.490282461573598,0.18371978512219,0.247647454638871,"ENSMUSG00000036655"
2174.90932715388,-0.182885958440403,0.140404070971802,0.183751804212292,0.247670105901109,"ENSMUSG00000042408"
10.0887629470243,-0.50722094625534,0.471674881597149,0.183790170081838,0.24770130721909,"ENSMUSG00000075272"
293.316839249124,0.184456353663331,0.141172123113507,0.18391360020065,0.247826621197532,"ENSMUSG00000004994"
190.464461949613,-0.177383779764232,0.135724255048411,0.183911221882697,0.247826621197532,"ENSMUSG00000081471"
986.867538283077,-0.103332975562856,0.0782477993667238,0.184107379978074,0.248067207291043,"ENSMUSG00000021501"
1060.62612468413,-0.144162216159513,0.109839754969839,0.184277739017864,0.248276198951563,"ENSMUSG00000030042"
713.430496919817,-0.168847446492832,0.12916876574995,0.18433918821539,0.248338434641242,"ENSMUSG00000033540"
13671.8235498951,-0.172919101025949,0.133270210094063,0.184421763533345,0.248429118404153,"ENSMUSG00000022462"
1803.36669976894,0.10700699019682,0.0810573686030065,0.184726570083061,0.248791183015529,"ENSMUSG00000001227"
56.6754374471794,0.285097169963841,0.224522153858731,0.184736394465457,0.248791183015529,"ENSMUSG00000046207"
12176.5791637762,-0.0649523470422053,0.0490932314308284,0.184730965183979,0.248791183015529,"ENSMUSG00000047187"
59.2553032837332,0.343882489216359,0.278804357716725,0.184998019818059,0.249103949146517,"ENSMUSG00000000167"
2716.58015817799,0.142538222020937,0.108422743770262,0.185029846979391,0.249103949146517,"ENSMUSG00000031242"
625.432356783449,0.135209669866694,0.102767766241811,0.185016776498789,0.249103949146517,"ENSMUSG00000054679"
40.9716130029193,0.362813949899488,0.297971709086673,0.185014410332227,0.249103949146517,"ENSMUSG00000069633"
585.215635560099,0.159950476728388,0.122244206011879,0.185242793371229,0.249370012445986,"ENSMUSG00000106918"
504.302754340856,-0.122009843963994,0.0928432044930646,0.185317497758666,0.249429322681955,"ENSMUSG00000018507"
601.105887935021,0.155474143793784,0.118385901911379,0.185308007017826,0.249429322681955,"ENSMUSG00000021368"
20.2334587411677,0.469483159169868,0.417069560164657,0.185341899794999,0.249441541534766,"ENSMUSG00000116006"
1398.14401241554,0.143061200785271,0.109119107896894,0.185543861448024,0.24969270640302,"ENSMUSG00000020238"
288.834809592012,-0.239027196819864,0.186542498497489,0.185619717372356,0.249774138992081,"ENSMUSG00000030782"
17.271364170023,-0.470783221338889,0.421958621687161,0.185636448061611,0.249776004426096,"ENSMUSG00000061829"
122.500535808977,0.377537228222398,0.311571849834984,0.185663153541322,0.249791289639279,"ENSMUSG00000056737"
155.668175811025,-0.213776363244754,0.165727110676568,0.185699573140908,0.249819640627082,"ENSMUSG00000042961"
45.6193407812548,-0.389614226245427,0.326266073037611,0.185727107691541,0.249836034956028,"ENSMUSG00000060639"
676.230304096843,-0.14270978797517,0.109210668640219,0.185743426902654,0.249837341193307,"ENSMUSG00000055917"
139.421427572696,0.264591805791851,0.20772413272176,0.185884202316259,0.250006035305632,"ENSMUSG00000022805"
96.9498018467859,-0.284944983020493,0.226021204980586,0.186034372989263,0.250187336708461,"ENSMUSG00000028497"
866.57933347307,0.197250544574037,0.151988880308389,0.186087262973873,0.250237791548014,"ENSMUSG00000021253"
11050.7199431778,-0.154833823150088,0.118657920102465,0.186161765021492,0.250317298118276,"ENSMUSG00000035545"
7224.29292582241,-0.106654538193164,0.0793672555012125,0.186444977245177,0.250677404773849,"ENSMUSG00000027828"
64.7056686389508,0.268241185753205,0.211090004333737,0.186531049779387,0.250772417270306,"ENSMUSG00000025723"
137.97506166417,-0.247485880179488,0.194248120482436,0.186764703164968,0.251065805443831,"ENSMUSG00000041460"
41.6147048862886,0.380537375368442,0.315350092389975,0.187010954904891,0.251376079598829,"ENSMUSG00000034872"
18.2467273815316,0.493397585104458,0.457500583585167,0.187043586846405,0.25139918311335,"ENSMUSG00000060268"
87.7090258633527,-0.304516259657493,0.243754476618876,0.187152573649498,0.251524900418307,"ENSMUSG00000015405"
2608.35885924738,-0.168418486525172,0.129771559747899,0.187236745597329,0.251617249635378,"ENSMUSG00000027806"
36.2487195947732,0.366710305555566,0.302169860229257,0.187332806688008,0.251725559457437,"ENSMUSG00000112129"
1328.14383117528,-0.132858385211325,0.101770042247908,0.187363900166851,0.251746559382253,"ENSMUSG00000057363"
101.552967516425,0.275452051164907,0.217849262644447,0.187422253732802,0.25180418011411,"ENSMUSG00000020682"
117.652295110468,-0.261507943863437,0.206354576816836,0.187483460077424,0.251865623763333,"ENSMUSG00000057606"
590.504201512256,-0.16076474773955,0.123692535213097,0.187569174348328,0.251959978547787,"ENSMUSG00000028690"
18.6002738634713,-0.4184463899221,0.358822159728348,0.187589447224419,0.251966418179643,"ENSMUSG00000029072"
560.731699745653,-0.143898218181847,0.110499370669473,0.187792466815189,0.252218298252281,"ENSMUSG00000079083"
3089.18142417896,-0.121353473128159,0.0930016795561806,0.187821021614686,0.25223583778928,"ENSMUSG00000036099"
1172.74565284344,0.181841956770395,0.140226888945002,0.187955545675773,0.252395675013218,"ENSMUSG00000056536"
1563.65833244536,0.116240556749227,0.0888394038872584,0.188122301366964,0.252598764468485,"ENSMUSG00000032171"
288.705097340466,-0.16950451936213,0.130885562765336,0.188351722902809,0.252885957226321,"ENSMUSG00000022089"
1686.46485214773,0.186733892907296,0.144144676123648,0.188505466676181,0.253071504045762,"ENSMUSG00000029661"
2864.14968996355,-0.111068453958257,0.0851036828253761,0.188795503102491,0.253439980166777,"ENSMUSG00000047921"
13.5182164597358,0.478149347552003,0.435294817943601,0.188901870525173,0.253561857706669,"ENSMUSG00000083410"
47.9473317203003,0.340914345269377,0.278792137832912,0.189327479110454,0.254112195329813,"ENSMUSG00000082593"
206.283113679425,0.187552545578546,0.145558592251923,0.189732719151778,0.254629558381655,"ENSMUSG00000035239"
293.796926539417,0.20449259393942,0.15937365541767,0.189744227986821,0.254629558381655,"ENSMUSG00000070284"
776.107015073183,0.138386304748768,0.106757160715912,0.190192696130864,0.255210346024088,"ENSMUSG00000016386"
38.5605172702072,-0.394024495049546,0.334223474672365,0.19036722956395,0.255423488529671,"ENSMUSG00000032561"
277.866128935796,-0.287002154174303,0.230532774416579,0.190405123651487,0.255453276419591,"ENSMUSG00000007216"
2728.71633984756,-0.122831407670437,0.0936908590893397,0.190519810607067,0.255549325520755,"ENSMUSG00000005936"
367.003298508641,0.25935001079603,0.205347988696212,0.19052193205046,0.255549325520755,"ENSMUSG00000021271"
395.058581156524,-0.161032638883361,0.124825351127242,0.190523812171021,0.255549325520755,"ENSMUSG00000030532"
12.5347196892151,-0.496204196446975,0.467466668906347,0.190671276890631,0.255726048053529,"ENSMUSG00000019867"
805.070929768208,-0.111769455150185,0.0859889283588501,0.190745299395647,0.255799253784133,"ENSMUSG00000022706"
467.237975052781,-0.253461204504618,0.201192500459178,0.190757288468214,0.255799253784133,"ENSMUSG00000091491"
1041.87980669169,0.172913289853972,0.134057144418397,0.190790167869722,0.255822269570291,"ENSMUSG00000029404"
1832.75922131881,0.116229837688371,0.0893761656182734,0.19089021675083,0.255935338791698,"ENSMUSG00000006675"
9887.69559930329,0.10273477935534,0.0786879476382832,0.19098172391348,0.256015852908146,"ENSMUSG00000021687"
2388.91648081528,-0.108424540776164,0.0833354392336383,0.190969179345493,0.256015852908146,"ENSMUSG00000024976"
34199.3614248053,-0.142027359030708,0.105767120527208,0.191207026141212,0.256296769723868,"ENSMUSG00000058297"
3981.19559235821,0.170147644304988,0.131988037844978,0.191454249895521,0.256585894928313,"ENSMUSG00000060802"
2118.25809900207,0.117833302992957,0.090763600128658,0.191452259508917,0.256585894928313,"ENSMUSG00000079317"
1344.35089598613,0.132786161437609,0.102513262271067,0.191539798409736,0.256679413724679,"ENSMUSG00000027597"
1406.1422744849,-0.128571773511386,0.0993791242439486,0.191577886360154,0.256709321219178,"ENSMUSG00000021810"
723.823516326498,0.146179341028929,0.113368327963153,0.19186564827862,0.257073752792771,"ENSMUSG00000030086"
434.874631830382,0.345750347561589,0.284893865119223,0.191930753756834,0.257139819724589,"ENSMUSG00000018566"
392.702815204537,0.157550826011494,0.12231015044222,0.192093936166804,0.257337263840279,"ENSMUSG00000055334"
487.683036273579,0.144255704953081,0.111693555326502,0.192145996989831,0.257380923557195,"ENSMUSG00000025956"
118.602724250949,0.339966869582447,0.279593438713011,0.192158149894987,0.257380923557195,"ENSMUSG00000044456"
6623.30110551888,0.106613644071103,0.0821128523131915,0.192194646232857,0.257408626902949,"ENSMUSG00000028618"
448.409536041,-0.15322325373059,0.119123801378576,0.192282156886284,0.257504644162479,"ENSMUSG00000021621"
474.922658940324,0.139016121691862,0.107710115892805,0.192676252446388,0.258011190961032,"ENSMUSG00000045827"
27.9916827865508,0.412900806029407,0.35631889975417,0.192713373808888,0.258039672522915,"ENSMUSG00000062585"
3759.57555848351,0.0978378804563452,0.0754664610091969,0.193127241927001,0.258572564902757,"ENSMUSG00000022781"
40.0604000641339,0.415904698643285,0.362228319705467,0.19315505718045,0.258588536950684,"ENSMUSG00000039476"
48.4585196536981,-0.33298915777684,0.27478035744034,0.193220990711325,0.258612998421226,"ENSMUSG00000060724"
2867.16270847141,-0.107807769095088,0.0842113733916705,0.19321731131885,0.258612998421226,"ENSMUSG00000061313"
96.4221423287928,-0.268273507373412,0.21500561999549,0.19320967201355,0.258612998421226,"ENSMUSG00000075144"
41.3157780311126,0.438292254860861,0.389189862522522,0.193310390244384,0.258711381435344,"ENSMUSG00000020072"
1351.99445429899,-0.121664971173306,0.0943431880075914,0.193378615303717,0.258781412357276,"ENSMUSG00000025047"
721.097974321506,-0.142565332427932,0.110474365896394,0.193407592902994,0.258798914695843,"ENSMUSG00000014980"
135.088861523903,0.221969636210535,0.175208403284463,0.193471032600721,0.258862524138955,"ENSMUSG00000062944"
16919.1497111024,0.0979415637930894,0.0756627708265483,0.193759238579706,0.259226833697744,"ENSMUSG00000061080"
1711.85102868379,0.192907165766504,0.151349237657162,0.194343043907686,0.25998652767335,"ENSMUSG00000032135"
1820.29840122087,0.143047815960746,0.111302852390581,0.194510052956315,0.260167185047074,"ENSMUSG00000002379"
298.068344173646,0.14924638044421,0.116290926369369,0.194502049761988,0.260167185047074,"ENSMUSG00000018740"
12.3598652719445,0.48516356041365,0.455747730805889,0.194526807310267,0.260168217023788,"ENSMUSG00000065952"
1572.72581372823,0.0943299827090848,0.0730073376267549,0.194581975080752,0.260219264938777,"ENSMUSG00000051098"
46.382762194461,-0.40674805038891,0.353590365227452,0.194596947542679,0.260219264938777,"ENSMUSG00000111834"
71.5374672345175,-0.347504185857559,0.290829678894182,0.194765182081292,0.260422838337381,"ENSMUSG00000051246"
11910.458493166,-0.125051206579194,0.0954078561852617,0.194913986907733,0.260600400729698,"ENSMUSG00000022594"
7593.83472968211,0.108787720410755,0.0843231986312011,0.1950100951029,0.260707484238256,"ENSMUSG00000031529"
22.3218996144785,-0.442917512243257,0.399326508794736,0.195052556049658,0.26074283545835,"ENSMUSG00000091614"
76.7457893391351,0.258752505982399,0.207534112273128,0.195103299713665,0.260789252154626,"ENSMUSG00000028407"
111.094683912956,0.233056778312707,0.185472335772665,0.195119712078394,0.260789775286321,"ENSMUSG00000052605"
8747.94773746137,-0.11842375643948,0.0921283110511112,0.195240973200422,0.260930423789529,"ENSMUSG00000030451"
13.7412479749674,-0.473588957148113,0.441928296725385,0.195485718763111,0.261236066827512,"ENSMUSG00000081557"
2126.07527075113,0.139597687375725,0.10874050942454,0.195519412676197,0.261252969016531,"ENSMUSG00000018446"
5609.82764890103,0.124085293690588,0.0960710391662568,0.195546515204411,0.261252969016531,"ENSMUSG00000025103"
2531.21037157392,0.135526423401421,0.105521829383748,0.195536113874618,0.261252969016531,"ENSMUSG00000030432"
1568.7924681977,0.15948853163116,0.124763618112685,0.195587911076634,0.261286829421867,"ENSMUSG00000061111"
2969.62199949081,0.149409574665964,0.115939591009484,0.195615488023534,0.261302225016173,"ENSMUSG00000034586"
524.950587573471,0.196506917857495,0.154743056586083,0.195675354052228,0.26136074614443,"ENSMUSG00000031958"
28.1388981948707,-0.393803050017833,0.340181360988271,0.195702744773692,0.261375884429452,"ENSMUSG00000025383"
112.283670504019,0.270446023928848,0.217585017359319,0.195728104957707,0.261388308516003,"ENSMUSG00000103442"
25.3163744353151,0.528378002414142,0.545370851447855,0.196214533024319,0.262016420719432,"ENSMUSG00000067594"
149.871105285856,-0.289488229524455,0.236271589403552,0.196276393542345,0.262077527198941,"ENSMUSG00000032387"
63.5452717151474,-0.301688747116973,0.247190549598406,0.196722140579067,0.262614904558542,"ENSMUSG00000009097"
1077.11674872121,-0.152178061185945,0.119421885917152,0.196709996936274,0.262614904558542,"ENSMUSG00000020459"
1806.11853506567,-0.130288015640319,0.10189313915641,0.196727248199217,0.262614904558542,"ENSMUSG00000034022"
1111.25936605495,-0.102438041343949,0.0797986986149879,0.196807519691415,0.262700517059193,"ENSMUSG00000029012"
35.02201460764,-0.412152131100521,0.362435605445618,0.196851648463783,0.262737875835803,"ENSMUSG00000075064"
1914.71332106056,0.120640733738774,0.0941299455756361,0.196951113367544,0.262849079560292,"ENSMUSG00000035674"
17.7071696514426,0.491202824236572,0.470564546345239,0.197011641362648,0.262908304484439,"ENSMUSG00000099655"
901.688687469057,0.173256086831974,0.136689158538055,0.197042276346011,0.262927631310793,"ENSMUSG00000039826"
1744.50004223982,-0.162296049676123,0.127887596945108,0.197246638701183,0.263178752850644,"ENSMUSG00000063455"
22.5852801036383,-0.446628418210255,0.407354809327034,0.197335662074139,0.263275953384381,"ENSMUSG00000111997"
11.2085814689175,-0.49960295739595,0.485833627015496,0.197412553148136,0.263356952970444,"ENSMUSG00000044726"
104.656218737271,-0.269960964845446,0.218860753224517,0.197598991811499,0.263584068565729,"ENSMUSG00000113701"
3798.75777308517,-0.173591668455128,0.13716455071785,0.197740374888758,0.263751050675123,"ENSMUSG00000018800"
1164.95214613021,-0.159258139982934,0.125534394928799,0.197983411244588,0.264053581994215,"ENSMUSG00000035476"
7453.07337860361,0.151908619336989,0.119434520686958,0.198017827066079,0.264077846057811,"ENSMUSG00000058230"
16.0172659164537,0.461047745762146,0.425129870070591,0.198071982773515,0.264128429228089,"ENSMUSG00000049988"
216.436296708726,-0.370821692109114,0.317076910066956,0.198185837193888,0.264258605655481,"ENSMUSG00000108815"
424.996527899759,-0.169917617063749,0.134256459645908,0.19828177666638,0.264364875139268,"ENSMUSG00000045319"
8.91073475267334,0.530600281517411,0.549971978576077,0.198301185770896,0.26436909926115,"ENSMUSG00000098832"
1287.90396752992,-0.130324834113335,0.102359528742077,0.198534551687337,0.264658540034926,"ENSMUSG00000031921"
10.2871305384242,-0.50398866060289,0.500676203016882,0.198779926376343,0.264963940513766,"ENSMUSG00000032725"
27.1387164206604,0.37926117350068,0.325886260176487,0.198813569778317,0.264987086616838,"ENSMUSG00000027326"
2168.00834126471,-0.133210587998195,0.104815497132695,0.198968278963191,0.265171577285313,"ENSMUSG00000109324"
2862.88039293405,-0.146569424558905,0.113881507517043,0.199029773630349,0.265231817859585,"ENSMUSG00000029629"
809.104480083486,-0.19715388993601,0.156994959578347,0.199065286966977,0.265257428065525,"ENSMUSG00000037355"
505.336817418423,0.149388675861117,0.117552893289928,0.199331273118165,0.265590117362486,"ENSMUSG00000044617"
2333.00621751927,-0.0849100893542179,0.0664881576795122,0.199608362220226,0.265937544624393,"ENSMUSG00000030733"
710.268822318422,-0.163815165066245,0.129758690717432,0.199746048943856,0.266099204902863,"ENSMUSG00000086784"
2170.47754007141,-0.10366763314988,0.0814189319222934,0.19992560424015,0.266316610950995,"ENSMUSG00000068732"
142.691960595106,-0.251254676847779,0.203822179459617,0.200267699616991,0.266750479859699,"ENSMUSG00000022177"
24544.5673604185,-0.0919147205900384,0.0721614243544116,0.200411529203999,0.266910671009552,"ENSMUSG00000031748"
87.6926219409092,-0.284295668123301,0.233670560029723,0.200420760028859,0.266910671009552,"ENSMUSG00000039005"
387.963010583574,-0.156005629850497,0.12363926757442,0.200621787833781,0.267156533242661,"ENSMUSG00000041633"
1333.25387486688,0.15854618542459,0.12548881226501,0.200711197514776,0.267253731954644,"ENSMUSG00000021258"
13.8074039268529,0.459436225266188,0.426428184235452,0.200731563119391,0.267258987768481,"ENSMUSG00000096794"
8497.89785346078,0.110415515445269,0.0868137858792011,0.200811903319434,0.267344087857508,"ENSMUSG00000062933"
394.293930825386,0.164171562488805,0.130242622081509,0.201158392621225,0.267783473592436,"ENSMUSG00000032359"
4483.55482153381,0.142026649933245,0.112139435894402,0.201218898064119,0.267829883893471,"ENSMUSG00000024767"
1928.59107806468,0.133705647289143,0.105502951714601,0.201226162920331,0.267829883893471,"ENSMUSG00000028433"
1723.51055211022,0.0862796319513656,0.0677830353286529,0.201361325939428,0.26798787209893,"ENSMUSG00000023965"
370.464700887224,0.157508353617886,0.124869007323739,0.201421817616394,0.268046463960077,"ENSMUSG00000071653"
89.2577993743445,-0.268367180322469,0.21966639434443,0.201457042512576,0.268071424672583,"ENSMUSG00000112122"
715.74568480229,-0.182462396210478,0.145664709785712,0.201538431702533,0.268148301078566,"ENSMUSG00000019990"
6916.01036598514,0.121796046329672,0.09587947671103,0.201547761622819,0.268148301078566,"ENSMUSG00000028136"
12.176992661326,-0.512684976679812,0.521435014324897,0.201746883873708,0.268369353248036,"ENSMUSG00000027961"
885.334910661382,-0.0971979378671893,0.0765803760748549,0.201733758613653,0.268369353248036,"ENSMUSG00000053950"
4148.3402159276,0.150132902717206,0.118210193960531,0.201774839582202,0.268384608491509,"ENSMUSG00000043419"
134.759701554503,0.217480811019529,0.174874875558767,0.20218909625775,0.268913645631478,"ENSMUSG00000002249"
1159.57036860529,-0.18507508788681,0.148149457695745,0.202330884303709,0.269080239762726,"ENSMUSG00000115981"
19.8281730967505,0.397822704910136,0.349717573813699,0.202455876086383,0.26922447111626,"ENSMUSG00000066677"
1697.27624469908,0.110773378839792,0.0874078294219839,0.202525519768143,0.26929508338391,"ENSMUSG00000041303"
1065.06274390054,-0.149250547843539,0.118732994253344,0.202707215541128,0.269514665897124,"ENSMUSG00000058267"
112.622404175856,-0.290206744565744,0.240340548399928,0.202742421910839,0.269539459642653,"ENSMUSG00000019539"
5817.87720735166,0.139655951776785,0.110634587208276,0.202767706968768,0.269551060354234,"ENSMUSG00000028603"
3224.78526441429,0.0998926543386496,0.0789149002422309,0.20286469198086,0.269657966361623,"ENSMUSG00000030890"
24.0571300447513,0.421668427321026,0.377171382307861,0.202998567156679,0.269813887170443,"ENSMUSG00000052013"
1134.58203697367,-0.145603179737071,0.115511664484656,0.203032909549736,0.269837500134765,"ENSMUSG00000037022"
302.830426779777,-0.167993994711352,0.134427936147332,0.203117878413303,0.269928388016307,"ENSMUSG00000035356"
1922.24167388698,-0.0941113421154784,0.0744749208268312,0.203148154630912,0.269946584578121,"ENSMUSG00000039523"
410.383869765971,-0.172973359423778,0.138346498766191,0.203275293088393,0.270093479788822,"ENSMUSG00000056459"
1268.19682424622,0.146331040695122,0.116351297041888,0.203347928683107,0.270167938549104,"ENSMUSG00000032306"
6113.96841473567,0.0954125634587357,0.0752633973634019,0.20339130209024,0.27020351060352,"ENSMUSG00000021114"
4016.38819442986,0.0727034942766733,0.0573148163088738,0.203663358414633,0.270542855253255,"ENSMUSG00000053253"
743.169482101299,0.121752946570182,0.096502518508134,0.203738582948521,0.270620697938476,"ENSMUSG00000036120"
2173.79398555159,-0.179618802569502,0.144606950917135,0.203759819784072,0.270626823306554,"ENSMUSG00000038564"
2086.59346185729,-0.141550881700155,0.112379907911843,0.20388097708296,0.27072147360767,"ENSMUSG00000000902"
1748.61153915494,0.107539232799815,0.0850687579855992,0.203849749020615,0.27072147360767,"ENSMUSG00000022151"
316.951253915727,0.170566686407131,0.136344387802922,0.203870061844503,0.27072147360767,"ENSMUSG00000030545"
2675.17917137565,0.121350383175423,0.0959419185426277,0.204082691652569,0.270959819076089,"ENSMUSG00000020790"
801.246676853697,-0.116130503626319,0.0921539565962763,0.204093767151488,0.270959819076089,"ENSMUSG00000045948"
2245.77942423287,-0.0856552990854983,0.0677781706973122,0.204256210608969,0.271153367826848,"ENSMUSG00000003458"
634.094786409258,0.140218637721523,0.111578109103618,0.20430425091326,0.271195025390692,"ENSMUSG00000035048"
12.2269474497509,-0.500854135117658,0.505832850581096,0.204421296301561,0.271328266568559,"ENSMUSG00000033633"
220.697231809963,0.186685082424264,0.149790840973071,0.204531509131891,0.271452417908595,"ENSMUSG00000091764"
11.7646874976716,-0.470350095755532,0.451076325602612,0.204571095639792,0.271482822014066,"ENSMUSG00000111273"
12.1227147338403,0.499826888430429,0.52105608848278,0.20464832901572,0.271563177608045,"ENSMUSG00000038135"
1492.4879357826,-0.0989595229138004,0.0786323095593534,0.204892094375044,0.271864485836075,"ENSMUSG00000010721"
246.973741426443,-0.180054799399537,0.144908779343702,0.204995923880909,0.27198008386449,"ENSMUSG00000025269"
5831.93761787106,-0.204211817771535,0.165212550900908,0.205202367558444,0.272231796179001,"ENSMUSG00000022914"
130.3900154751,0.261774393680407,0.215096774156107,0.205308568854285,0.272350491712987,"ENSMUSG00000029759"
471.59026560509,0.149187741543569,0.11917637282071,0.205486780225783,0.272564684526996,"ENSMUSG00000034192"
10.7742470559805,0.497625829035033,0.496327133798357,0.205543818492305,0.272618127386763,"ENSMUSG00000107951"
1570.14841725285,-0.184583097920387,0.149371954837361,0.205707242464036,0.272790427114426,"ENSMUSG00000038650"
33.8754524129406,-0.339079973438133,0.289938516172227,0.205700600739171,0.272790427114426,"ENSMUSG00000108989"
675.384023717285,0.457478770370315,0.430183954997116,0.206042921533288,0.273213316774101,"ENSMUSG00000020182"
465.032175709123,0.13074129967624,0.104297607374976,0.206078983353264,0.273238876844868,"ENSMUSG00000024191"
117.656737960087,-0.251533936431664,0.207000530304178,0.206311499742188,0.273524889461097,"ENSMUSG00000115701"
2843.16776431397,-0.124915965266101,0.0998071695899852,0.206341875016438,0.273542881465721,"ENSMUSG00000026924"
3380.71789402328,-0.0787745525617052,0.0626174013121361,0.206436114334712,0.273645526802968,"ENSMUSG00000003464"
27.8331160493123,0.381469328529364,0.335499786488005,0.206578469475206,0.273811931122661,"ENSMUSG00000096351"
22.7375157243766,-0.454844136063985,0.429335369721161,0.206838329593197,0.274134044057813,"ENSMUSG00000053747"
2607.77485700488,-0.0856853030298493,0.0682739555111734,0.207059632162181,0.27440500629618,"ENSMUSG00000023307"
630.840903352087,-0.114858908544232,0.0918260049018381,0.207494465829892,0.274958882674941,"ENSMUSG00000039771"
3160.40855759294,0.126450339860041,0.1011598068874,0.207644325009575,0.275135068987047,"ENSMUSG00000031770"
57.3622949894627,0.286785525187327,0.239297365800669,0.20772642809151,0.275199055625751,"ENSMUSG00000022838"
22.728739922293,-0.392207834719785,0.349794611672969,0.207713579473783,0.275199055625751,"ENSMUSG00000060024"
538.444447521276,-0.149264987182779,0.119993245049635,0.207750469506795,0.27520850770114,"ENSMUSG00000040586"
18.3300975040166,0.471714205662431,0.456866263329196,0.207977287485184,0.275486555918612,"ENSMUSG00000020686"
21.8205711982831,0.432167926806839,0.399240507500504,0.208541459907583,0.276211381967098,"ENSMUSG00000113850"
419.632550492816,-0.170527797242697,0.138033172534821,0.208633022143126,0.276310172845644,"ENSMUSG00000029171"
353.345104069754,-0.238741298766773,0.196948853184851,0.208837019214255,0.276557842399092,"ENSMUSG00000071648"
905.391769075606,-0.0948677258155617,0.0758070719771977,0.208885814373488,0.276599958217818,"ENSMUSG00000020307"
645.90267723613,0.165852996469556,0.133852615313403,0.208925401835549,0.27662987563682,"ENSMUSG00000020092"
663.597861211013,0.236329138698955,0.194179733726381,0.208948717741043,0.276638245415917,"ENSMUSG00000040710"
1081.58845973827,-0.0946685996385218,0.0758284429215306,0.209330490171317,0.277101364805637,"ENSMUSG00000030019"
337.659170385797,0.149694220808716,0.120675408792189,0.209349587441929,0.277101364805637,"ENSMUSG00000030922"
30.6883130406246,0.341197934466576,0.293596326364388,0.209339609049487,0.277101364805637,"ENSMUSG00000044145"
1085.93149828191,0.16913097976414,0.136788374819434,0.209413260512747,0.277163107132815,"ENSMUSG00000061167"
371.656247512993,-0.2093522355412,0.171380742765877,0.209448208738393,0.277186824540127,"ENSMUSG00000115267"
14.2766311019971,0.461657839873565,0.447678827408836,0.209647113475445,0.277427502898406,"ENSMUSG00000046750"
32.5541383243902,0.533889732005207,0.609167435091011,0.209755235939374,0.277525459694476,"ENSMUSG00000049414"
463.069857813374,0.161202511793981,0.130244316325833,0.209738776602443,0.277525459694476,"ENSMUSG00000050786"
415.91021930095,-0.124542956287853,0.100268290201887,0.209900147750241,0.277694620048636,"ENSMUSG00000063236"
1037.29442167985,-0.188649712584204,0.153927161899077,0.210078441796829,0.277907913496041,"ENSMUSG00000028096"
214.450563104874,-0.198461831888511,0.162338607216154,0.210170617904873,0.278007258106251,"ENSMUSG00000013155"
1129.67132131011,-0.235176788537689,0.194443474649001,0.210282038805509,0.278121921493611,"ENSMUSG00000030757"
844.635145828152,-0.118077029209762,0.0950317289451466,0.21029147375251,0.278121921493611,"ENSMUSG00000046058"
717.485879919354,-0.138203692342785,0.11146012567267,0.210633071141407,0.27855107092695,"ENSMUSG00000033055"
43.4988100243085,-0.35082373829107,0.306211149336606,0.210708088049636,0.278627640720713,"ENSMUSG00000020354"
1135.05951720895,-0.116803315704645,0.0942300690706529,0.211185083171794,0.279227529290608,"ENSMUSG00000026171"
67.6591084905293,-0.28755360168111,0.242925075201822,0.211196052379037,0.279227529290608,"ENSMUSG00000035873"
1243.67030890388,0.135339167441017,0.109707458693673,0.211285874677158,0.279323598472734,"ENSMUSG00000002580"
9265.35287595754,-0.0969749417637733,0.0782169440002062,0.211320696066175,0.279324262327665,"ENSMUSG00000024853"
25.6962435257074,0.369165897739156,0.325509375101042,0.211320405367134,0.279324262327665,"ENSMUSG00000067235"
32049.74140939,-0.120349868549422,0.0904098104467834,0.21140756080548,0.279416391262715,"ENSMUSG00000023087"
11.1605919563711,-0.487987368625637,0.493863872676133,0.211467132867621,0.279472435562161,"ENSMUSG00000029299"
36.0640365587479,0.33686336448124,0.29094321615358,0.211668153143405,0.279715391854875,"ENSMUSG00000060509"
3885.51454505428,-0.107178572912867,0.0864855290238064,0.211766331413173,0.279822416003217,"ENSMUSG00000020986"
394.307586059457,-0.173762477919056,0.141890304197007,0.21201943638034,0.280134122191492,"ENSMUSG00000047719"
261.184440525756,-0.182218773363326,0.149008705334128,0.212225881217493,0.280384132331657,"ENSMUSG00000040466"
19.1891270986517,-0.454112186540058,0.435934688974064,0.2122565862935,0.280401940568543,"ENSMUSG00000043747"
718.607669027528,0.176669610671848,0.143998811219997,0.21229000825974,0.2804233347766,"ENSMUSG00000037787"
661.459588996345,-0.107118767280967,0.0864960728199689,0.212376005169046,0.280514168463301,"ENSMUSG00000069208"
2049.55562982714,0.133826887695218,0.107824724563091,0.212835988040109,0.281098921972973,"ENSMUSG00000000326"
865.285452287214,0.131160797918391,0.10574938232302,0.213015617637507,0.281313339599492,"ENSMUSG00000061474"
8559.59857031334,0.195722367374135,0.160450142640375,0.213131547259617,0.281443605604935,"ENSMUSG00000090100"
1703.33591454441,0.155797777456772,0.126765964556721,0.213226587811701,0.281546268364607,"ENSMUSG00000019889"
494.552799953926,0.173467248264737,0.14171896840247,0.213308161854404,0.28163113461481,"ENSMUSG00000002885"
102.198974305404,0.228502549159345,0.189358536719311,0.213410472982453,0.28174336408827,"ENSMUSG00000027323"
1472.73340784901,-0.152410512909044,0.12429564470984,0.213477529365337,0.281809036007538,"ENSMUSG00000033955"
550.099645724405,0.15818970311068,0.128806479440814,0.213668705150166,0.282038532471165,"ENSMUSG00000019822"
4326.44312650845,0.11304599521281,0.0914646328361162,0.213716537994737,0.282078797168437,"ENSMUSG00000078566"
36.9464653200825,0.403786931092995,0.369515596242755,0.213743281780403,0.282091222703211,"ENSMUSG00000084371"
1293.3820829997,-0.105600099841393,0.084986145201552,0.213960242995831,0.282354668462598,"ENSMUSG00000024410"
1115.20242779219,-0.244262314530712,0.204376609345293,0.214175736704769,0.282616135058384,"ENSMUSG00000022656"
61.3305015584463,0.33710074847981,0.294870592743363,0.214771699802688,0.283379567916685,"ENSMUSG00000046991"
13405.7563522445,-0.0914045117775012,0.0742059767885495,0.215044553055202,0.283716585721558,"ENSMUSG00000019302"
116.127647530177,0.285459151228511,0.242543903966193,0.21512339713383,0.283797605846867,"ENSMUSG00000027474"
441.039907392054,-0.12275394268051,0.100039978956545,0.215166357320296,0.283831277508897,"ENSMUSG00000069844"
395.219699683012,0.221689659070627,0.184264803503413,0.215465733274944,0.284203160704119,"ENSMUSG00000025350"
59.631881704869,0.27223678832595,0.230336857950005,0.215769195404507,0.284580372937495,"ENSMUSG00000096373"
4671.49220444704,-0.166504900773048,0.136971094627985,0.215980352014836,0.284835791144576,"ENSMUSG00000021147"
25.7066933731645,-0.372424246664464,0.334733118580034,0.216029872663624,0.284878019055287,"ENSMUSG00000079103"
7933.21338256347,-0.10064326123844,0.082064812156719,0.216110308459894,0.284961004545173,"ENSMUSG00000042105"
8.48393477565453,0.485308529466503,0.496751912670736,0.216203236864514,0.28506044789248,"ENSMUSG00000104031"
3598.48032362859,-0.105494166091904,0.0859380973458075,0.216403758272566,0.285301723265637,"ENSMUSG00000021929"
32.1449229671108,0.366153439547358,0.328239874133923,0.216585332719429,0.285517982345875,"ENSMUSG00000044626"
1582.97493190818,-0.102253044178877,0.083570402138816,0.216805944098467,0.285785663457352,"ENSMUSG00000015889"
1183.24146285676,-0.124567101092538,0.101987648534459,0.216952906044758,0.28595622709284,"ENSMUSG00000023088"
52.8795455856489,-0.303245045366085,0.262121603016235,0.216997602206715,0.285991981922184,"ENSMUSG00000079559"
25.6108807656848,0.37244301570603,0.334720009403786,0.217150124839042,0.286169829349897,"ENSMUSG00000089789"
25.3572681377162,0.376162904514761,0.338151372563859,0.217267584053182,0.286301443634558,"ENSMUSG00000060441"
1563.15983385428,-0.139232390252243,0.114248988804658,0.217357976528917,0.286374191982008,"ENSMUSG00000009995"
28.1278624639851,-0.408122616389993,0.380828309710036,0.217348362542142,0.286374191982008,"ENSMUSG00000074965"
29.8577434388353,0.471116447408388,0.473129173590024,0.217392957907059,0.286397100098018,"ENSMUSG00000050157"
111.714019643618,-0.225128074212105,0.188794775218874,0.217691674787291,0.286767425927613,"ENSMUSG00000070282"
2770.81209065952,0.10339785671473,0.0843645210008458,0.218072382059122,0.28724568984936,"ENSMUSG00000021807"
220.64787433234,0.312126393059334,0.270949668008923,0.218198078355843,0.287388002223191,"ENSMUSG00000021676"
1019.45530337699,-0.108877247033768,0.0891567486682569,0.218407570631718,0.287640650060122,"ENSMUSG00000027509"
269.842179474144,-0.251918819317994,0.21340227865475,0.21847138609054,0.287701417586102,"ENSMUSG00000116474"
623.853996606406,0.130692275165731,0.107092730307396,0.218509959345617,0.287728936921853,"ENSMUSG00000028251"
67.6660252179028,-0.31977255598338,0.279961971973111,0.218556578571299,0.287767045699555,"ENSMUSG00000111860"
51.0997168724831,0.479538358705336,0.527977401129218,0.218664515434002,0.28788587691966,"ENSMUSG00000026605"
49.6774146558321,0.280297525558483,0.23955529192024,0.218728208997681,0.287946444485585,"ENSMUSG00000033082"
14.3470474096417,0.438133748689615,0.424482006894231,0.219021601495699,0.288309366743247,"ENSMUSG00000074852"
314.107010580405,0.232069281217883,0.194734782297484,0.219203610970965,0.28852562297933,"ENSMUSG00000035944"
22.3847534281609,-0.409824029914662,0.384253507136168,0.219302182621867,0.288632028518658,"ENSMUSG00000059479"
6956.48575253648,0.111672038860983,0.0915360434705946,0.219656160509682,0.28907453963753,"ENSMUSG00000000346"
2420.1426844175,-0.141220224861305,0.116594249720482,0.219754729103679,0.289180879575561,"ENSMUSG00000023055"
15.4647532253031,0.444558696315115,0.433691573499158,0.219849402252185,0.289282076619599,"ENSMUSG00000112712"
19.0907556539779,0.482005560056441,0.496854865522446,0.220143302943247,0.289645383552391,"ENSMUSG00000027840"
32.6151288969909,0.390607249769447,0.359908813219007,0.220245075088712,0.289755866183953,"ENSMUSG00000020878"
2158.42210003192,0.129756950008063,0.106703275049886,0.220275150208582,0.289772013503742,"ENSMUSG00000020184"
47.0940902689983,-0.322181638153488,0.283643669000735,0.220407014814545,0.289922051486962,"ENSMUSG00000049723"
459.655583456151,-0.189200956042563,0.158165123801491,0.22082690366999,0.290450899962839,"ENSMUSG00000026383"
6086.9255377168,-0.092695823043475,0.076131781727489,0.221050565098613,0.290721588323117,"ENSMUSG00000028879"
1242.34539722986,0.11401881364348,0.0937915871334042,0.221129015395638,0.290801269398142,"ENSMUSG00000033159"
18.7034174085292,0.436822955066627,0.421990556218526,0.221181959734021,0.290847398057225,"ENSMUSG00000033882"
1561.59684992172,0.181548509369394,0.151001227988162,0.221273907461643,0.290944803365155,"ENSMUSG00000004317"
18.8847718186084,0.406852094140997,0.381417965750874,0.221431935534922,0.291125887902875,"ENSMUSG00000035560"
5806.57320405271,0.141954853850814,0.117221682746066,0.221447397961261,0.291125887902875,"ENSMUSG00000059291"
184.365950471926,-0.23274715198567,0.197303255697036,0.221491641407397,0.291160537739612,"ENSMUSG00000031737"
392.314902981642,0.177052747738522,0.147396100978966,0.221610250121562,0.291290614363821,"ENSMUSG00000031274"
9515.02271455362,0.148953084488152,0.123200849894732,0.22162638278019,0.291290614363821,"ENSMUSG00000034891"
346.063081489184,-0.135837239656102,0.112435909428201,0.221687672314396,0.291347644916336,"ENSMUSG00000030316"
1279.27983640457,-0.13076785170529,0.10827957014114,0.221759358384984,0.291394804309878,"ENSMUSG00000046032"
2796.95968870477,-0.171812613438603,0.143427454063626,0.221750090635084,0.291394804309878,"ENSMUSG00000048707"
148.348932660571,0.352837481217428,0.317340331798459,0.222489771724982,0.292330979428465,"ENSMUSG00000071398"
307.479749858485,-0.274728227382983,0.237400793591683,0.222508728213661,0.29233229038434,"ENSMUSG00000040170"
1590.88241564638,0.141245026876076,0.117051030148181,0.222652800154878,0.292497964726099,"ENSMUSG00000066902"
19.4468758304388,0.386224967044352,0.356416245713486,0.222974622755662,0.292897103713417,"ENSMUSG00000109929"
107.322884650134,0.296577488808238,0.25806555023635,0.223033346340992,0.29295060209301,"ENSMUSG00000020052"
209.571057112274,0.187728924434207,0.157284443057769,0.223115344271937,0.293034659840132,"ENSMUSG00000031792"
11.9486964336443,0.45532432196363,0.454827580334172,0.223341322851693,0.293307789703902,"ENSMUSG00000079588"
195.773149545956,-0.21123108083578,0.178581423143268,0.223419923965297,0.293387344490731,"ENSMUSG00000111517"
759.759047069342,-0.290048029975581,0.253207112675874,0.223567482705629,0.293557431917579,"ENSMUSG00000045672"
490.472508389167,-0.137264970692081,0.114223822276049,0.223860566852557,0.293898452108023,"ENSMUSG00000022503"
1100.94122108595,-0.171838378348086,0.144023314195816,0.223879717113988,0.293898452108023,"ENSMUSG00000057766"
12.4274570926706,0.454165402642054,0.457844418794804,0.223895596605167,0.293898452108023,"ENSMUSG00000090439"
12.296650995971,0.486308456918313,0.515741272234434,0.223899416672294,0.293898452108023,"ENSMUSG00000091534"
184.327739808164,0.204458067770002,0.172370251823792,0.224001546041359,0.294008802327144,"ENSMUSG00000034911"
1877.53342713281,-0.0921748499778318,0.0763067601202269,0.22422392927491,0.294253234499918,"ENSMUSG00000031826"
190.140604148259,-0.171550648626647,0.143780349909314,0.224222014763216,0.294253234499918,"ENSMUSG00000063320"
730.660269384231,0.101647506647451,0.0841440245497689,0.224454354681665,0.294528689443765,"ENSMUSG00000020903"
30.1303636985549,-0.407587700369196,0.389028976397114,0.224470016048615,0.294528689443765,"ENSMUSG00000049353"
17.1005297688372,-0.436932593034852,0.430123123468719,0.224620994397566,0.294686225469248,"ENSMUSG00000020059"
724.619677004147,0.116240129214038,0.0964124271124123,0.224626286129895,0.294686225469248,"ENSMUSG00000073700"
9.90537173315894,-0.51770984789891,0.679247829542939,0.224793928960574,0.294882389847709,"ENSMUSG00000069939"
2414.59667754842,0.0859720696254344,0.0711421719904081,0.225011084907853,0.295143468181307,"ENSMUSG00000040859"
23.8598727437358,0.465206548897368,0.478551057167976,0.225060515247584,0.295184519152379,"ENSMUSG00000099583"
2213.38442731827,-0.178348809832599,0.150171082220462,0.225154021844152,0.295283368319296,"ENSMUSG00000004815"
90.2816236458538,-0.276634702042652,0.240880648493671,0.225490856941772,0.295701294553948,"ENSMUSG00000090353"
133.481007740799,0.215655087599295,0.183491545892317,0.22580769901196,0.296092937370443,"ENSMUSG00000004837"
783.603080115878,0.0984760248896543,0.0816795705701452,0.225832037274978,0.296100999014264,"ENSMUSG00000093803"
495.088265823749,-0.129599745684379,0.108176491344768,0.22587824343898,0.296137729276716,"ENSMUSG00000026273"
4600.98690487231,-0.0922863262989016,0.0766936088967019,0.225917681956584,0.296165581613052,"ENSMUSG00000028127"
3502.23934883973,0.149283631510659,0.125001454259866,0.226223969881418,0.296543226101605,"ENSMUSG00000030870"
406.220596031563,-0.121434766984769,0.101280939157283,0.226312591946601,0.296635507827262,"ENSMUSG00000024273"
7450.14697073746,0.115888198897796,0.0987477529731563,0.226593484319365,0.296979769545139,"ENSMUSG00000062647"
142.238141861499,-0.234252103874731,0.201234682605522,0.227354575308306,0.297953286922841,"ENSMUSG00000074766"
17.2287049120794,0.451281023372514,0.45455748952734,0.227443893402263,0.298046344936567,"ENSMUSG00000070524"
292.886005692589,-0.179919265528414,0.152280510190782,0.227573510313748,0.298192191973533,"ENSMUSG00000033739"
109.598515488413,-0.225579402048998,0.193714932377165,0.227754590377478,0.29840544286579,"ENSMUSG00000069294"
1889.29481071607,-0.122081361463639,0.102555611172107,0.227835588128165,0.29848754153322,"ENSMUSG00000026313"
1928.45510285096,0.112091955354166,0.0935795706254162,0.227947834904476,0.298610563059317,"ENSMUSG00000026688"
3886.18833551204,-0.0864673243253276,0.0721440675925583,0.227975785517189,0.298623146105159,"ENSMUSG00000028991"
1205.54359688134,-0.132927478399719,0.111622970686671,0.228213025960213,0.298899266787076,"ENSMUSG00000029141"
1064.87610421865,-0.144131650329929,0.121259823700316,0.22822330672666,0.298899266787076,"ENSMUSG00000029415"
8.48568469530586,0.484623959403707,0.521764319435286,0.228568191984446,0.299326872817604,"ENSMUSG00000027202"
1671.30406335868,-0.151429288881958,0.135849394810987,0.228724885557943,0.299507979013127,"ENSMUSG00000074527"
7030.0484625775,-0.0876633421015593,0.0732325776377216,0.228811456881362,0.299549050596333,"ENSMUSG00000014313"
2288.62158360846,0.106578817197409,0.0891136081704726,0.228806393392686,0.299549050596333,"ENSMUSG00000025733"
1451.0619820765,0.116082984580634,0.0971336185441326,0.228775593346688,0.299549050596333,"ENSMUSG00000043300"
2883.26505845703,-0.107740948054241,0.0902627168451731,0.228971001715467,0.299733813102081,"ENSMUSG00000093989"
2288.22154810005,0.155886376079398,0.131042213734815,0.229211134705818,0.300024031098529,"ENSMUSG00000071180"
2050.67718739562,0.106556864287328,0.0895798817010229,0.229379926039486,0.300220827858065,"ENSMUSG00000061613"
192.364140330996,-0.224686161030583,0.193376036236744,0.229480640764234,0.300328498983775,"ENSMUSG00000026062"
982.128158954366,-0.10222620408218,0.0857809911281991,0.229993469068565,0.300975455382113,"ENSMUSG00000001285"
9.61106586837314,-0.483251453234695,0.552509612891203,0.230119007796322,0.301115531262743,"ENSMUSG00000118074"
147.467760900475,0.269723725273239,0.236273239241519,0.230349381144518,0.301391408123282,"ENSMUSG00000026683"
36.4817038242963,-0.312173907941189,0.280180429114599,0.23036686938628,0.301391408123282,"ENSMUSG00000028139"
201.415843711331,0.229433176514114,0.198116923995669,0.230613415751227,0.301689719649479,"ENSMUSG00000056458"
15.6219975911296,0.459502118501348,0.475257376509827,0.230757886293355,0.301854457817682,"ENSMUSG00000028602"
46.9501196808662,-0.341050279949964,0.31218161923807,0.230822263534088,0.301914407859211,"ENSMUSG00000094970"
511.363946791226,0.131841944455625,0.111128041456973,0.230929116375672,0.302029901684332,"ENSMUSG00000067847"
453.431508123454,-0.172817656147587,0.147093366938657,0.230997321470939,0.302094834008512,"ENSMUSG00000083626"
133.499534967045,-0.232253390476657,0.2014902324409,0.231160855313148,0.302284415391021,"ENSMUSG00000068962"
118.063018444768,0.313710762619585,0.281142826254963,0.231214265239331,0.302329971047139,"ENSMUSG00000051113"
28.3278792247916,-0.349662326834357,0.321977279327048,0.231249357294622,0.302351569320631,"ENSMUSG00000093382"
302.246674737068,-0.221215135532094,0.191326252208181,0.23130538626947,0.30240053631792,"ENSMUSG00000025077"
15.8078946086781,0.404860006980437,0.390183771796984,0.231566641307883,0.302717779249094,"ENSMUSG00000054293"
13.8146877424034,-0.495437822919106,0.606814146117374,0.231770245014437,0.302959612008753,"ENSMUSG00000021751"
1572.72514871351,0.135926223259563,0.113411389745844,0.231951254155755,0.303171873707032,"ENSMUSG00000073640"
4001.85523141866,-0.133286389228333,0.113033878581511,0.232056871538721,0.303285568438965,"ENSMUSG00000020589"
17.6798553007876,-0.41270155304518,0.405373207126663,0.232415347485909,0.303729690621035,"ENSMUSG00000039814"
525.271270851232,0.127222540164208,0.107517465565963,0.232497571733899,0.303812753687437,"ENSMUSG00000006335"
3358.49215977782,0.126637800878879,0.106854336623167,0.232666431555703,0.304009004082816,"ENSMUSG00000027673"
223.323496587392,0.163788890130565,0.139431561098618,0.232908227114926,0.30430051536855,"ENSMUSG00000041135"
879.024696527539,-0.122154577988251,0.103488341110273,0.232968953897115,0.304355427892234,"ENSMUSG00000038079"
17.2680502990036,0.403463459177345,0.389898466952062,0.233125084280888,0.304534958825479,"ENSMUSG00000114515"
12.1132843568799,0.44625084484724,0.457301219814256,0.233206903237595,0.304617394551562,"ENSMUSG00000079343"
415.90215863524,-0.159035813324408,0.135700717410296,0.233291407551259,0.304679935225194,"ENSMUSG00000015289"
1396.18229000121,0.119156793549496,0.100755134249445,0.233296351254002,0.304679935225194,"ENSMUSG00000020528"
480.11868447981,-0.16244226669661,0.138600851549131,0.233310934548596,0.304679935225194,"ENSMUSG00000036067"
2293.64130872497,-0.146921837626984,0.125335656812312,0.233507443485096,0.304912094099984,"ENSMUSG00000004460"
9530.20561995408,-0.167977405953956,0.144480096962686,0.233665929576144,0.305094569795498,"ENSMUSG00000074129"
840.379729004526,-0.138572771193088,0.11787249574735,0.233727360012185,0.305150302075581,"ENSMUSG00000024841"
262.804481577946,-0.290787834433208,0.260858599614956,0.233806299473879,0.305220089560477,"ENSMUSG00000022325"
48.2242911581872,-0.321045394022869,0.292818275749391,0.233818314093816,0.305220089560477,"ENSMUSG00000083246"
407.236095419061,0.138999035843233,0.117989296882497,0.23385481758499,0.305243262019763,"ENSMUSG00000055041"
66.0728048040017,0.369098485951813,0.345693281612547,0.233881819779167,0.305254030016459,"ENSMUSG00000043924"
107.855585095301,-0.295060583316577,0.264996833633325,0.23392542844525,0.305286468710958,"ENSMUSG00000027115"
77.3070533767903,0.306954428397631,0.27636392949221,0.234165188249461,0.305574870476569,"ENSMUSG00000106715"
366.071543879374,-0.15542533625862,0.132932406336695,0.234251649527288,0.305663194469354,"ENSMUSG00000021420"
28.1794552443173,-0.381463962986174,0.365515686539232,0.23486660440538,0.30644105374405,"ENSMUSG00000114729"
252.329986967909,-0.185394451667687,0.159732085741467,0.234920347346059,0.306462046329472,"ENSMUSG00000027297"
21.109940777339,-0.458182930216901,0.493832669405306,0.234911023347028,0.306462046329472,"ENSMUSG00000045662"
619.495418238673,-0.140699495888213,0.120033430283822,0.235018559339724,0.306565598920749,"ENSMUSG00000020715"
27.6812291166119,0.351002992734815,0.326105946372009,0.235191535553742,0.306766651902549,"ENSMUSG00000045106"
1517.6494055973,-0.102002717048404,0.0865602178257364,0.23526715834502,0.306840702150488,"ENSMUSG00000027998"
170.777195597517,0.302227904539697,0.272167500201751,0.235412588036228,0.307005776963124,"ENSMUSG00000030921"
330.032772445961,0.142581258931823,0.121648986122427,0.235476855930082,0.307064989251772,"ENSMUSG00000087687"
670.837645051405,0.142717946472941,0.121792279564285,0.235570717365687,0.307162779339847,"ENSMUSG00000020380"
405.499265934105,0.134472923609502,0.114583502182113,0.235768879118737,0.307396540992775,"ENSMUSG00000031723"
24465.5931164598,-0.121847495982287,0.103111891293346,0.2358414359583,0.307441891129111,"ENSMUSG00000030310"
3908.16902654006,-0.0702382128107702,0.0595403274985158,0.235840807247026,0.307441891129111,"ENSMUSG00000037098"
758.031196972206,0.134401679739716,0.114551343897038,0.235880234228624,0.307467845353423,"ENSMUSG00000020133"
562.294702462495,-0.121609299325484,0.103620370052472,0.235976644701749,0.307547085145136,"ENSMUSG00000016833"
682.580797800711,0.147461721995882,0.125987984857285,0.235978811491753,0.307547085145136,"ENSMUSG00000050628"
50.4785667160369,-0.318600533091204,0.290966838964517,0.236288532323619,0.307926085114392,"ENSMUSG00000072707"
34.4303094578713,-0.379213735560318,0.362593858620414,0.236389088815688,0.308032467798732,"ENSMUSG00000031803"
76.9789541698129,0.267252458944433,0.237521879252315,0.23655901617735,0.308229221590883,"ENSMUSG00000070471"
1611.59430223316,-0.0851128375489335,0.0723311803204829,0.236611550370484,0.308272996392728,"ENSMUSG00000032547"
9719.62782412611,0.129990378764836,0.110828202992754,0.236689584764282,0.308349984857382,"ENSMUSG00000060240"
76.0556920699938,-0.335917747345572,0.31236436737777,0.236824662210362,0.30850126852275,"ENSMUSG00000018554"
465.311015543783,0.150139794246073,0.128628111313866,0.237014401148978,0.308699025596341,"ENSMUSG00000075227"
23.7150483120964,-0.416982297389882,0.417258144763151,0.237004786749515,0.308699025596341,"ENSMUSG00000116128"
219.097127607569,0.2395223606247,0.210485833145907,0.237133097526522,0.308828911235837,"ENSMUSG00000047821"
59.6916563885942,0.264195951725434,0.234647358158477,0.23751199671386,0.309297622600657,"ENSMUSG00000000126"
1565.12995556904,0.140439554204245,0.119161916679208,0.237538733091769,0.309307695165812,"ENSMUSG00000100755"
3192.54098022542,0.133049230646639,0.113253747063027,0.237658433612025,0.309438808377583,"ENSMUSG00000021188"
7.8836040062557,-0.500842351344861,0.646013950783562,0.237743319507185,0.309524574497158,"ENSMUSG00000093392"
13.7086737713815,0.428038812684249,0.431197413467553,0.237782773510817,0.309551182598295,"ENSMUSG00000045802"
2465.67361043923,-0.0752396041015702,0.0640024659871546,0.237854149742436,0.309619340224499,"ENSMUSG00000067150"
2863.29541294045,0.0801553109567846,0.068115545880421,0.237897645242949,0.309626438735486,"ENSMUSG00000019188"
11.113539549642,0.463940128200423,0.497672763531,0.237883507011097,0.309626438735486,"ENSMUSG00000079051"
267.029901333457,0.215070443866889,0.187691503275719,0.237933219349242,0.309647980857608,"ENSMUSG00000078496"
75.9537746173914,-0.320812810269647,0.296505958825067,0.238215487595413,0.30999054337502,"ENSMUSG00000027750"
1267.55549688977,0.147592083818136,0.126776046726852,0.238252227847058,0.310006857352316,"ENSMUSG00000022476"
28.6814666460459,0.367256014358331,0.350751607566407,0.238266113302299,0.310006857352316,"ENSMUSG00000024227"
3363.4234136768,-0.143809451774032,0.124413180122357,0.238297529460987,0.310022952730654,"ENSMUSG00000043670"
1857.89265872679,0.0918318868625333,0.0783051174487875,0.23835838628587,0.310077344518613,"ENSMUSG00000008226"
179.201243445722,0.379469538196693,0.365618158271067,0.238904052449007,0.310762359418646,"ENSMUSG00000070306"
33.4657237376903,0.307583608386648,0.280062395422457,0.239023734887346,0.310888771582855,"ENSMUSG00000042118"
18.0762992046298,0.472720058420529,0.593172989518155,0.239039431449257,0.310888771582855,"ENSMUSG00000053461"
24.2344386088628,-0.374042686309001,0.360135767862455,0.239112792076202,0.310959337654104,"ENSMUSG00000073130"
21.1325977243289,-0.392920170425394,0.38440428196266,0.239227714000961,0.31108393741074,"ENSMUSG00000047363"
37.3935477304844,0.348949779296591,0.329572894082982,0.239367419605744,0.311240742578664,"ENSMUSG00000026669"
876.046219910842,0.106515910096261,0.091095854275811,0.239503325387299,0.311392582320644,"ENSMUSG00000061458"
241.733923142753,0.16509086480496,0.142805266979292,0.239530980953546,0.311403666477265,"ENSMUSG00000022849"
120.48135416627,-0.273258082717406,0.245980245121774,0.239586878811309,0.311451462489258,"ENSMUSG00000094488"
2139.81272375395,-0.0852708641673146,0.0729093120829251,0.239627388715963,0.311454378275187,"ENSMUSG00000027429"
148.117321763228,-0.19847348295262,0.173362744213303,0.239615167686926,0.311454378275187,"ENSMUSG00000032392"
357.052168331153,0.176002428176704,0.152705020014975,0.239715112546886,0.311543521120815,"ENSMUSG00000042286"
366.355115716673,0.185498860257491,0.161276708789155,0.239763603094383,0.311581664631196,"ENSMUSG00000027166"
368.51319949488,-0.222463192214011,0.196178686113882,0.239904814179046,0.311740286198333,"ENSMUSG00000117183"
5625.72811529832,0.110335454163833,0.0943279478211624,0.239932408961626,0.311751257429546,"ENSMUSG00000026781"
1421.35855926761,0.128335709342592,0.110417949756969,0.239980374817219,0.311788693532978,"ENSMUSG00000073616"
1505.76593338546,0.152392944299109,0.131586064578818,0.240315203181099,0.312198793087145,"ENSMUSG00000028608"
13.4098233064325,-0.411402968616114,0.413803050551088,0.240686006032361,0.312630610133639,"ENSMUSG00000022357"
3185.68792202367,-0.144261208427673,0.124732049497675,0.240670073102592,0.312630610133639,"ENSMUSG00000041415"
4538.12804868584,-0.100162682470234,0.0863267228410749,0.241129533419691,0.313181723849495,"ENSMUSG00000000168"
4821.34504019629,-0.0928205667481136,0.07988572693659,0.241241704833325,0.313302415132988,"ENSMUSG00000030718"
1486.65311417166,-0.107967633339437,0.0928961566193876,0.24127024642266,0.313314485143044,"ENSMUSG00000031631"
2327.38012554564,-0.177604041896918,0.155051178644922,0.241337192217858,0.313376421101013,"ENSMUSG00000027854"
15.9905299685459,-0.429948390598431,0.452626268493618,0.241401629487638,0.313435090117234,"ENSMUSG00000058019"
4004.46063306732,0.129184424177058,0.111276772844518,0.241469070852525,0.313472648164719,"ENSMUSG00000030894"
37.8511202389633,-0.327936693101236,0.305161256566749,0.241465148122161,0.313472648164719,"ENSMUSG00000032062"
2887.59663355666,-0.17996576439021,0.15723680601387,0.241513786302685,0.313505694851285,"ENSMUSG00000026193"
1390.75343028287,0.151370462955601,0.130839799045071,0.242005175000664,0.314118510378823,"ENSMUSG00000078532"
241.308133274293,-0.175523689597838,0.153287079850974,0.242073066373191,0.314181579845543,"ENSMUSG00000051169"
6975.69686304303,-0.0745653449898221,0.0640716575765864,0.242136072859636,0.314238299769525,"ENSMUSG00000029447"
1350.6434145072,0.105559001294052,0.0908968102486053,0.242619066947499,0.314840016882285,"ENSMUSG00000052031"
78.29602271026,0.273270316528747,0.246968784812481,0.242667175261386,0.314877343874439,"ENSMUSG00000018920"
190.724594514812,0.190275723927253,0.166594693947782,0.242721930798957,0.314923289458427,"ENSMUSG00000025902"
601.08829069331,0.106407561590581,0.091669534824164,0.242752708076121,0.314938119236718,"ENSMUSG00000024970"
70.6489599754256,-0.235272353106107,0.209944176802439,0.242925421423426,0.315137074428636,"ENSMUSG00000034329"
96.7558391595385,-0.269835593043301,0.244761395903281,0.24310987959107,0.315351232766231,"ENSMUSG00000021319"
2115.00589265899,-0.0997342043518275,0.0860928556566963,0.243311266826662,0.315587314852941,"ENSMUSG00000046822"
3579.53223854291,-0.0862207615331812,0.0743912467438662,0.24334799511229,0.315609805150016,"ENSMUSG00000056537"
31.9285361990139,0.396964161638501,0.393562707687494,0.243627158586104,0.315946692755307,"ENSMUSG00000071665"
996.805542344036,-0.171905575720826,0.151069578924322,0.244184790960185,0.316644628953229,"ENSMUSG00000020021"
709.401180435623,-0.195275342366322,0.1723516954891,0.244454664109699,0.316946790868728,"ENSMUSG00000021583"
720.754383279491,-0.15246860515211,0.133217313774468,0.244456748946854,0.316946790868728,"ENSMUSG00000034573"
73.7914924037256,-0.411325221606856,0.419610970131893,0.244501015856996,0.316978937250731,"ENSMUSG00000056054"
20.377006739531,-0.460155225578833,0.510356375252198,0.244544516164363,0.31701008474345,"ENSMUSG00000095134"
273.40680921396,0.206641665493558,0.182664786668598,0.244721197262275,0.317213859614215,"ENSMUSG00000039450"
12.7901922399921,0.454676946099621,0.501833686070634,0.244884734582365,0.317375295344884,"ENSMUSG00000017607"
8.2950656299036,0.491409049183386,0.598724921639692,0.244881815423368,0.317375295344884,"ENSMUSG00000039376"
32.0717572748884,0.367097645492106,0.354539422449348,0.245034419067118,0.317544007131164,"ENSMUSG00000045968"
1089.17437420272,-0.09806722004551,0.0853262649101422,0.24534203343428,0.317892033769259,"ENSMUSG00000036873"
62.5551451034602,0.338580462713611,0.320390832007889,0.245334848886809,0.317892033769259,"ENSMUSG00000052221"
650.883595778309,0.157006759186009,0.137098964423054,0.245572480854995,0.31814190676868,"ENSMUSG00000038622"
79.8378103655245,0.219797540414775,0.195487925203513,0.245573968457333,0.31814190676868,"ENSMUSG00000091350"
120.564084485809,0.2351219506815,0.210199680610363,0.24574777947683,0.318341743937915,"ENSMUSG00000008136"
66.0238618246412,0.393232413396447,0.392239584317857,0.245887144707382,0.318480063160549,"ENSMUSG00000025140"
323.314724041165,-0.220220111713682,0.196753865305409,0.245893686804385,0.318480063160549,"ENSMUSG00000113069"
23367.664316541,-0.117318879166706,0.102138546193061,0.246082080406484,0.318698711501054,"ENSMUSG00000020859"
12.683683344713,-0.43831943463719,0.466910605730308,0.246240020859928,0.318877888588537,"ENSMUSG00000090436"
225.034343387849,0.296272817020117,0.272900294432377,0.246374811522912,0.319027060851958,"ENSMUSG00000025213"
1013.9489525867,-0.155679340683187,0.136791426324765,0.246497354394193,0.319153824724954,"ENSMUSG00000030726"
24.151121142787,0.294174109433595,0.811639006874459,0.246511920276867,0.319153824724954,"ENSMUSG00000116876"
91.299258140439,-0.255349215702475,0.231841244359227,0.24668244290549,0.319349197201811,"ENSMUSG00000022383"
1987.04145469651,-0.154804344043013,0.136185428084695,0.246741262148223,0.319399941570479,"ENSMUSG00000028469"
9559.48868083712,-0.0759281203699575,0.0659814492439897,0.2468034018724,0.319454975801441,"ENSMUSG00000060450"
54.0938388528281,0.312757392177872,0.292015282899946,0.246880847285796,0.319529810934101,"ENSMUSG00000020330"
15.4356858405512,0.465304929463173,0.555502508865864,0.246961321196635,0.319583145435951,"ENSMUSG00000003309"
52.4067723889614,0.276437590172479,0.252414306294436,0.24695563445105,0.319583145435951,"ENSMUSG00000069743"
80.6980302750105,-0.230758843989499,0.207373609478503,0.247115274039137,0.319756949984824,"ENSMUSG00000049285"
308.128287775055,-0.145101704757836,0.127197414688598,0.247167513398519,0.319799124322478,"ENSMUSG00000031734"
12.3134372865914,0.419171213464527,0.432359818675582,0.247279066989592,0.319918029920249,"ENSMUSG00000021356"
1141.4997524286,-0.112222786412545,0.0979305492310038,0.247429998205284,0.320036989335369,"ENSMUSG00000023723"
1350.18965860942,-0.10504412013477,0.091536775820729,0.24739626328727,0.320036989335369,"ENSMUSG00000028140"
566.584409766298,-0.139713336890646,0.122527123969153,0.247410697566418,0.320036989335369,"ENSMUSG00000049038"
31.8106500468077,-0.304074784540739,0.2834826529692,0.247544396622537,0.320159517576804,"ENSMUSG00000061984"
1257.78341249504,-0.0836750606451488,0.0727750324323249,0.247689170567189,0.32032130916761,"ENSMUSG00000030811"
664.549423359954,-0.107451671065678,0.0937616932939681,0.247769957122435,0.320400330635447,"ENSMUSG00000042148"
1705.43433117738,-0.132475682259162,0.11618590278389,0.247887011546741,0.320526235122556,"ENSMUSG00000000823"
322.64581290966,-0.243718655886561,0.220795661064578,0.247973370915814,0.32061243302364,"ENSMUSG00000085028"
467.029173851787,-0.149829257787787,0.131843716929128,0.248057255555414,0.320683351695129,"ENSMUSG00000028898"
4110.24496105424,-0.113206321581633,0.0989757846128598,0.248073272934203,0.320683351695129,"ENSMUSG00000030313"
189.284941456319,0.24762296466785,0.224203191741404,0.248087323252043,0.320683351695129,"ENSMUSG00000035473"
712.175616165654,-0.1424719361873,0.125397548573192,0.248999217971535,0.321836530898892,"ENSMUSG00000074064"
151.886184101738,0.168608524370577,0.148991447607074,0.249033601083878,0.321855415517535,"ENSMUSG00000024667"
598.052352566282,-0.192743452676421,0.17194153777924,0.249109371685139,0.321921460649337,"ENSMUSG00000038550"
210640.509882133,0.0835004520007717,0.0749985400223293,0.249124256038807,0.321921460649337,"ENSMUSG00000064367"
784.592893968,0.106924628776919,0.0933254333623993,0.249170964627264,0.321956259898603,"ENSMUSG00000027086"
490.825305062247,0.160179445640173,0.141282531097563,0.249239476671704,0.321968113741925,"ENSMUSG00000028958"
2773.64999280998,0.144277179368521,0.126674010045457,0.249236187345442,0.321968113741925,"ENSMUSG00000042524"
12.400627772438,-0.428318869065164,0.455400216324903,0.249216025880739,0.321968113741925,"ENSMUSG00000111023"
528.751589615523,0.190379243689725,0.169333345225171,0.24946513282211,0.322234044761014,"ENSMUSG00000050730"
83.6129199671901,0.423614543530524,0.443755484399233,0.249490803221673,0.322241632535301,"ENSMUSG00000064220"
534.140759908166,-0.141954608178882,0.12506653646861,0.249565240722666,0.322312201561691,"ENSMUSG00000025893"
9.60651210690456,-0.445539077381284,0.488902293601135,0.249771781741338,0.322553356857239,"ENSMUSG00000090451"
37.9721989713918,-0.366741528474872,0.36062258514521,0.249905122714169,0.322699951415298,"ENSMUSG00000116379"
206.673191276904,-0.225500161572842,0.20371698308895,0.250009453687477,0.322809065370409,"ENSMUSG00000084350"
1449.62051017117,-0.166654141938833,0.147828342069157,0.250039188968447,0.3228218526355,"ENSMUSG00000040943"
76.5062310680714,0.271080096789409,0.250342758653509,0.250366032534006,0.323218199507379,"ENSMUSG00000110234"
6118.86848561516,-0.10842763123989,0.0951812799051769,0.25047839521372,0.323324594692876,"ENSMUSG00000025871"
539.596975602269,-0.116434155626872,0.102368607938542,0.250488171991145,0.323324594692876,"ENSMUSG00000028933"
2139.12440257036,-0.119233389548304,0.104854699078141,0.250627256694512,0.32347847165186,"ENSMUSG00000020153"
425.633828651564,0.169732962039728,0.150447604438266,0.250686304979411,0.323529031352958,"ENSMUSG00000006611"
2122.15302155296,-0.0862808236921093,0.0755908906668082,0.250914694486346,0.323798112957725,"ENSMUSG00000025354"
2207.20234974445,0.108129611176207,0.0950635041084543,0.251083385269468,0.323990118542719,"ENSMUSG00000063406"
20372.0934622285,0.094927144436934,0.0831279986577384,0.251380500716839,0.324347795709314,"ENSMUSG00000032328"
11.6865201833245,-0.426561965087352,0.456781063055234,0.251642924012391,0.32466065761066,"ENSMUSG00000045394"
196.502427203697,-0.165303620599397,0.147125300957385,0.251682974382197,0.324663747627402,"ENSMUSG00000020652"
1850.02704087352,-0.0846288037574822,0.0743020913446358,0.251731320824335,0.324663747627402,"ENSMUSG00000034343"
321.32121612609,-0.206362461677401,0.185865540774081,0.25174790200336,0.324663747627402,"ENSMUSG00000043015"
7879.24837700197,0.106452234867637,0.0934371635294998,0.25170904666385,0.324663747627402,"ENSMUSG00000086583"
149.921695996302,0.200346684144078,0.179559338791902,0.251738786671989,0.324663747627402,"ENSMUSG00000095681"
9.7867768383141,-0.463358807879085,0.537718126850542,0.251764988714873,0.324663747627402,"ENSMUSG00000117145"
293.38873910205,0.172115781461052,0.153157819954537,0.25179998472695,0.324683155211129,"ENSMUSG00000110105"
2724.33182776478,0.0827888503337358,0.0725798328855194,0.251919235990106,0.324811193936392,"ENSMUSG00000040029"
1377.13648047971,0.0996521491795183,0.087532074074982,0.252290324961384,0.325263892738905,"ENSMUSG00000022681"
15.3971556306382,0.44045703630369,0.484171634727676,0.252410083167377,0.325375589293932,"ENSMUSG00000043832"
346.143050917285,-0.312491430135033,0.297193948417623,0.252416939525972,0.325375589293932,"ENSMUSG00000045868"
1237.06194629435,0.104811952913218,0.0921417610566337,0.252446521620941,0.325387954623935,"ENSMUSG00000033701"
2344.3433628338,0.149375961476755,0.132017894362686,0.252599743886225,0.325559669911319,"ENSMUSG00000008206"
2159.5569384805,0.102640709035434,0.0902367170768427,0.252665231273798,0.325592513827967,"ENSMUSG00000057193"
27.8180539941109,0.375738745563375,0.375106821441046,0.252653584796431,0.325592513827967,"ENSMUSG00000080059"
27.3314133564056,0.371798128139489,0.369360076442617,0.252718906954331,0.325635903380242,"ENSMUSG00000025946"
529.550781742017,-0.20928036277721,0.189277299275048,0.253334247352411,0.326402950641328,"ENSMUSG00000006386"
897.914209641569,-0.101304901266279,0.0893043744967684,0.253452773151252,0.326529817281843,"ENSMUSG00000014232"
680.896781482348,-0.114444398181242,0.101240428266619,0.253584990926137,0.326629379363119,"ENSMUSG00000005267"
1660.05609837869,0.128790912938306,0.112233067451217,0.2535882062325,0.326629379363119,"ENSMUSG00000057561"
225.385758525746,-0.199159906080539,0.179681941078005,0.253590250423338,0.326629379363119,"ENSMUSG00000112038"
11192.9745389717,0.073973647077224,0.0649128421677003,0.253676273790897,0.326688479807613,"ENSMUSG00000021218"
838.62711730642,0.133045108683378,0.117800200881003,0.253674991784734,0.326688479807613,"ENSMUSG00000031482"
3264.24685266019,-0.105558287983108,0.0932962490717952,0.253768813933188,0.326781801535039,"ENSMUSG00000039202"
670.499613799648,-0.230166941963652,0.210555714550587,0.253803124249483,0.326800131034099,"ENSMUSG00000105340"
424.716556776883,0.122612014982117,0.108535529194065,0.254119133554545,0.327155271749517,"ENSMUSG00000037214"
853.630498057656,-0.123790651640567,0.110178587781937,0.254103007845923,0.327155271749517,"ENSMUSG00000047264"
594.629385131823,-0.109012420989324,0.0965188091811192,0.254529662544199,0.327657876385486,"ENSMUSG00000044348"
14.2668730647416,-0.460159959208682,0.736846067171148,0.254570420830166,0.327684430671631,"ENSMUSG00000057886"
522.120211432365,0.123972368030532,0.109899839827592,0.254627356132853,0.327731802255917,"ENSMUSG00000020087"
660.82796241339,-0.148510460745779,0.132501384261694,0.25479556343731,0.327905502573782,"ENSMUSG00000024180"
1804.97598986447,-0.0868967229040896,0.0767558954361472,0.254802598725627,0.327905502573782,"ENSMUSG00000034757"
1924.19265786893,0.12562785953803,0.11143538276677,0.254934322837704,0.32804908356934,"ENSMUSG00000027508"
2163.07287231565,0.0848397884997397,0.0748552758472553,0.255262058667456,0.328444849497182,"ENSMUSG00000040697"
4500.0993321609,0.110602129543236,0.098102683196009,0.255537444570096,0.328773199708507,"ENSMUSG00000025204"
201.435680881312,0.164511084514829,0.147269970548838,0.255730335025064,0.328995368176558,"ENSMUSG00000025602"
3237.43009444149,-0.105109423146881,0.0932934279228936,0.255784584420081,0.329039154827728,"ENSMUSG00000061244"
1110.5747457602,0.0937624116857387,0.0829184338249695,0.255855136490468,0.32910390452721,"ENSMUSG00000035772"
28.9246851901047,-0.346127541063501,0.339262482715237,0.255948748299373,0.329198303161915,"ENSMUSG00000028575"
18.0976135311552,-0.388859325725604,0.399412803796693,0.256296297761378,0.329619272731272,"ENSMUSG00000108231"
13.4612312576161,0.448279870679161,0.509968780514903,0.256629305416407,0.330021475238448,"ENSMUSG00000074604"
63.7046946220811,-0.308658973632864,0.294253547779166,0.256779866265349,0.330189008852781,"ENSMUSG00000063011"
99.0882516726602,0.257638225633057,0.238772128594191,0.256851509351173,0.330255044961958,"ENSMUSG00000039958"
81.9650782388765,-0.221553227592888,0.202894132655426,0.256896913657573,0.330287335954345,"ENSMUSG00000091382"
845.402061075787,-0.0998405041801697,0.0887311847992144,0.25695489767873,0.330335794062105,"ENSMUSG00000043140"
3274.989730506,-0.0986281728149104,0.0877452077176871,0.257225445471278,0.330657490435241,"ENSMUSG00000001173"
3020.90436053689,-0.0990074540690777,0.0881758143861581,0.257864994094189,0.331453440766362,"ENSMUSG00000038762"
52.2137184485174,0.261528947231905,0.243778318959625,0.25801415495528,0.331618982578923,"ENSMUSG00000044362"
833.861647874794,0.106912798201486,0.095125677840435,0.258040826466601,0.331627078258592,"ENSMUSG00000092607"
217.940138714445,0.155889423808837,0.140051977496814,0.258137593536496,0.331725250460811,"ENSMUSG00000032298"
7039.79568610533,-0.0984898804427572,0.0878274237499388,0.25822585192837,0.331812473767761,"ENSMUSG00000027303"
160.784400372904,-0.270730377914183,0.255009867638226,0.258396835649087,0.332005974480689,"ENSMUSG00000027684"
717.732701737688,-0.108728683432062,0.0971371454775999,0.258776959291844,0.332468140753958,"ENSMUSG00000028247"
162.788478006977,-0.176765591417799,0.160259404040007,0.258885298524282,0.332581081949196,"ENSMUSG00000023330"
476.037460046246,-0.146770954772174,0.1322181903452,0.259031869704504,0.332716860652562,"ENSMUSG00000023072"
2934.86154253057,0.111170514608855,0.0992224689436474,0.25902237304445,0.332716860652562,"ENSMUSG00000027808"
2504.32555005819,-0.0961618801030703,0.085820750894628,0.25911874907155,0.332802193260745,"ENSMUSG00000014905"
25.5019320344146,0.325250782758593,0.31567676345625,0.259160676990825,0.332829783041944,"ENSMUSG00000060791"
4515.90220395117,-0.0974800905998999,0.0871313817763917,0.259388514374233,0.333096105789189,"ENSMUSG00000002524"
810.672210888764,-0.0968956374788825,0.0865588244599051,0.259464149055202,0.333166949461275,"ENSMUSG00000020564"
5667.90898796753,-0.0858883714550188,0.076617393064245,0.259496289866664,0.333181937722792,"ENSMUSG00000026277"
14.4954474024378,0.46959144352809,0.616320093476449,0.259742919688053,0.333472296449415,"ENSMUSG00000035459"
1219.31704356662,0.115033066430498,0.102863596563492,0.2598478862669,0.333580748631909,"ENSMUSG00000020706"
523.561570385546,0.202689430390939,0.185077330569057,0.259931410993139,0.333661659817547,"ENSMUSG00000020389"
18.3152823792017,0.376931328113045,0.384112553731799,0.260162958472017,0.333932553067931,"ENSMUSG00000044056"
905.764850967378,-0.121190239771329,0.108754979619208,0.260263998430752,0.334035903686492,"ENSMUSG00000035047"
4460.65843533524,0.0935332271499358,0.082975784601938,0.260318540326745,0.334079564761806,"ENSMUSG00000024286"
397.712273745351,-0.149781806713757,0.135390843105116,0.260431548042128,0.334198245094975,"ENSMUSG00000034442"
525.201978234927,-0.13448867301063,0.121170918678613,0.260497623801611,0.334256686129798,"ENSMUSG00000040464"
298.762231216809,-0.134004240775886,0.120870632924351,0.260672233391728,0.33445437180977,"ENSMUSG00000041079"
136.061963280305,0.259453273740328,0.243030732954541,0.260780359878078,0.334566732195409,"ENSMUSG00000041117"
2749.55418456552,0.0844523157232962,0.0754445170884623,0.260811740778017,0.334580622301565,"ENSMUSG00000026626"
932.394883890716,0.100181531844373,0.089625601666534,0.260974097321051,0.334762518218445,"ENSMUSG00000043262"
967.615320361059,-0.0988222518040883,0.0885921033529766,0.261004469081265,0.334775096344247,"ENSMUSG00000026810"
1464.871556398,-0.121709035354485,0.10962302084313,0.26122130075375,0.335026814817959,"ENSMUSG00000040661"
453.75527390103,-0.169094524380794,0.153872927520219,0.261296016194098,0.33509623821063,"ENSMUSG00000022571"
1998.45428307356,-0.0831139191718122,0.0745577963092841,0.261430467347821,0.335242252047253,"ENSMUSG00000054309"
1833.27205211409,0.0791047555185491,0.0706281628455332,0.261654700921083,0.335476939318951,"ENSMUSG00000021149"
534.246416640283,-0.157680886569823,0.143478500942865,0.261637104929448,0.335476939318951,"ENSMUSG00000039356"
640.228178441517,0.203067950375318,0.186108051910903,0.261800656498413,0.335637637747591,"ENSMUSG00000031870"
2814.10052251295,0.115347960465797,0.11016499872322,0.261827025702263,0.33564500900783,"ENSMUSG00000028957"
565.340990498499,-0.177150956252854,0.161862605546521,0.261964847090496,0.335795242219001,"ENSMUSG00000111551"
368.209848296203,-0.114903253390995,0.103495408669917,0.262037284686256,0.335835203536956,"ENSMUSG00000026471"
2849.71038309193,0.0882247032942031,0.0790220798128692,0.262018532227249,0.335835203536956,"ENSMUSG00000046671"
5958.10836016844,-0.101707458320787,0.0914604669110778,0.262279644003386,0.33611935483287,"ENSMUSG00000074698"
2385.59304664916,-0.126667601837439,0.116030489846436,0.262507348515376,0.33637121164887,"ENSMUSG00000019977"
56.8319036213625,0.292757656686108,0.280334620680834,0.262517500478391,0.33637121164887,"ENSMUSG00000020377"
728.013162471597,-0.118847245999581,0.107263250360607,0.262541327068016,0.336375263440627,"ENSMUSG00000038335"
31.5966133131068,0.34571342369475,0.345040766175022,0.262670131274237,0.336513804256417,"ENSMUSG00000068245"
159.235785600538,0.20244721818702,0.186272830707393,0.263248876653278,0.337228709700328,"ENSMUSG00000016087"
1529.46136434069,-0.131271078515771,0.122190868660071,0.263601312699599,0.33765361725874,"ENSMUSG00000019710"
1521.51824687993,-0.0934733266519962,0.0842197590674653,0.263745106114078,0.337811223331888,"ENSMUSG00000018565"
1216.22814841891,0.155653852256017,0.141566168374236,0.263894137323029,0.337975512772955,"ENSMUSG00000070000"
8.98050475170305,-0.438737876885883,0.505337040071444,0.263923383333268,0.337986376673663,"ENSMUSG00000106067"
19.239835700878,0.4212557897418,0.466524267247466,0.264029102077242,0.338095163909168,"ENSMUSG00000024552"
4399.44710685243,-0.0939572939871376,0.0847130133064591,0.264105703937289,0.338166652142782,"ENSMUSG00000036104"
574.368605641928,0.12779116750909,0.115600964883547,0.264136909506979,0.338180007311201,"ENSMUSG00000027845"
22711.8994143775,0.103621277434209,0.0932764111452704,0.264446291651316,0.338522863754335,"ENSMUSG00000020849"
898.143050724882,0.0902276719349634,0.0812459392762029,0.264443639366998,0.338522863754335,"ENSMUSG00000053333"
2033.02893183928,0.095815686812863,0.0863310554079001,0.264683696155925,0.338800126289702,"ENSMUSG00000022305"
35.5155128402629,0.355813256837088,0.359368955554826,0.264722340339464,0.338822948265906,"ENSMUSG00000117975"
9.13874479465051,-0.463917607623642,0.599413388413657,0.264794586303455,0.338888770803337,"ENSMUSG00000087235"
468.529358625783,0.193592894764881,0.178284239031101,0.264904161150956,0.339002353397426,"ENSMUSG00000068874"
11.9591638514582,0.404725135552738,0.434299899624324,0.264933698727793,0.339013501131281,"ENSMUSG00000042345"
1093.74093205545,0.187226004578193,0.172085836935689,0.264990011002953,0.33905890576215,"ENSMUSG00000072294"
1097.19182950135,0.175676176524761,0.161064551486958,0.26549207006833,0.339647902905712,"ENSMUSG00000039556"
3402.22363561943,0.0982514568202876,0.0886714071047399,0.265479614274307,0.339647902905712,"ENSMUSG00000041231"
24.8584005336643,0.350718271613766,0.354718529588606,0.265532372129355,0.339672766485001,"ENSMUSG00000056888"
1793.03954214708,-0.158153677275731,0.144975082013433,0.265873326642015,0.340082194804237,"ENSMUSG00000038002"
19.3117691955427,0.349919364985018,0.352850671001818,0.266153157805304,0.34041338121747,"ENSMUSG00000027456"
19.4613756711795,-0.361531965184284,0.37029948841796,0.266293534052873,0.34056616493657,"ENSMUSG00000038782"
15.2755265240546,0.406172622371455,0.439230472466071,0.266344823144296,0.340604998911371,"ENSMUSG00000028417"
15.1988749399159,0.426138089807447,0.479832073732419,0.266574455941895,0.340871876969534,"ENSMUSG00000092162"
2985.66900899647,0.117127893337701,0.106352569562407,0.266692964772434,0.340996628746027,"ENSMUSG00000029544"
12.5730162867298,-0.408262562216686,0.449607424920421,0.266844545441113,0.341148687928842,"ENSMUSG00000028553"
47.1980020640262,-0.260018960946301,0.247988299390161,0.266853805344511,0.341148687928842,"ENSMUSG00000035694"
57.8191463586534,0.255448903599857,0.242081257297051,0.266927243723239,0.34121577456627,"ENSMUSG00000096808"
10.4800161973165,0.420012533214157,0.4656882453722,0.267434995307109,0.341837994001501,"ENSMUSG00000047048"
143.1965732038,0.248583080879489,0.235437862148558,0.267498906806921,0.341892839588808,"ENSMUSG00000046808"
627.293094798528,0.12935795731892,0.118048667069597,0.267838801515697,0.342300385575294,"ENSMUSG00000066152"
51.4187078717878,0.295093685514698,0.286817609848809,0.267944588176364,0.342408698880111,"ENSMUSG00000062248"
10.9054442841717,-0.458262079975933,0.578307371062193,0.26818167230462,0.342684768174472,"ENSMUSG00000022651"
183.371987129373,-0.220544037765462,0.207451292335847,0.268237942411064,0.342729766606539,"ENSMUSG00000043572"
795.497277972448,0.144865048276122,0.132449244982565,0.268340802394413,0.342834281561592,"ENSMUSG00000024132"
7711.74267632863,-0.0976405566055678,0.0902765955457479,0.268379893158174,0.342857314458386,"ENSMUSG00000022110"
670.127361983751,0.10316015993328,0.0938443128638989,0.268427187513297,0.342890823066895,"ENSMUSG00000059586"
674.923416573312,-0.11164775279582,0.101939232462882,0.268598019716253,0.343082122170524,"ENSMUSG00000064068"
1038.64499882829,0.116751662120418,0.10651973122543,0.268826640019555,0.343320260963308,"ENSMUSG00000028223"
1924.7164340714,-0.126503246865166,0.115852702098746,0.268823210899274,0.343320260963308,"ENSMUSG00000042298"
177.792524145789,-0.177027129679619,0.164170538903529,0.268869069745474,0.343347510576357,"ENSMUSG00000031387"
2205.2998929585,-0.0908907056669887,0.0828414198628332,0.269051193656753,0.343553132283074,"ENSMUSG00000024072"
171.259849099583,-0.208829172342535,0.195681226865006,0.26925870580597,0.343791137588013,"ENSMUSG00000110206"
1025.61942099702,0.104536286254286,0.0953223389541533,0.26954351688244,0.34412779355391,"ENSMUSG00000021650"
2658.97819661925,-0.115669297417332,0.105946986506619,0.269635390124302,0.344209220906877,"ENSMUSG00000005882"
97.8893622695315,0.233294464387155,0.220057750783249,0.26964958748031,0.344209220906877,"ENSMUSG00000024521"
28491.1262358253,0.0974151907207067,0.0910183877777257,0.269965527911616,0.344585498576436,"ENSMUSG00000039485"
208.125900215792,0.223599213794934,0.210813093099616,0.270299887235639,0.344985225374136,"ENSMUSG00000074579"
138.562673233183,-0.193852368375361,0.18141980554834,0.270514061434453,0.345231508587222,"ENSMUSG00000018672"
1054.68988605547,0.21167577800939,0.198068298331197,0.270986584762509,0.345807433894961,"ENSMUSG00000021215"
1924.09248655614,-0.126408937379734,0.116326517740545,0.271061210687431,0.345875549703692,"ENSMUSG00000039041"
2538.36737468558,0.101073222027318,0.0922859702631551,0.271150599266652,0.345962490583364,"ENSMUSG00000031622"
2352.34718826997,0.161779068729815,0.149562789116297,0.271197587084224,0.345995322717846,"ENSMUSG00000020387"
123.747393417507,-0.223602605119221,0.21202181918049,0.271308088210946,0.34610917397318,"ENSMUSG00000070883"
431.131036979229,-0.184194153489847,0.172224215285377,0.271811485290487,0.346724187568258,"ENSMUSG00000024042"
33.5720482394768,-0.284930515936246,0.278809465905755,0.271835408616784,0.346727533416707,"ENSMUSG00000109335"
244.979416376615,-0.288687015939867,0.283872250104307,0.2719496226925,0.346846036056453,"ENSMUSG00000074220"
4164.20909380917,0.0996245691565566,0.091216491952997,0.272053149313188,0.346923710499027,"ENSMUSG00000014769"
1525.72152563074,0.132667250392391,0.122171920082737,0.272034426100275,0.346923710499027,"ENSMUSG00000029726"
320.739155719494,-0.122802395861274,0.1131082885013,0.272153314392028,0.347024255966899,"ENSMUSG00000019988"
349.536791554521,0.209695019894495,0.197356082077499,0.272288665873128,0.347144183271049,"ENSMUSG00000020956"
1826.07356022127,-0.0906701390591794,0.0831751428071367,0.272290019167266,0.347144183271049,"ENSMUSG00000025580"
76.9726888677448,-0.232373091410513,0.221587301247668,0.272397565503094,0.347254097522074,"ENSMUSG00000090619"
630.11377815317,0.11770877808249,0.10822405726026,0.272490191485692,0.347344975489748,"ENSMUSG00000020253"
374.791146565275,-0.200065355254782,0.188398686835046,0.272546418571717,0.347365768138652,"ENSMUSG00000026278"
58.8796578959875,-0.300662421540376,0.298078595716135,0.272549182372949,0.347365768138652,"ENSMUSG00000038618"
98.2369936332953,-0.207162963124058,0.195439295008988,0.272624296842186,0.3474342992247,"ENSMUSG00000113291"
4103.60909646032,-0.0832769541438121,0.0764780893072091,0.272775941966277,0.347600343144439,"ENSMUSG00000071658"
634.833618066718,0.0926305087975263,0.0848793821178794,0.272856914899987,0.347676310038511,"ENSMUSG00000021598"
2982.32656869977,0.0968871200754166,0.0888884871655294,0.273381516721959,0.348291468730297,"ENSMUSG00000042523"
66.1403664575,-0.274567412726222,0.268268540127521,0.273382485315579,0.348291468730297,"ENSMUSG00000116329"
1932.07419823297,-0.0855304665612287,0.0788342564716513,0.274508298396096,0.349671029133082,"ENSMUSG00000022663"
1519.90356318918,-0.123353493793559,0.114428114971325,0.274503124875619,0.349671029133082,"ENSMUSG00000055493"
26.944136081945,0.347234669167403,0.360573714400462,0.274592030716758,0.349750318936415,"ENSMUSG00000000739"
278.843423805271,0.165732977166196,0.154609856307365,0.274757883241118,0.349934185384471,"ENSMUSG00000032125"
1185.39838696665,-0.0997920419862151,0.0921516719049928,0.274928920989946,0.350124626496194,"ENSMUSG00000000282"
293.625082966957,0.208222518453366,0.197102964008744,0.274980023816788,0.350162311483194,"ENSMUSG00000020275"
54.4184403450953,-0.250433159979596,0.242344823422744,0.275144163033721,0.35034392098427,"ENSMUSG00000031712"
11.3918284539274,0.411370607147942,0.465908722265311,0.275326869921215,0.350549142634144,"ENSMUSG00000056995"
1359.84173671892,-0.122680523228292,0.113919662106123,0.275703888193156,0.351001712185844,"ENSMUSG00000047909"
348.764164047001,0.218003551377824,0.207650286485746,0.27576147339171,0.351047568927055,"ENSMUSG00000111824"
3126.75995883161,-0.0639076468056123,0.0590183726358588,0.276016053033636,0.351344175108033,"ENSMUSG00000003863"
180.960374304924,0.185065797268066,0.174350827621143,0.276442262818676,0.351859187908547,"ENSMUSG00000027459"
13.0867541162185,-0.423787506121708,0.501069221001448,0.276473395210685,0.351871300018727,"ENSMUSG00000001672"
1705.6828694513,-0.1163501886276,0.108053052120933,0.276614907515252,0.352023881208136,"ENSMUSG00000025277"
583.224692113773,0.146045271326338,0.136372473652727,0.276815871154038,0.352252091201175,"ENSMUSG00000031226"
9.14127722316963,-0.449610629203564,0.585497100506628,0.276847736291067,0.352265102114123,"ENSMUSG00000037577"
1149.9743809273,0.137691543217272,0.128293002068859,0.276883402269518,0.35228294686128,"ENSMUSG00000021131"
1651.63942798489,0.0847104726776897,0.0782512842423538,0.277049377648137,0.352466570485062,"ENSMUSG00000020610"
16.7052873807464,0.420494832293234,0.48944776766928,0.277131275290338,0.352543208750869,"ENSMUSG00000048520"
17.5093270251841,-0.374230677896069,0.405105241472984,0.277431565607038,0.352897634207343,"ENSMUSG00000118423"
1987.60818314533,0.0706604015836793,0.0652597851591759,0.277483603980012,0.352936248287751,"ENSMUSG00000062761"
8480.81910354489,0.117512106368456,0.106983254014346,0.277885750912647,0.353420130741156,"ENSMUSG00000028692"
142.745180720557,-0.202177011890745,0.193123541072901,0.278230569217061,0.353831031696509,"ENSMUSG00000033031"
2991.41639084585,0.139006555248274,0.1296618490493,0.278283029169044,0.353870099899515,"ENSMUSG00000073702"
567.331188109655,-0.123607914347662,0.115469982502596,0.278407715754011,0.354000999612857,"ENSMUSG00000087006"
2074.48409155962,0.135517668181954,0.126487209067739,0.278611565182532,0.354232528160685,"ENSMUSG00000046598"
528.468445636049,-0.119363654357254,0.111646717247632,0.27914690624076,0.35488133456791,"ENSMUSG00000021461"
71.9355651794976,0.23818618621579,0.230619633819179,0.279165468063773,0.35488133456791,"ENSMUSG00000051599"
308.194572379289,-0.174931904552258,0.166031827631021,0.279355914333521,0.355095703070518,"ENSMUSG00000048439"
28.7697332273153,0.350388043176294,0.367288484291762,0.279390669252394,0.3551121507059,"ENSMUSG00000030865"
1274.02422431911,0.12536062613683,0.117188843114195,0.279671020554901,0.355412980919094,"ENSMUSG00000034949"
4109.84887684962,0.104586689248076,0.09740860672826,0.279660510706306,0.355412980919094,"ENSMUSG00000045482"
1888.70274842463,-0.173611257964769,0.165131971102932,0.279751954443585,0.355488080751966,"ENSMUSG00000021116"
3136.74739947932,-0.0854746396856118,0.0796938690072267,0.279896909364354,0.35564451570002,"ENSMUSG00000071649"
637.488305501519,-0.168490746247895,0.15982390207295,0.280209261305629,0.356013608767798,"ENSMUSG00000016637"
358.626690829359,-0.142040270091295,0.133802716669644,0.280397790292303,0.356225336016398,"ENSMUSG00000017491"
584.599404851363,-0.11398218025417,0.106728491691167,0.280536597707193,0.356373867447923,"ENSMUSG00000047371"
1652.55213542968,-0.120720221158244,0.113279759197239,0.280595889326859,0.356421372334188,"ENSMUSG00000039512"
141.120376081155,-0.307780579067248,0.313350157294564,0.280664833776915,0.356481130167028,"ENSMUSG00000118434"
907.819813212451,0.196782529431971,0.187856816703182,0.280766682781269,0.356566546624735,"ENSMUSG00000035868"
2137.8339400239,-0.138439534965939,0.130434438619911,0.280775893514919,0.356566546624735,"ENSMUSG00000079641"
115.67486564098,0.26178565184636,0.257795851617571,0.281033192859988,0.356865458567352,"ENSMUSG00000022783"
621.080048569615,0.134800099612656,0.126737730101736,0.28128633855984,0.357131192502697,"ENSMUSG00000030979"
192.342241923537,0.245414441512783,0.239329623622563,0.281282213241752,0.357131192502697,"ENSMUSG00000035711"
461.649172116536,-0.10956795669286,0.10269093826448,0.281448119986229,0.357280862289311,"ENSMUSG00000022760"
14.7736462708171,0.407144875331745,0.471138447184976,0.281430519696336,0.357280862289311,"ENSMUSG00000047798"
45.1984685818002,-0.317439043538869,0.795147580047001,0.281752126282143,0.357638888928628,"ENSMUSG00000115293"
654.861132866247,0.140598584388099,0.132483317692878,0.28187047333982,0.357761213647219,"ENSMUSG00000002326"
17.3105006447119,0.368793483026703,0.397865263761635,0.282106220216446,0.358032516192367,"ENSMUSG00000025479"
135.023929247211,-0.196306669708016,0.188474763899874,0.282154096077987,0.358065360252396,"ENSMUSG00000043336"
1716.84332806786,-0.179636701774445,0.171916769405834,0.282600275469455,0.358580941452394,"ENSMUSG00000020154"
111.158111815869,0.331782788484953,0.346769514546903,0.282604429161614,0.358580941452394,"ENSMUSG00000036523"
5883.0111674674,0.0977591402420924,0.0916062319610535,0.28264200434618,0.358600666153321,"ENSMUSG00000029166"
19.330519477322,-0.332643725693119,0.347358200212373,0.282740325001858,0.358697452293683,"ENSMUSG00000007033"
344.819098430589,-0.194537419439542,0.187494939951764,0.28353289026177,0.359674905523776,"ENSMUSG00000002459"
10.5878031506801,0.415480975638572,0.490886764124016,0.283651828573898,0.359782070708377,"ENSMUSG00000033213"
666.970697029703,-0.133620337993051,0.126470700102535,0.283664470823645,0.359782070708377,"ENSMUSG00000045954"
190.761658512601,0.19780142664077,0.190058933315813,0.283683675976288,0.359782070708377,"ENSMUSG00000047875"
4092.4005560077,-0.332789002549035,0.34853186543182,0.283934443519413,0.360072052945545,"ENSMUSG00000035202"
1445.62192209302,0.178011815706186,0.170139146277782,0.28404275652693,0.360181350061958,"ENSMUSG00000030541"
1656.14656979478,0.088056452266619,0.0826154885427625,0.284165300238651,0.360308674036825,"ENSMUSG00000024346"
2386.87863361418,-0.0715504078166069,0.0671579782182103,0.284427861241366,0.360613499905519,"ENSMUSG00000031652"
46.8188938583598,-0.324280536357149,0.337539970545857,0.284481293855614,0.360653154313215,"ENSMUSG00000035692"
438.877975801284,0.133641626872275,0.126312261512326,0.28450345163032,0.360653156735328,"ENSMUSG00000037221"
1830.65474332125,0.101816473463647,0.0957817409355217,0.284559773359,0.360670250509135,"ENSMUSG00000021536"
866.869652505388,-0.0927841332094264,0.0873672431721986,0.284561249987026,0.360670250509135,"ENSMUSG00000030243"
576.405614328126,-0.113314259172875,0.107066236193557,0.284649948850129,0.360754583259297,"ENSMUSG00000020477"
77.3264317242053,-0.260022155311203,0.25868933348377,0.284944457947387,0.361071608786203,"ENSMUSG00000048200"
969.718347847998,-0.121323599396795,0.114855975184459,0.284923885937743,0.361071608786203,"ENSMUSG00000056698"
67.4096672948758,-0.259905204432656,0.25901981778314,0.285154427422268,0.361309548500014,"ENSMUSG00000026628"
6698.32555497831,-0.122234336358448,0.115924637010135,0.285305454984331,0.361472773679556,"ENSMUSG00000021843"
50.9061718498047,0.296976442445241,0.302069351169984,0.285335830834334,0.361483123536563,"ENSMUSG00000026301"
64.8718570283196,0.281446040354457,0.282863910606403,0.285678723600255,0.361861198565477,"ENSMUSG00000026726"
8121.38187637298,-0.0694441534199573,0.0656312444341707,0.285677716503893,0.361861198565477,"ENSMUSG00000041720"
1602.3355505285,-0.135131281862819,0.128600798336405,0.285832970093617,0.362000240191699,"ENSMUSG00000039205"
146.737356224905,-0.235671986221611,0.232734101861053,0.285819081775199,0.362000240191699,"ENSMUSG00000070371"
875.211202271626,0.349764417005777,0.373297933639502,0.286008856322521,0.362188183376904,"ENSMUSG00000004328"
16.3972489921239,0.388744595636679,0.43738321705967,0.286025869106162,0.362188183376904,"ENSMUSG00000037014"
4329.65599347862,0.121147115642643,0.114110269675372,0.286126534315215,0.362287470876094,"ENSMUSG00000023026"
5676.96663806748,0.0922124465136182,0.0869454007866429,0.2864003558462,0.3626059728136,"ENSMUSG00000072825"
829.837641813068,-0.103908557408343,0.0984971405850016,0.286699720205432,0.362956761977292,"ENSMUSG00000042747"
14.9321250606585,0.381247618890873,0.42465660199265,0.286804123580011,0.363060698626286,"ENSMUSG00000109368"
156.202375318916,0.225284813651174,0.220548230995507,0.286830786188528,0.363066215985759,"ENSMUSG00000004043"
452.824159706178,-0.194530010973768,0.18890637376281,0.286998864360793,0.363222478157751,"ENSMUSG00000000530"
34.5293398363576,0.267903219347214,0.268206926464801,0.286988707556485,0.363222478157751,"ENSMUSG00000081984"
326.759980248222,0.128612882564202,0.122214113071731,0.287113854473214,0.363339759240844,"ENSMUSG00000000489"
6182.31123500403,-0.115807469132145,0.106393731024948,0.287142455070901,0.363347705507162,"ENSMUSG00000041351"
720.018005336184,0.131717413063456,0.125200874890023,0.287169760004861,0.363354011143344,"ENSMUSG00000078570"
264.585800935754,-0.164803860128599,0.158500915812618,0.287342055667355,0.363543757356848,"ENSMUSG00000112226"
3245.11732027461,-0.117834061792058,0.117879043443373,0.287487130459198,0.363699037041644,"ENSMUSG00000021484"
247.29896463091,0.245751075209485,0.243260461005001,0.28752427609994,0.363717762383806,"ENSMUSG00000055137"
77.7078570089608,-0.21767438466694,0.213378685654308,0.287681225875528,0.363888025083677,"ENSMUSG00000070815"
460.58553591853,0.121406975432624,0.115422749771766,0.288041912650982,0.364315948262057,"ENSMUSG00000047669"
6288.74469110301,-0.0755237411821632,0.0714580310650153,0.28810288250723,0.364364751880405,"ENSMUSG00000052337"
1636.35070176804,-0.117990287572368,0.112444784214782,0.288220675835102,0.364485407181774,"ENSMUSG00000020107"
49.3221197091617,0.274543920811431,0.276745958841263,0.288816035611424,0.365209929906219,"ENSMUSG00000118603"
10.3296214552572,0.408540061175814,0.491833246642884,0.289059493869865,0.365489392668453,"ENSMUSG00000001739"
2321.95132437963,0.109942037896613,0.104400931414304,0.289309205148427,0.365776717779114,"ENSMUSG00000030397"
138.965837456115,0.405743573452873,0.755231160974666,0.289384225787318,0.365843152171945,"ENSMUSG00000109523"
2293.07949177728,-0.0862247373521523,0.0819241708504339,0.289449459592456,0.365897204569854,"ENSMUSG00000003199"
14.7681649993335,-0.383560760574143,0.436675958789264,0.289676931214902,0.366156319794703,"ENSMUSG00000046916"
200.563974848868,-0.144246999333966,0.138627750548757,0.289719042108696,0.366181114018585,"ENSMUSG00000038797"
1662.06750197069,-0.11488774921294,0.11060423638901,0.289947767426374,0.366441751410443,"ENSMUSG00000003352"
100.608979258311,0.314836897925445,0.329555241981026,0.290402002359635,0.366958841360824,"ENSMUSG00000027412"
2996.91117581605,-0.0973799216996995,0.0929467881826348,0.290401775558399,0.366958841360824,"ENSMUSG00000060073"
327.506120446791,0.181192825115026,0.175749293806456,0.290873775547546,0.367526454891171,"ENSMUSG00000020287"
257.591197413408,-0.157762496597166,0.152577145587533,0.291024585700991,0.367688466783665,"ENSMUSG00000028413"
40.5784727613683,-0.319080673424997,0.336527362598524,0.291063074640899,0.367708554831553,"ENSMUSG00000039873"
878.27842744135,0.0885234199454742,0.0843558573792987,0.291463787055079,0.368186211833197,"ENSMUSG00000040387"
519.299601898613,0.148827900900214,0.143358190341395,0.291581650768864,0.368306519066933,"ENSMUSG00000051095"
670.762662232287,-0.136933853309586,0.131966871620257,0.291611129217997,0.368315173914537,"ENSMUSG00000055991"
728.292509267854,-0.110379688098324,0.105557314252773,0.29183178166881,0.368565268213584,"ENSMUSG00000079197"
8596.69500413719,0.0836097947136895,0.0796590512821665,0.291864959444965,0.368578573300632,"ENSMUSG00000074748"
1436.47598787505,0.103294796332401,0.0987217644440302,0.292000366082564,0.368720964943913,"ENSMUSG00000021890"
44.558685345989,0.359423135608985,0.396138218461687,0.292069017318235,0.368779046222946,"ENSMUSG00000052392"
13963.0641575895,-0.0762579961447825,0.0727821387127275,0.292108623179803,0.368800447383916,"ENSMUSG00000017707"
495.985150888198,0.116604737033052,0.111811697761764,0.292133488430348,0.368803235975586,"ENSMUSG00000027371"
1973.00147821284,-0.202474478808162,0.199683247827601,0.292269431467131,0.36894624315021,"ENSMUSG00000113890"
201.027176262141,0.177920612217173,0.173296279922792,0.29235562811084,0.368969213396516,"ENSMUSG00000019813"
52.8189888150096,0.278469071173236,0.284205844994416,0.292347685799278,0.368969213396516,"ENSMUSG00000050010"
3485.23573209307,0.130872741684552,0.125733623447798,0.292347390935517,0.368969213396516,"ENSMUSG00000055762"
15901.6886862406,0.0949099473928592,0.0909365271702554,0.292581745466809,0.36922595958669,"ENSMUSG00000036427"
140.166419014722,-0.192710602217916,0.189466909928091,0.292700941438486,0.369347746103541,"ENSMUSG00000044921"
1474.93275375153,-0.131092549690959,0.121942284263123,0.293200404429773,0.369924875958491,"ENSMUSG00000002763"
1132.41125994716,0.11749089457101,0.11288906190201,0.293203756580443,0.369924875958491,"ENSMUSG00000014177"
3386.75083023715,0.124835579465617,0.120092940282072,0.293304221889098,0.369965604332487,"ENSMUSG00000024238"
861.237206795651,-0.1013451291884,0.0972884497738546,0.293301242507887,0.369965604332487,"ENSMUSG00000049305"
10.8891009226116,0.399575529645009,0.472283079460668,0.293281875442072,0.369965604332487,"ENSMUSG00000118619"
77.2326276403143,-0.220661185832172,0.219609296538297,0.29349243870846,0.370174331109276,"ENSMUSG00000046450"
3120.16936213519,-0.0964890786492708,0.0922466635014907,0.293763505492725,0.370487513938992,"ENSMUSG00000021520"
130.746012023528,-0.188510759634605,0.185204176017534,0.293937280705759,0.370677955944248,"ENSMUSG00000044317"
9.38865329688448,0.432670927033078,0.570699868502861,0.293980174450056,0.370703329436673,"ENSMUSG00000103409"
212.510931680113,0.181255226142655,0.17745978071112,0.294126593306224,0.370859232055671,"ENSMUSG00000039683"
1864.46731215756,-0.102219554440388,0.0983576932604561,0.294152580935292,0.370863272594275,"ENSMUSG00000018559"
2772.14745051068,0.138506289316815,0.133835842337574,0.294225172464123,0.370926065471731,"ENSMUSG00000029860"
519.035465093727,-0.148767518384604,0.144750571619409,0.294341413934736,0.371043873308266,"ENSMUSG00000033294"
3452.80125865594,-0.080906664957516,0.0775818538402587,0.294522401736462,0.371243275163863,"ENSMUSG00000032047"
1065.21075952108,0.16382861203845,0.159554480538483,0.294565263040285,0.371268552208267,"ENSMUSG00000025962"
937.986518472742,-0.111716561613125,0.107831757262226,0.294832850722017,0.371577047387194,"ENSMUSG00000057069"
28.8943480988475,0.281212678130476,0.289896353832154,0.295669243885749,0.372602303319054,"ENSMUSG00000043286"
1769.31471438337,0.0873817168429004,0.083311127509048,0.295898843731296,0.372862778933119,"ENSMUSG00000034189"
96.8747260713964,0.239329282943104,0.24074500508268,0.295987586603637,0.372945733782336,"ENSMUSG00000022440"
842.929112511825,-0.111654828133197,0.107286447711643,0.29601469146819,0.372951017625325,"ENSMUSG00000045598"
31.2846902951408,0.279815778017262,0.288718132004622,0.296278339486387,0.373254299989119,"ENSMUSG00000027306"
1716.32992912518,0.0705169049121919,0.0677500045658729,0.296377915371608,0.373350851758166,"ENSMUSG00000026670"
39.082112690912,0.329161033025967,0.353679987223474,0.296453106540297,0.373416673238641,"ENSMUSG00000096727"
19.264257199869,-0.330516166732801,0.358428122616658,0.296685629543167,0.373680646680879,"ENSMUSG00000092051"
912.095204472435,-0.110463032012596,0.106504456066951,0.296709403479929,0.373681676583852,"ENSMUSG00000020219"
1764.17177967805,-0.108698684452597,0.105313636425043,0.296906349167349,0.373900785374137,"ENSMUSG00000069744"
1925.08504853367,0.0843754205365081,0.0812979829750408,0.297138938085605,0.374164743108028,"ENSMUSG00000062963"
49.3226250034401,0.26033634643522,0.265967599796689,0.297709125860365,0.374824746751878,"ENSMUSG00000027831"
104.643053837568,-0.258328404668337,0.264872239712235,0.297690468001519,0.374824746751878,"ENSMUSG00000111594"
14984.9062521104,0.0775005419685625,0.0743901097408645,0.297788995892653,0.374896308982258,"ENSMUSG00000029461"
1307.30772434925,-0.0968505265423566,0.0938129184596661,0.297872688083356,0.374972671612471,"ENSMUSG00000018761"
3904.64583748196,-0.123500625413164,0.120584225758662,0.298008273426218,0.375114342316113,"ENSMUSG00000042520"
2787.96868755489,-0.0898592986912789,0.0869857397256928,0.298061215570095,0.375151973018636,"ENSMUSG00000020694"
1361.05213462551,-0.142226382858077,0.139273865675725,0.298230128300534,0.375308318446274,"ENSMUSG00000037553"
1013.78096531306,-0.419630137987604,0.554019943119924,0.298231545589296,0.375308318446274,"ENSMUSG00000078889"
2971.49068102593,-0.133366965138019,0.130391586787487,0.298439633162541,0.375541152490711,"ENSMUSG00000032601"
203.290142198886,0.151301156538946,0.148096999553997,0.298537128731552,0.375634797981928,"ENSMUSG00000035509"
271.451730164947,-0.139483592017425,0.136648726352091,0.298881980692206,0.37603964149851,"ENSMUSG00000004233"
3099.40529829202,-0.123608329665224,0.118059194480261,0.298938150734352,0.376052180653307,"ENSMUSG00000021892"
10.3451402447668,-0.401409118096855,0.491206687573102,0.298925525998506,0.376052180653307,"ENSMUSG00000114083"
1138.91144532284,-0.182884454465184,0.181762539847924,0.299176495164228,0.376322926225431,"ENSMUSG00000026005"
214.292365036387,-0.170962882841656,0.16917175665463,0.299484632339101,0.376681412858591,"ENSMUSG00000046280"
232.408660405554,-0.171028192675529,0.169306699949462,0.299538027517737,0.376719463179613,"ENSMUSG00000035878"
17379.0201935946,0.172316814180775,0.170249108076336,0.299717767683657,0.376916395422942,"ENSMUSG00000026452"
784.375789751159,-0.107398542135731,0.104687990084633,0.299741342960656,0.376916923963968,"ENSMUSG00000045160"
104.213241418799,0.219970736475603,0.221293580370728,0.300116022120418,0.377358922298484,"ENSMUSG00000001918"
822.533512506967,0.129328667272107,0.126491552863573,0.30055074741205,0.377876347136275,"ENSMUSG00000107877"
85.7273595253067,-0.323524394278299,0.351842084633985,0.300709061367343,0.378016997523949,"ENSMUSG00000042622"
1043.5812703367,0.111795178985971,0.109065992333548,0.300693402513623,0.378016997523949,"ENSMUSG00000057858"
1341.43364266019,-0.123900553212185,0.122671016713561,0.300854920661955,0.378171150466046,"ENSMUSG00000021706"
43.3018647762387,-0.269235732324052,0.279619958088521,0.300884218348816,0.378178774324919,"ENSMUSG00000117729"
2329.05662283198,0.108340293915981,0.105733722338646,0.300956021641573,0.378210616867253,"ENSMUSG00000067629"
41.6450574345008,-0.40139059742202,0.49845061691308,0.300950423274367,0.378210616867253,"ENSMUSG00000067768"
373.006874667647,-0.195335897447008,0.195619760012837,0.301019327087688,0.378260970073597,"ENSMUSG00000020053"
32.7785760587916,0.298779298381464,0.316401386045011,0.301233999465623,0.378501508552791,"ENSMUSG00000031880"
12.3907612536265,-0.395328577115008,0.482270546006182,0.301274558796862,0.378523253171914,"ENSMUSG00000061561"
1291.97547450352,0.169995190868063,0.168127359038193,0.301344029904817,0.378581316569469,"ENSMUSG00000022505"
1473.83810563348,-0.119777580745705,0.117374963624546,0.301850390270884,0.379188196699294,"ENSMUSG00000074886"
16.8379388375952,0.370017969071044,0.427606083260642,0.301917876430922,0.379243706500698,"ENSMUSG00000025257"
3362.12612514344,0.0986483464628459,0.096227572223324,0.302148493914585,0.379504103699199,"ENSMUSG00000006941"
2168.63672144408,-0.0718534128816536,0.0700333396861316,0.302503188255551,0.379920291522556,"ENSMUSG00000053453"
189.6690353623,-0.158649608400927,0.157482808194161,0.302648492778884,0.380073458220542,"ENSMUSG00000078808"
1464.29440516337,0.133133283904957,0.123144870040921,0.3027379983926,0.380156533042872,"ENSMUSG00000031816"
625.655181835549,0.15137275255026,0.149530406099657,0.302843406756831,0.380259563035151,"ENSMUSG00000025529"
1496.85339464986,0.089312669961339,0.087167449601949,0.302912487795691,0.380316966937004,"ENSMUSG00000037353"
119.19270800763,-0.215974462581803,0.21918067399841,0.303061665687285,0.380474918560668,"ENSMUSG00000113978"
495.506773272408,0.146387007945413,0.144611150268987,0.303416893536153,0.380891508674442,"ENSMUSG00000020778"
299.762945055458,0.162380925525643,0.161160233194338,0.303493939794665,0.380958848856999,"ENSMUSG00000069892"
51.8410877166952,0.374307151203097,0.440529646090271,0.303865232458379,0.381366095139359,"ENSMUSG00000043020"
8519.94298497779,-0.11172228022266,0.110067387576397,0.303860687308571,0.381366095139359,"ENSMUSG00000062151"
2473.97233973111,-0.0852335450994947,0.0824596636128012,0.304063211880993,0.38158514863918,"ENSMUSG00000050856"
446.980510553602,-0.120765679129081,0.119266514472571,0.304645683083779,0.382286650419192,"ENSMUSG00000024766"
882.811260183618,-0.0978177139016987,0.0961621853310947,0.304714009763902,0.382327061669913,"ENSMUSG00000025155"
1344.16529824964,0.108884728427876,0.107031136448659,0.304724861660244,0.382327061669913,"ENSMUSG00000032869"
679.780866033204,0.146848205980363,0.145571840579461,0.304756743531641,0.38233759315669,"ENSMUSG00000046947"
102.666244679336,0.188693464823236,0.189560538031383,0.304814211204415,0.382358831051681,"ENSMUSG00000030924"
646.369936051481,-0.0922476925886906,0.090625199960108,0.304820650605582,0.382358831051681,"ENSMUSG00000070953"
197.38832332026,-0.168068895621748,0.168285488894788,0.304972377249123,0.38251967613355,"ENSMUSG00000080717"
12191.1042424596,0.0739357593392665,0.0718151029283005,0.305073741983977,0.382617333539963,"ENSMUSG00000079477"
74.5925352615839,-0.234075495213032,0.240654337279607,0.305183227178544,0.382725159631151,"ENSMUSG00000085787"
298.877773701595,-0.159589521883921,0.159322085368246,0.305420466945303,0.38299317163051,"ENSMUSG00000028978"
3034.7238180217,-0.174535260344905,0.175696084880587,0.305670778687269,0.383277533159094,"ENSMUSG00000041560"
839.193134056424,-0.0984253110445583,0.09700899747156,0.305799276256453,0.383409121073908,"ENSMUSG00000073987"
1210.72481182363,-0.0848086690237106,0.0834246787644688,0.305823116503171,0.383409480163172,"ENSMUSG00000032526"
640.601332428074,0.175562879565267,0.175743104906254,0.305877581959212,0.383448230968969,"ENSMUSG00000056394"
2413.98413594516,0.0804470606849252,0.078963793560212,0.306106469984473,0.38370561515534,"ENSMUSG00000033047"
25.1004432156744,0.395621164411128,0.507752440027246,0.306348186734715,0.383979039321452,"ENSMUSG00000021575"
1396.85223489942,0.105394183287304,0.104182315070715,0.306730933881804,0.384429176295658,"ENSMUSG00000017765"
709.530384976808,0.179554219063279,0.180385395760195,0.306835874019181,0.384531092253771,"ENSMUSG00000034255"
1420.2472767058,-0.0841371286181003,0.0829126203217593,0.306960945503286,0.384658219469014,"ENSMUSG00000004642"
2655.25679096339,0.0765099506097308,0.0752097692208434,0.307512675120936,0.385319938851405,"ENSMUSG00000051375"
1899.9013302686,0.110825284069256,0.1096557036821,0.307873095449036,0.385741860200078,"ENSMUSG00000062867"
1707.72376261777,-0.106909675644741,0.10602972758449,0.308073049380066,0.385962679735913,"ENSMUSG00000062202"
422.406517148271,-0.140265721940761,0.140104949699119,0.308167306804642,0.386051055884713,"ENSMUSG00000044231"
750.93431180876,-0.0943914687884882,0.0934475782463893,0.308443988829574,0.38636792998598,"ENSMUSG00000039427"
2301.87970815667,0.100294707703488,0.0987900521745902,0.308824014700985,0.386814197545602,"ENSMUSG00000018196"
394.232719453985,-0.261097789016405,0.276102056178082,0.30949885118741,0.387629629886025,"ENSMUSG00000098615"
166.008945598709,-0.2195141338242,0.22682234110597,0.309584159241864,0.387706642878832,"ENSMUSG00000036395"
204.220836313384,0.23336447191149,0.241566197207911,0.309714650128118,0.387840224231519,"ENSMUSG00000032109"
2495.92700364429,-0.352303983300956,0.409773990044169,0.309921219886969,0.38806904748616,"ENSMUSG00000045193"
146.370185425706,0.173552990438901,0.175364621166485,0.309970738569265,0.388101198556303,"ENSMUSG00000078201"
393.511728679049,-0.124695365596025,0.124654180794379,0.310153225664655,0.388299815979792,"ENSMUSG00000010751"
2666.24594037318,-0.0837830786176055,0.083110312703634,0.310206032529317,0.388328757822535,"ENSMUSG00000021930"
17.9422844110811,0.361571408530897,0.422840847592058,0.310245617347679,0.388328757822535,"ENSMUSG00000096140"
49.734949319853,0.274123502951359,0.292366469724503,0.310247911013765,0.388328757822535,"ENSMUSG00000116652"
1046.57017007007,-0.12354495938714,0.123539736310306,0.31039465158636,0.388482557167674,"ENSMUSG00000057060"
1176.53446675299,-0.134227131811138,0.134523013425228,0.310472615564243,0.388550260333263,"ENSMUSG00000038542"
543.796829431831,-0.149322870425616,0.150342081242814,0.310519966050668,0.388579643863221,"ENSMUSG00000050312"
1575.60693064094,0.0728893490395705,0.0721485328826091,0.310597806407004,0.388647174470998,"ENSMUSG00000029028"
285.809168597587,0.15538368654857,0.15647002628703,0.310885198623442,0.388976884180814,"ENSMUSG00000095687"
626.705900397502,-0.110744296548765,0.110592404058309,0.310990391693015,0.389078594725917,"ENSMUSG00000031976"
14.6436653734104,-0.354637350803162,0.41650655033916,0.31103451249684,0.389103888289545,"ENSMUSG00000072423"
14.5306525559147,0.354825304883423,0.413021669874019,0.31168465093318,0.389887247205894,"ENSMUSG00000083863"
314.219858982275,-0.168247043346404,0.170874906504499,0.311728096445949,0.389911630086611,"ENSMUSG00000071350"
3023.32065552778,0.0806572010910121,0.0800857520419648,0.311798828814004,0.389970137182816,"ENSMUSG00000001380"
191.73324019067,0.139437194151175,0.140143038712171,0.312159176715743,0.390390832711959,"ENSMUSG00000057143"
15545.8125551202,0.0955186372494648,0.0950503107242646,0.312373568203835,0.390625216146918,"ENSMUSG00000032399"
1577.5683954769,0.120918258543837,0.121057798544437,0.312394585563372,0.390625216146918,"ENSMUSG00000039838"
67.7511159614312,0.252086943787363,0.265318050290097,0.312468306158702,0.390666305348593,"ENSMUSG00000073406"
110.960398097968,-0.189287162931101,0.193824098291581,0.312475445118484,0.390666305348593,"ENSMUSG00000111559"
3153.02410265154,0.0711194963976148,0.070607547682769,0.312725996865629,0.390949525918033,"ENSMUSG00000055670"
13.0903230378471,0.374121936571443,0.450540020692644,0.312975181686995,0.391230994278983,"ENSMUSG00000004939"
1755.32672945251,-0.0937717115446189,0.0938586480865584,0.313510188540912,0.391869680493662,"ENSMUSG00000019856"
2447.40653811292,0.105337629441139,0.105610032950155,0.313623991187788,0.39193035300805,"ENSMUSG00000002844"
12236.5895773198,0.106861907462747,0.106885272939598,0.313630960700507,0.39193035300805,"ENSMUSG00000021700"
1642.17185713667,-0.115441777817596,0.116336981715416,0.313598331894803,0.39193035300805,"ENSMUSG00000066640"
1244.7291450183,-0.0952690498519916,0.0954173375652844,0.313778883347736,0.392085105022986,"ENSMUSG00000019295"
350.92401697096,0.153540833495064,0.155639951536267,0.313871665247264,0.392170936973823,"ENSMUSG00000074863"
998.375354707521,0.100582489800439,0.100686366634403,0.314013902890989,0.392306733506227,"ENSMUSG00000021371"
310.285101975875,-0.106631358290869,0.107068002139047,0.314028550042151,0.392306733506227,"ENSMUSG00000027555"
1788.35381720683,-0.213929542152671,0.223026701087527,0.314727864303431,0.393150080820644,"ENSMUSG00000035237"
268.924367106795,0.165807047413281,0.168787802526913,0.314751926112215,0.393150080820644,"ENSMUSG00000063412"
2204.41134549277,0.10245971943863,0.102699510820779,0.314813315744359,0.393196589709712,"ENSMUSG00000040451"
3191.9907275307,0.0859432049602262,0.085954694868156,0.314937072434415,0.393320980902824,"ENSMUSG00000044068"
73.665019938275,-0.274344458664837,0.296558248740071,0.314965211601498,0.393325946639754,"ENSMUSG00000095430"
617.418739496731,0.114579339946801,0.115195105456047,0.315036702725801,0.393385045026894,"ENSMUSG00000057147"
4918.99161630143,0.0867777535617743,0.0868401575452391,0.31517935884792,0.393532990973877,"ENSMUSG00000034602"
516.838463636728,-0.133707895220441,0.135535295482488,0.315303711744102,0.393658062568683,"ENSMUSG00000046229"
2163.79590159678,-0.0797214521024336,0.0799190861392679,0.315458223942871,0.39382076611259,"ENSMUSG00000037197"
49.3776236115896,0.324778331195461,0.366098483295794,0.315586948337078,0.393922722978412,"ENSMUSG00000031688"
1421.95711614732,-0.0880053396773786,0.088466380526767,0.315588292810018,0.393922722978412,"ENSMUSG00000039253"
1328.01971936174,0.0768569180654431,0.0769045880750288,0.315702346440915,0.394004661148909,"ENSMUSG00000006717"
1394.64637494951,0.0847539872085305,0.0847223485766345,0.315701276543672,0.394004661148909,"ENSMUSG00000038822"
77.6715684200146,0.215703367143332,0.224797618952117,0.315771158230612,0.394030119867988,"ENSMUSG00000022322"
2815.17903599476,-0.075322492212551,0.0755432646088574,0.315757717033265,0.394030119867988,"ENSMUSG00000039050"
33.8519277129219,-0.375410016759106,0.461900192874803,0.315826650407579,0.394069156472066,"ENSMUSG00000042436"
256.550116987967,-0.148984212672188,0.151796598316271,0.315861865858853,0.394082888974508,"ENSMUSG00000001039"
80.2407428528887,-0.217363172467243,0.227579822541391,0.316103746771934,0.394354444355728,"ENSMUSG00000078624"
14.3949877360362,-0.352497657928106,0.415780704192725,0.316129016481162,0.394355746055663,"ENSMUSG00000049010"
105.270174602767,-0.227166741032069,0.239258566929329,0.316192210504487,0.394404352689045,"ENSMUSG00000055313"
2654.96617577513,-0.134265827805676,0.136339044408448,0.316239578354591,0.394433212509082,"ENSMUSG00000032262"
317.341701948906,0.128286427369309,0.129479456135682,0.316301896771987,0.394480713733865,"ENSMUSG00000083594"
2213.90993875533,-0.0830062410878362,0.0833159613743016,0.316513991390337,0.394714989033319,"ENSMUSG00000021497"
174.328973945025,-0.206886831722747,0.215660409571522,0.31662118509002,0.394788177012282,"ENSMUSG00000027896"
1026.98751877816,-0.101756109946617,0.102748389415373,0.316612264520948,0.394788177012282,"ENSMUSG00000030400"
4579.50738650596,-0.113338768268796,0.114753651523477,0.31671318152524,0.394872638546864,"ENSMUSG00000038178"
2695.54024025133,-0.166180734472242,0.17058890635899,0.316831836365554,0.394990321847169,"ENSMUSG00000032705"
22773.6730473763,-0.0875911108224672,0.0881530981278381,0.317077925304776,0.395266845467234,"ENSMUSG00000055065"
855.06487983157,-0.107018907290189,0.108306026481012,0.317700977879287,0.395982888048931,"ENSMUSG00000029388"
446.039001674582,-0.329453959783072,0.379786024386858,0.317689797083893,0.395982888048931,"ENSMUSG00000095597"
1398.65428336545,0.0978689892596691,0.0987142527649332,0.317922108736365,0.396228166756798,"ENSMUSG00000028382"
423.364643041849,0.108216451468808,0.109360705900906,0.317972328437655,0.396260416651978,"ENSMUSG00000022248"
1684.91252084367,0.36519966987338,0.439418866025526,0.318061919529103,0.396341722888674,"ENSMUSG00000024222"
11.0689468352507,0.386378987933677,0.489658197534548,0.31837026333219,0.39669558684334,"ENSMUSG00000097075"
1152.12568159643,0.133037701616796,0.135262857627697,0.318429289000596,0.396738765124508,"ENSMUSG00000024873"
302.013148365642,-0.162194013732529,0.166859229046599,0.31848304908114,0.396775376775049,"ENSMUSG00000042793"
15.8637637560747,0.357814437011041,0.42741349277776,0.318553110154156,0.396832289514759,"ENSMUSG00000027967"
10.3146737255723,0.379677393565898,0.475075650317241,0.318690955124389,0.396940296334889,"ENSMUSG00000007591"
24.9188549240442,0.393417996067714,0.520312652686128,0.318712317819747,0.396940296334889,"ENSMUSG00000026874"
10.2743399240305,-0.379335124685734,0.474501769197512,0.318712966770918,0.396940296334889,"ENSMUSG00000106416"
8081.93988998384,0.0593870622398927,0.0596912351782204,0.318886888232836,0.397103669055373,"ENSMUSG00000020777"
685.615126020235,0.154027804878603,0.151535931541263,0.318892932908947,0.397103669055373,"ENSMUSG00000058392"
9524.72681133495,-0.104803646976249,0.106485893586162,0.319018568143251,0.397229729383909,"ENSMUSG00000020361"
1165.83244316755,-0.0972566683820105,0.0986130476911494,0.319459025923571,0.397747745447751,"ENSMUSG00000036197"
583.995518234396,-0.114393284312294,0.116492488157794,0.319838474348656,0.398189727376476,"ENSMUSG00000030615"
35.7811339709546,-0.373757731968838,0.466814426019398,0.319931756041902,0.398244943400633,"ENSMUSG00000027656"
4955.21332154594,-0.0854630488789532,0.0865714438523298,0.319916622504191,0.398244943400633,"ENSMUSG00000056211"
2006.62176512629,-0.0968788266123698,0.0981673279818538,0.320148733481688,0.398484560606738,"ENSMUSG00000032131"
549.608377533357,-0.185325115653164,0.192983992863921,0.320223500197628,0.398547147046181,"ENSMUSG00000054404"
2981.18811552363,-0.113165279722783,0.115789015043786,0.320470987195668,0.398824673514609,"ENSMUSG00000020091"
39.7990560922597,-0.305586213450766,0.344470995736741,0.320520570836107,0.398825397650982,"ENSMUSG00000045540"
96.5963482385749,0.244985809016106,0.261984570113076,0.320512222038778,0.398825397650982,"ENSMUSG00000046834"
92.0979273784523,-0.272297070476784,0.298757376323144,0.320551136270574,0.398832943224979,"ENSMUSG00000019214"
1613.89011036553,0.0990306180425587,0.100469124577818,0.320737984162229,0.399034920986912,"ENSMUSG00000033938"
1481.10860519837,-0.083964522509417,0.0851097698765915,0.320840490343711,0.399131945113865,"ENSMUSG00000001630"
1139.72659955543,0.142018251709255,0.145629037896986,0.321058041953354,0.399327822755375,"ENSMUSG00000014551"
984.063956717643,-0.128806810623549,0.132004297061521,0.321071540989209,0.399327822755375,"ENSMUSG00000040018"
96.358608479067,-0.209902903075129,0.221264034816134,0.321035173649232,0.399327822755375,"ENSMUSG00000089996"
4534.13885594795,-0.0798073332323682,0.0818559450529138,0.321245279799962,0.399506598200925,"ENSMUSG00000007880"
992.712731970513,-0.0935626432663118,0.0951761562282051,0.321264367271785,0.399506598200925,"ENSMUSG00000032299"
186.198416281884,-0.167228296727857,0.173364371172002,0.321483033627982,0.399747981162347,"ENSMUSG00000032673"
101.555351052979,-0.331555978548786,0.387417081592708,0.321703418997242,0.399991464591896,"ENSMUSG00000056071"
2362.95496125531,0.0958306907326259,0.0973430781102787,0.322135984245686,0.400498705533589,"ENSMUSG00000043207"
403.267831176213,-0.100053704866354,0.102120748641278,0.322390554647065,0.400784592068499,"ENSMUSG00000028626"
7489.36958348374,-0.0765549102078823,0.078982905149591,0.322530175891638,0.400927545106078,"ENSMUSG00000059796"
17.9727501252382,0.350221774958749,0.420016243891403,0.322711034837376,0.401121733741815,"ENSMUSG00000113623"
1061.660782579,0.0919749875660511,0.0935939601804612,0.32283580482623,0.401246180878168,"ENSMUSG00000041716"
126.565125867894,-0.324050155158037,0.376033396626778,0.322905325755656,0.401301946301006,"ENSMUSG00000025498"
81.3863094264017,-0.227656972027841,0.242983103653232,0.322976608370253,0.401359892438428,"ENSMUSG00000043421"
228.839548256032,0.15769781737876,0.163143058467893,0.323177577671915,0.401578977812475,"ENSMUSG00000020653"
35689.907312052,-0.092353300517942,0.0933594797372134,0.323511631904471,0.401963387843751,"ENSMUSG00000030695"
909.499423509466,0.0874714582930702,0.0891541584604773,0.323715273078999,0.402185713263619,"ENSMUSG00000028576"
4410.52077370034,-0.0999482119953777,0.10228811533856,0.323837901137188,0.402245963732251,"ENSMUSG00000022312"
36.9425039496582,0.300601973752157,0.337536093113059,0.323813682799825,0.402245963732251,"ENSMUSG00000099009"
16.4839619124596,0.254463275867087,0.787458407613811,0.32381870514979,0.402245963732251,"ENSMUSG00000116408"
545.297388311398,0.158670663383938,0.164702191253787,0.324795280049652,0.403404362021077,"ENSMUSG00000051650"
26.6306820435051,-0.338420631052484,0.404248612507267,0.324858316398666,0.403451871087014,"ENSMUSG00000030742"
22.376257476217,-0.395184265602116,0.64744537982121,0.324979895559926,0.403572073537112,"ENSMUSG00000109510"
13.0019976013091,0.3517654446908,0.425137821338089,0.325183496838038,0.403794107981508,"ENSMUSG00000020673"
2678.14101636592,-0.148383527775457,0.154608278336677,0.325231786231794,0.403823265925336,"ENSMUSG00000025283"
2234.11887563089,0.0886313966305602,0.090593314240971,0.32529627411354,0.403872530700954,"ENSMUSG00000028330"
145.45952746731,-0.186671197640261,0.785607430271984,0.325396228012882,0.403965817540703,"ENSMUSG00000107705"
3725.44487444884,-0.0773128237258079,0.0791682628923284,0.325773929671546,0.404403876091926,"ENSMUSG00000027006"
33.8581591472479,-0.278285976717151,0.309755535284945,0.325892538567055,0.404520264053265,"ENSMUSG00000042812"
132.090604060912,0.281133611051351,0.312348389025292,0.325923693106328,0.404528088172688,"ENSMUSG00000037321"
4871.55108746622,0.0787556911387226,0.08052888979548,0.326297511856079,0.404961184659443,"ENSMUSG00000032898"
37.2943585841143,-0.263888122354601,0.290978521685998,0.326696015988896,0.405424849299936,"ENSMUSG00000050397"
380.422959133935,-0.105368437601712,0.108696870728794,0.32676854119713,0.405483939137588,"ENSMUSG00000053091"
7618.96259389379,-0.0919518647852028,0.0946612201348778,0.32687640671328,0.405586870072321,"ENSMUSG00000018770"
13.4951843239964,-0.382145465609607,0.500276993147653,0.32691987959011,0.405609893290229,"ENSMUSG00000050014"
15.6237226160734,-0.252948463117403,0.784647456466746,0.327018194673088,0.405700950605025,"ENSMUSG00000082908"
100.914219319227,-0.180650748491542,0.19062049418923,0.327298632165164,0.406017919096521,"ENSMUSG00000090981"
3583.31131448326,0.120238073487515,0.123827166050698,0.327344890536125,0.406044359380251,"ENSMUSG00000090862"
371.552653144649,0.186705539000561,0.197242100154257,0.328075957336951,0.406920179330302,"ENSMUSG00000006378"
214.965232925235,-0.13025762422203,0.135506725254619,0.328187244008409,0.407027196797629,"ENSMUSG00000104318"
1598.95948184905,0.144961745357982,0.151047081934372,0.328619759928586,0.407506257969765,"ENSMUSG00000049517"
25.7097288615584,-0.280732278049405,0.315678578391998,0.328623580806555,0.407506257969765,"ENSMUSG00000055994"
492.4704969743,0.0985717290103815,0.101709028417968,0.328661862952372,0.407522684730249,"ENSMUSG00000028089"
97.730523811622,0.270186900908775,0.30123599459377,0.328771594253356,0.407596649752942,"ENSMUSG00000028036"
622.028344943912,0.123785680684157,0.128996045492437,0.328747954806819,0.407596649752942,"ENSMUSG00000028683"
1334.06626965831,0.107794952792419,0.111114223661469,0.328812093640971,0.407615814506719,"ENSMUSG00000022516"
12.7016746941209,0.376404375030197,0.486749611246198,0.328877120385848,0.407665379655866,"ENSMUSG00000112163"
19.6129249435436,0.361102974698111,0.45146314497151,0.328991716231897,0.407776376823484,"ENSMUSG00000086278"
64.016132490982,0.294869251385732,0.334020600989244,0.329261590916767,0.408079806376057,"ENSMUSG00000094800"
671.566327066927,-0.103425476356943,0.107295504201252,0.329642747515713,0.408490000309133,"ENSMUSG00000031174"
398.45129028778,0.1514077011453,0.158547157854938,0.329639205947746,0.408490000309133,"ENSMUSG00000047635"
63.5054327848456,0.363823218355847,0.45623455151309,0.329816465713893,0.408674159160444,"ENSMUSG00000048489"
630.302971565827,0.123208800191386,0.128133653234454,0.330250411370639,0.409180712154914,"ENSMUSG00000038507"
3938.48349171286,-0.0914012048884883,0.0948501567706412,0.330448628296822,0.409395142051577,"ENSMUSG00000042350"
12.878722821404,-0.364251386568844,0.462602801634845,0.330849696253203,0.409860833760246,"ENSMUSG00000032028"
86804.9639148599,-0.13376197170359,0.141992988268437,0.330962342125625,0.40996918081736,"ENSMUSG00000101249"
210.412116299846,-0.199186762806082,0.213679610352047,0.331041163335524,0.410035615338279,"ENSMUSG00000028270"
51.2044003685944,-0.2271388323318,0.247430361777282,0.331340162959719,0.410374737324682,"ENSMUSG00000020928"
6494.3441896757,0.0980700524951407,0.111193485135782,0.331424540337506,0.410448011839161,"ENSMUSG00000074212"
4208.62681143964,-0.0907052451363431,0.0942046349878147,0.331509613021839,0.410475593757666,"ENSMUSG00000022354"
4685.66369563532,0.163963337400644,0.172873187358877,0.331547678260585,0.410475593757666,"ENSMUSG00000030111"
97.8810535165471,0.159783576552718,0.168478897660243,0.331530472125544,0.410475593757666,"ENSMUSG00000060244"
2569.34368550414,-0.128867809334987,0.12876252326452,0.331502945574367,0.410475593757666,"ENSMUSG00000099083"
863.9712773255,-0.101937100826862,0.105793534170338,0.331933030440599,0.410921428968901,"ENSMUSG00000032939"
4057.2431644906,0.115798630024716,0.120690414113259,0.332204563359388,0.411226302841377,"ENSMUSG00000012848"
32.0732389158602,0.317913018152258,0.373324273919963,0.332341614504589,0.411364671956938,"ENSMUSG00000038840"
1080.82858528945,-0.105600467670338,0.110481212427536,0.33270904369971,0.411788154907534,"ENSMUSG00000058761"
4865.74175048523,-0.0595666985086691,0.0618380257935331,0.332786473176205,0.411852673181955,"ENSMUSG00000034850"
8856.88350096919,-0.108831911102387,0.114398391847775,0.332897197487324,0.411958383814707,"ENSMUSG00000006818"
6617.42792370108,-0.102720763718274,0.107358417138796,0.332950240656975,0.4119927037183,"ENSMUSG00000070493"
2200.23731819744,-0.143694225388845,0.151761903009497,0.333029698696324,0.412059701685828,"ENSMUSG00000022211"
20.304498695038,-0.352438828564096,0.440526836154565,0.333185262828523,0.412213939689834,"ENSMUSG00000024903"
122.289805485799,0.241236651559492,0.265244797791857,0.333205001747072,0.412213939689834,"ENSMUSG00000114367"
13.6671254980537,-0.329196394710664,0.395844810123646,0.333318554421421,0.412323081455422,"ENSMUSG00000049387"
671.206255340392,-0.0832792227415204,0.0867230434972173,0.333430811528488,0.412430604107958,"ENSMUSG00000032602"
2218.09036807875,-0.169095036591772,0.180265376755266,0.333487195814477,0.412469004898416,"ENSMUSG00000031239"
304.737756753468,-0.153907137836843,0.163110877061397,0.333587245986355,0.412561403294779,"ENSMUSG00000055633"
225.236726330611,0.171724195977568,0.182470844134465,0.333655033182085,0.412613889701282,"ENSMUSG00000045867"
14376.1743113679,-0.120636074884713,0.126724833475163,0.333722553764067,0.412666038451191,"ENSMUSG00000031010"
1158.66769216194,-0.0889027701438618,0.0927836357308846,0.333807073075232,0.412739197532748,"ENSMUSG00000038671"
1598.86270897045,0.0734642702733818,0.0763935340069007,0.33453581600763,0.413451826966229,"ENSMUSG00000005078"
554.772308273504,-0.136167377722691,0.144007715133871,0.334488755219527,0.413451826966229,"ENSMUSG00000021928"
13.3462490360639,0.338886002703033,0.413263475726361,0.334477107834732,0.413451826966229,"ENSMUSG00000025317"
102.014123140196,0.241897841863103,0.267707201189502,0.334527553976492,0.413451826966229,"ENSMUSG00000028681"
214.306503606159,-0.180322071008792,0.193398137629912,0.334448444314583,0.413451826966229,"ENSMUSG00000029499"
27.7572016879357,-0.348823505258611,0.436070570196219,0.334430066541752,0.413451826966229,"ENSMUSG00000032690"
56.6100470215907,0.274843622111141,0.311915659407222,0.334657181603311,0.413570422269868,"ENSMUSG00000045751"
3252.61560394584,0.102951357240776,0.110237540462563,0.334770115451491,0.413678580377999,"ENSMUSG00000042873"
11.8261597082624,0.399115000071371,0.606680546994475,0.334824865923835,0.413714829778972,"ENSMUSG00000096006"
225.885421594188,-0.167359586497803,0.178997872113433,0.33492320288895,0.413804925740138,"ENSMUSG00000041471"
2219.03644923161,-0.104502058214809,0.109701878930484,0.335177995420984,0.414088297621644,"ENSMUSG00000032913"
17.3437897217195,-0.314545794421916,0.373177407417073,0.335257287635333,0.414154824931923,"ENSMUSG00000036172"
3526.94213177954,0.0931842611474473,0.0969225418933916,0.335822101939761,0.414821078720249,"ENSMUSG00000027804"
1393.39102063276,-0.0729459349346583,0.0763171377318908,0.336281508878573,0.415357037827257,"ENSMUSG00000057388"
32.8799232231692,0.336478700969633,0.416286354885298,0.336478904775825,0.415569318053178,"ENSMUSG00000022034"
14.7274391680315,-0.371181542283729,0.522364422221921,0.336527396602563,0.415597675585807,"ENSMUSG00000000385"
1006.25249861182,-0.095112809220117,0.0999978811086432,0.336982867096883,0.416100728743074,"ENSMUSG00000017999"
9.31855758799967,0.3752996703479,0.500501925420308,0.336985864788054,0.416100728743074,"ENSMUSG00000049561"
11553.340990947,-0.0760987577163807,0.0799960754397304,0.337143569555013,0.416263882373824,"ENSMUSG00000031818"
2611.2851187448,-0.0932516034669784,0.0984932856833121,0.337240598209,0.416352101452113,"ENSMUSG00000024231"
13.3530042725334,-0.332676006483439,0.408009167846122,0.337355758006998,0.416462689886085,"ENSMUSG00000106499"
747.326477190892,0.0883195453847524,0.0926142029464111,0.337579886174247,0.416707771831682,"ENSMUSG00000086922"
3404.07340477422,0.0800348950398519,0.0838868367117419,0.337741439830179,0.416875580645712,"ENSMUSG00000038552"
467.902105114971,-0.0982280175104642,0.103553502312194,0.337946943506507,0.417056874799146,"ENSMUSG00000029600"
1915.42801881754,-0.0751340849392852,0.0789675395792659,0.337965182176897,0.417056874799146,"ENSMUSG00000040151"
55.0526001375429,-0.319511688880905,0.384473244980596,0.337942371574553,0.417056874799146,"ENSMUSG00000072620"
396.938320861511,0.103154442789201,0.108631287900355,0.338156068690624,0.417236371927111,"ENSMUSG00000020056"
139.493733060619,0.172644381095063,0.185352062275106,0.338161902864872,0.417236371927111,"ENSMUSG00000034303"
5397.65438037319,-0.0884180941921914,0.093148283049943,0.338272112669574,0.41734071926901,"ENSMUSG00000032187"
43389.0365952006,-0.0972817076368593,0.101634360177321,0.338494137748695,0.417582991608432,"ENSMUSG00000036564"
1033.24342638438,-0.0969083641741295,0.102379197001616,0.338600494131245,0.417682543457745,"ENSMUSG00000074030"
12.3912230642231,-0.37293049440009,0.501378611492008,0.338897360952309,0.418017067635196,"ENSMUSG00000005864"
15.1469161615899,-0.373278066322201,0.511813184854831,0.338944507322896,0.418043543734059,"ENSMUSG00000028186"
2089.04235910991,0.113281795047669,0.11970540215196,0.339146721442114,0.418261257037255,"ENSMUSG00000032116"
7941.72600198806,-0.068491427767607,0.0721011986311961,0.339529703396312,0.418701856960998,"ENSMUSG00000020149"
820.142945079913,-0.0835795463895762,0.0881941157437952,0.339625312580487,0.418788034102353,"ENSMUSG00000032834"
140.153685242283,-0.193494431817508,0.211058622403176,0.339751367536825,0.418880009146742,"ENSMUSG00000005951"
1110.07451545247,-0.105336140897213,0.111648994686049,0.339746861494174,0.418880009146742,"ENSMUSG00000024101"
961.049425604151,-0.0828022870981274,0.0874441757856147,0.339872939313894,0.418998160114478,"ENSMUSG00000030766"
18.4642946073242,0.373046723264288,0.500040628473922,0.340209737590694,0.419381606096276,"ENSMUSG00000069307"
179.195104484879,0.167037915574689,0.180022246596348,0.340257112533745,0.41940824457249,"ENSMUSG00000038022"
917.994554877121,-0.130297597618749,0.139255435954812,0.34037036692191,0.419516077288926,"ENSMUSG00000056919"
207.349955344138,-0.178723191996433,0.194349545185477,0.340491572393844,0.419633692870002,"ENSMUSG00000091183"
10.8992329249683,-0.378004416256783,0.536112741050432,0.34055472379919,0.419679748202227,"ENSMUSG00000031325"
1587.60747036093,-0.0735414642433573,0.0777350906089886,0.340805093895965,0.419956496475286,"ENSMUSG00000024604"
3036.58692222019,0.112893963018096,0.119939764740752,0.340878226494615,0.420014818778242,"ENSMUSG00000041685"
15.8965456183781,0.387756211685742,0.561335311963575,0.341050376896989,0.420186251491054,"ENSMUSG00000024215"
353.873529412947,0.11961221751312,0.12703841949553,0.34106898519175,0.420186251491054,"ENSMUSG00000028758"
113.42897205951,-0.183787315712263,0.200430807096373,0.341283190602484,0.420418327276164,"ENSMUSG00000098789"
419.451047538407,0.116720416651623,0.124121940559813,0.341374898817844,0.420499478089812,"ENSMUSG00000056131"
13.1571139546482,-0.380184075262004,0.558717161211989,0.34140324290652,0.420502571733681,"ENSMUSG00000030730"
15.2101254905791,0.333856860428636,0.413339681370531,0.342187654178754,0.421410487000523,"ENSMUSG00000062518"
20.8318170862868,0.302663595441676,0.359136879062876,0.342192149967619,0.421410487000523,"ENSMUSG00000072664"
6296.70768544195,-0.0802713728924293,0.0851897779646446,0.3422673669948,0.421471230799709,"ENSMUSG00000041645"
1789.71382455207,-0.0928069446628173,0.0986884827170912,0.342351465723971,0.421542901592648,"ENSMUSG00000074102"
114.094031045153,0.156649589072868,0.168953956399447,0.342754944712703,0.422007789882261,"ENSMUSG00000078451"
34.8841485407443,0.275577681337648,0.318419962029126,0.342862529621032,0.422108323791496,"ENSMUSG00000110360"
704.885455711422,-0.154362483472776,0.167095789040318,0.342959237044078,0.422195451909816,"ENSMUSG00000002767"
917.544091792874,-0.119411343499952,0.127961284222826,0.343136998910997,0.422382340311042,"ENSMUSG00000043424"
20.9706392362279,-0.303870899095942,0.367392921550963,0.34342438542392,0.422704132017434,"ENSMUSG00000057137"
795.678394583269,0.132621838430096,0.142328491074154,0.343907763279928,0.42326709289813,"ENSMUSG00000054509"
23.7640571911999,-0.29657619951396,0.352489148513566,0.343941235576817,0.423276285833479,"ENSMUSG00000073111"
549.079385443744,0.0870620399372141,0.092794245887822,0.345243839303982,0.424847234365756,"ENSMUSG00000028334"
47.5517618122873,0.224304948429073,0.251310249845571,0.345336225468265,0.42492879871286,"ENSMUSG00000064141"
9.53726415034727,0.360976351796499,0.4776198339739,0.345599556272853,0.425220678534354,"ENSMUSG00000021499"
306.830283862791,-0.158103747617169,0.172391279674196,0.345720985942445,0.425337934333846,"ENSMUSG00000009687"
6435.09486158785,-0.108677791075322,0.119012422665702,0.345776027904953,0.425373502285129,"ENSMUSG00000025240"
47.1966588954524,-0.263018107063073,0.304648353501494,0.345959097704474,0.425566552741889,"ENSMUSG00000113667"
369.735621383261,0.115804473789098,0.124391718455467,0.346060940918058,0.425659664218237,"ENSMUSG00000023235"
199.270322190958,0.19937016551535,0.220464465060036,0.346172611399842,0.425764848384332,"ENSMUSG00000049649"
47.3534964359466,0.262178333513724,0.301337329418057,0.346319785107139,0.425913679508463,"ENSMUSG00000006649"
442.442531619625,-0.186866315784022,0.206498199310199,0.346531677178569,0.42614207457224,"ENSMUSG00000058360"
78.6777513061457,-0.178186765023083,0.196077388678513,0.346613417263981,0.426210394789475,"ENSMUSG00000020303"
225.23636021139,-0.156840250944059,0.171360797917699,0.346813905571611,0.426424711450614,"ENSMUSG00000025144"
2152.83714209549,-0.0887807710870478,0.0952984021948462,0.347149802256469,0.426773240777192,"ENSMUSG00000022771"
2598.9903025433,0.132258442144916,0.141543299677095,0.347149704973887,0.426773240777192,"ENSMUSG00000064225"
312.538067099847,0.125540639115011,0.135383789742706,0.347257532414114,0.426841207629461,"ENSMUSG00000049489"
12.8762790149039,-0.374917437320932,0.540565982705464,0.347248558440935,0.426841207629461,"ENSMUSG00000072473"
115.825021976198,-0.221852917282452,0.250317092938073,0.347382097270358,0.426962079384392,"ENSMUSG00000110994"
1690.34377295522,-0.121210509978903,0.131155247808516,0.347420710208964,0.426977298662251,"ENSMUSG00000028343"
2109.64999293463,0.0788891961025616,0.0840636002880335,0.347554141881609,0.427109038317139,"ENSMUSG00000026854"
55.539701234813,0.242190903706985,0.276571794473647,0.34765512448249,0.42720088445127,"ENSMUSG00000098093"
32.7371838833413,0.272777073032641,0.318656024356433,0.347777883917434,0.427314731963811,"ENSMUSG00000027364"
18.9761785096731,0.347755400127578,0.459742224959065,0.347800275450825,0.427314731963811,"ENSMUSG00000030116"
645.081182388593,-0.120889830689212,0.131060694835093,0.348335376845617,0.427939869003241,"ENSMUSG00000039531"
635.496841964193,-0.168998411096105,0.186112759928942,0.348442648279526,0.428039350139169,"ENSMUSG00000037103"
2071.8139355768,-0.118165911471982,0.128082743563224,0.348479267160545,0.428052030700222,"ENSMUSG00000027134"
1118.58157417902,0.0754558553505639,0.0808598931029001,0.348843316850079,0.428466876306163,"ENSMUSG00000023967"
737.245408275545,-0.110706501285507,0.119876225135382,0.349135951073138,0.428793949869363,"ENSMUSG00000090061"
75.2376413533499,-0.234674636798084,0.268375424433591,0.349386787502956,0.429069643679602,"ENSMUSG00000017830"
7510.39288387736,0.108580627745482,0.112061674383513,0.349438210885642,0.429100422208546,"ENSMUSG00000038084"
417.485075053665,0.124029280238424,0.134418035198647,0.349517428167566,0.429165323656305,"ENSMUSG00000042275"
1726.28262964548,-0.085879603267217,0.0926981643095583,0.349658357837095,0.429305984980557,"ENSMUSG00000052752"
257.565048303943,-0.149855251186581,0.164260454892844,0.349897430591736,0.429567114802948,"ENSMUSG00000044562"
1750.57904164227,-0.109038030454561,0.118251604646376,0.349986231935175,0.429643731782864,"ENSMUSG00000020857"
371.296268942616,-0.129437017093056,0.141025134951998,0.350102320798316,0.429721427986351,"ENSMUSG00000070699"
2652.18061669055,-0.118000982961227,0.128349449503173,0.350085492069073,0.429721427986351,"ENSMUSG00000072694"
964.814477375206,-0.0896851465630387,0.096917102519018,0.350354423346639,0.429998439511166,"ENSMUSG00000010045"
158.949365030737,-0.168924405936545,0.186907280686547,0.350393942819823,0.430014520598694,"ENSMUSG00000047227"
9014.4002654411,0.115147960248168,0.124431393709348,0.3505131673958,0.43012840850877,"ENSMUSG00000026385"
237.688462441518,0.193545020337394,0.21553095288839,0.350567945465923,0.430163200384012,"ENSMUSG00000045991"
1038.6404835838,-0.105496451657751,0.114670743680093,0.350932468861143,0.430578030309918,"ENSMUSG00000004356"
938.614291762957,0.0947151917251966,0.102435797115422,0.351415820855513,0.431127612272468,"ENSMUSG00000044433"
12.8371793465524,-0.33352590751042,0.429173733486016,0.351433363265965,0.431127612272468,"ENSMUSG00000073753"
486.646188433511,-0.145435894262672,0.159997219927018,0.351796126735101,0.431540116879727,"ENSMUSG00000019158"
4627.20847277663,0.100704767017632,0.109090219448444,0.351885826213356,0.431617623321604,"ENSMUSG00000052146"
434.686531270656,-0.0981519154132185,0.106580271697356,0.351938283885982,0.431620505148657,"ENSMUSG00000025466"
1217.94430297975,-0.119124910541607,0.130058633709064,0.351941206833648,0.431620505148657,"ENSMUSG00000027185"
14.2877106663352,-0.331028233049614,0.425365053235901,0.352130867808293,0.431820571506961,"ENSMUSG00000112550"
3148.34189219293,0.0693322237011919,0.0747385644738414,0.352209683710683,0.431884687867608,"ENSMUSG00000031513"
2450.95972856328,0.0572313607864638,0.0617580842013124,0.352311033978681,0.431976424458042,"ENSMUSG00000010392"
1936.03729287501,-0.102581861490387,0.11162194256181,0.352347266747537,0.431988311223651,"ENSMUSG00000026409"
1928.59877232437,-0.084437162327722,0.091601365309226,0.35249353782201,0.432135096299645,"ENSMUSG00000046707"
1314.48191655864,-0.0731685015479342,0.0792503484361301,0.352974935339547,0.432692672449517,"ENSMUSG00000022556"
3285.14675904055,0.0789405364016555,0.0854870134239123,0.353566836963957,0.433385615368922,"ENSMUSG00000021024"
899.813116041295,-0.115249006050786,0.126073013482103,0.35364449800898,0.433448169459391,"ENSMUSG00000037339"
19.395059344577,0.322290474782875,0.407821472466444,0.353850325169405,0.433667790476402,"ENSMUSG00000026894"
451.990551492423,0.17012771216445,0.189138944817664,0.354117453025145,0.433962500966899,"ENSMUSG00000029096"
4049.38925248669,0.0924305943152452,0.100496305496926,0.354224194760315,0.434027959526414,"ENSMUSG00000001783"
4163.90523186176,0.0840826485003086,0.0912825566222319,0.354216539630564,0.434027959526414,"ENSMUSG00000002496"
140.975906964759,-0.188996533194503,0.212802692073229,0.354479683265301,0.434308315835659,"ENSMUSG00000070644"
162.28511570985,-0.148515823990787,0.164587918773137,0.354612744349808,0.434438643224668,"ENSMUSG00000091805"
1442.77491154989,-0.0896095409228727,0.0977196452726233,0.354662904233644,0.434467395779294,"ENSMUSG00000039640"
625.390557342468,0.0956270048191325,0.104158384701037,0.354840355913951,0.434652066639122,"ENSMUSG00000028191"
46.9274131247238,-0.231275655881103,0.267336224288631,0.355001075062705,0.43481621518967,"ENSMUSG00000110189"
679.56897571077,0.109980128610438,0.120230201033985,0.355063270670941,0.43485967346186,"ENSMUSG00000014837"
2546.56554283482,-0.0645328970260558,0.0701678503962144,0.35523289138516,0.435004597142898,"ENSMUSG00000000561"
393.969708208602,-0.144565515651438,0.160164525148681,0.35523504790641,0.435004597142898,"ENSMUSG00000062906"
11.2861135647253,0.346935310220927,0.465642113396799,0.355344994484512,0.435106500693462,"ENSMUSG00000030491"
1027.6763804764,-0.138120513186973,0.152997681355586,0.355763373380233,0.435586024210864,"ENSMUSG00000031168"
1222.00539023992,-0.098961269837062,0.108720273281816,0.356153650621579,0.436031071361166,"ENSMUSG00000097789"
286.96879571752,-0.111275121439613,0.122350035869767,0.356424021062347,0.436329263356613,"ENSMUSG00000073775"
2240.76452695049,0.107367586376372,0.117830162850953,0.356877660342563,0.436851748763441,"ENSMUSG00000079020"
1724.35701784885,-0.0662884736662042,0.0723575779569647,0.357131968380992,0.437130173795457,"ENSMUSG00000032604"
258.871102305374,-0.125881817359343,0.139458902072352,0.357803151486593,0.437918774428478,"ENSMUSG00000027935"
921.305070431731,-0.100137476570817,0.110177823723445,0.357925251693647,0.438035279081963,"ENSMUSG00000070808"
7754.98625769553,0.0914309132794783,0.0999264655276865,0.358072306701169,0.438182304050642,"ENSMUSG00000020964"
657.455903643393,0.080427227359486,0.0880306727444532,0.358431275639834,0.438588611957094,"ENSMUSG00000032952"
3758.25286611577,0.0702944144273521,0.0769132463401986,0.358886730026709,0.439112912761182,"ENSMUSG00000026353"
2701.08342628388,0.125466088642526,0.138749242693301,0.358961789550509,0.439171740721773,"ENSMUSG00000039001"
59.6811802375733,0.206769825454871,0.236589518322482,0.359070578429428,0.439271822912538,"ENSMUSG00000109975"
2866.16387898376,-0.060489732408475,0.0661875407008846,0.359697414077206,0.439943198800792,"ENSMUSG00000034484"
11.7835048352418,0.338112328673857,0.450216088016477,0.359700456618734,0.439943198800792,"ENSMUSG00000042816"
60.935476726232,0.337695934084502,0.447891048484252,0.359690592695599,0.439943198800792,"ENSMUSG00000051627"
159.238281968603,0.134680857866842,0.149817767382888,0.359844408858814,0.440086197400735,"ENSMUSG00000049871"
78.8346389704377,-0.202413818943246,0.232224242460418,0.359943205748521,0.440140888159136,"ENSMUSG00000021263"
749.786976842667,-0.089142841278635,0.0983287447281407,0.359938568560775,0.440140888159136,"ENSMUSG00000030612"
25.802831209105,-0.300817960524449,0.376153161560036,0.360028278889951,0.440211847350005,"ENSMUSG00000023964"
652.484352569948,-0.107263431479649,0.118815234697311,0.360142512090386,0.440318203246759,"ENSMUSG00000024542"
5712.99600213888,0.10247529299868,0.112850506018335,0.36016936209796,0.440318203246759,"ENSMUSG00000057177"
15188.9664872424,0.106039530312536,0.117089972733869,0.360762990123562,0.44101081054606,"ENSMUSG00000028552"
13.9430920894113,0.353288701382642,0.493264356384035,0.360952865369528,0.441209787676292,"ENSMUSG00000118193"
37.9248757829764,0.293548297719162,0.365877165837201,0.36103043825735,0.441271472740137,"ENSMUSG00000022129"
63.73382034303,0.239855751248397,0.28140918467823,0.361204577808014,0.441451168823399,"ENSMUSG00000000093"
257.170892737973,-0.122332649977135,0.136375235108684,0.361511222906034,0.441734006668542,"ENSMUSG00000025171"
184.425356731706,-0.145604744383562,0.163722024061859,0.361517412264302,0.441734006668542,"ENSMUSG00000040429"
2624.40524783028,-0.0985034250104132,0.107771314975847,0.361481537448155,0.441734006668542,"ENSMUSG00000046722"
252.621868756744,0.110452568335665,0.12242297414276,0.361547660985982,0.441737808716491,"ENSMUSG00000033809"
402.584146566564,0.169093878213391,0.190865925234419,0.361745479845651,0.441946331501615,"ENSMUSG00000005447"
13.9405141044087,0.33913782470764,0.459175416964328,0.361828097262491,0.442014091350006,"ENSMUSG00000074141"
12.3998113315612,0.321530101876318,0.415660562169323,0.362136616532784,0.442357785075841,"ENSMUSG00000054938"
18.5752238074165,-0.309137889503949,0.394244500677167,0.362244407378533,0.442456251467529,"ENSMUSG00000095448"
212.334712729994,0.209397531427346,0.241535915930445,0.362457396262546,0.44268318550133,"ENSMUSG00000029675"
1457.18804566556,-0.134333496359414,0.150772432956701,0.362494849370129,0.442695712960234,"ENSMUSG00000034780"
4511.96733974504,-0.0911728329106663,0.10115494232814,0.362572923121274,0.442757842653271,"ENSMUSG00000053838"
11262.1406126591,-0.0697739072262417,0.0774417896427636,0.362733939552145,0.442921241319467,"ENSMUSG00000027288"
4473.68402133006,0.0871593124235596,0.0954954667752143,0.363113494401163,0.443351444784138,"ENSMUSG00000021819"
798.331558955548,0.0845053517059195,0.0934953000021951,0.363314332249844,0.443530126020922,"ENSMUSG00000034292"
230.292126273134,-0.153715731699487,0.173828856162641,0.363307238031743,0.443530126020922,"ENSMUSG00000112043"
42.0740675179187,-0.276595849332712,0.339991964620037,0.363393881732528,0.443572937972053,"ENSMUSG00000043770"
202.545192533226,-0.132814640927713,0.149125884635347,0.363403901019492,0.443572937972053,"ENSMUSG00000069289"
114.83105540829,-0.24309799964125,0.289753479646849,0.363674205493159,0.44383631106745,"ENSMUSG00000023153"
7813.82319634237,-0.148246292474957,0.167648980932473,0.363654535275738,0.44383631106745,"ENSMUSG00000064115"
6297.2810094594,-0.129555953569251,0.146202799875469,0.36400647451885,0.444208515797124,"ENSMUSG00000001089"
810.279886726899,-0.0992469126513873,0.110680549076948,0.364378392380735,0.444629045815113,"ENSMUSG00000063434"
268.169571965232,-0.194908005986855,0.225258550580533,0.364608269027498,0.4448762014264,"ENSMUSG00000020381"
1883.22528479154,-0.109648750181505,0.123478730238911,0.364895548738156,0.44519335499623,"ENSMUSG00000021431"
48.3842641403902,0.315127515297197,0.407124912713843,0.365008593719439,0.445297900664395,"ENSMUSG00000074449"
87.7875142192772,0.200367581034399,0.231480146369669,0.365134122227501,0.445417658994249,"ENSMUSG00000044393"
11.0380347449148,0.345132707861126,0.480029619999616,0.365500665457884,0.445811377687112,"ENSMUSG00000045744"
1227.85792985972,-0.0586972846690523,0.0651486566290951,0.365511650486067,0.445811377687112,"ENSMUSG00000063904"
262.559488135227,-0.260784916636638,0.318377025053585,0.365656283793554,0.445954370839251,"ENSMUSG00000096740"
159.465539748584,-0.158240681073419,0.180461350752492,0.365808573036813,0.446106679045044,"ENSMUSG00000049744"
1291.03131376264,-0.0717858958554041,0.0801578205491011,0.366364738066948,0.446751457506464,"ENSMUSG00000029916"
2500.81466531163,-0.065564469597207,0.0730259278439729,0.366432803376205,0.446800986768379,"ENSMUSG00000017428"
1284.46252414466,0.0636803557045474,0.0707365865330419,0.3667156335294,0.447112357320918,"ENSMUSG00000031568"
1476.29452984581,-0.0991405703585026,0.111887873903842,0.366832167412694,0.447220942266615,"ENSMUSG00000036686"
2086.90695924635,-0.0750588705508191,0.0838140215655224,0.367057421995509,0.447462047123709,"ENSMUSG00000013646"
483.622416283094,-0.128592089389366,0.145504593465765,0.367207360594179,0.447601254417518,"ENSMUSG00000024174"
2364.45907080169,0.0685041699868317,0.0763689531669175,0.367226609703032,0.447601254417518,"ENSMUSG00000071657"
439.215200458426,-0.0984929165438172,0.110540882499827,0.36728284586885,0.447636280701792,"ENSMUSG00000078813"
312.445837214671,-0.177594798475223,0.204941024493006,0.367408802019838,0.447756268569209,"ENSMUSG00000072770"
766.060269672992,-0.10241311042625,0.115160819872856,0.367867964780472,0.448282282579467,"ENSMUSG00000009640"
10.7521906393809,0.364657265598321,0.567632476364013,0.367971653615622,0.448375071304371,"ENSMUSG00000027776"
136.894869002119,-0.157566599938019,0.180478858006166,0.36827757690478,0.448714251261677,"ENSMUSG00000091076"
37.5125671646739,0.257461741373711,0.312068721700143,0.368516440435011,0.448971680068941,"ENSMUSG00000074467"
10019.2666620724,-0.0497972933505102,0.0555949764422506,0.368641156376387,0.449090012235805,"ENSMUSG00000026553"
6554.93792427951,0.129743897740734,0.146918566338468,0.369158126547701,0.449686147118422,"ENSMUSG00000030759"
278.11290020617,-0.114871805172684,0.129949983797186,0.369350446553164,0.449886753142203,"ENSMUSG00000074811"
1444.49904527724,-0.135084572950156,0.153979429143729,0.369453349056379,0.44997842244218,"ENSMUSG00000047747"
1262.78508234033,-0.0662862553744775,0.0743197352025498,0.369576526661705,0.450094770387493,"ENSMUSG00000023156"
138.89499937468,0.238938366822268,0.28608181837222,0.369675782149327,0.450181969164864,"ENSMUSG00000074934"
1548.12731110329,0.0969379723761653,0.108781916682942,0.369803289769391,0.450303557066588,"ENSMUSG00000024855"
35.8475709816881,-0.238580592912986,0.287251480919679,0.369847981956905,0.450324291292879,"ENSMUSG00000023045"
2482.95329070738,-0.0923341677033185,0.104094237110204,0.369934769793908,0.450396273949531,"ENSMUSG00000026280"
2402.25330265091,-0.144668655975753,0.165610043112597,0.370145536553216,0.45061917911998,"ENSMUSG00000050357"
361.203807245676,-0.166994827931448,0.193316869406019,0.370580087839853,0.451114468281268,"ENSMUSG00000054196"
189.044267855371,-0.230425720611155,0.276512167234825,0.370706313033093,0.451234379985993,"ENSMUSG00000021902"
5315.63521906601,-0.0758064930884398,0.0853859528138503,0.370749065508844,0.45125267596478,"ENSMUSG00000031166"
1953.07758233079,0.102427298966945,0.113364973310447,0.371061280263089,0.451570631746506,"ENSMUSG00000020776"
4672.89303428196,-0.0971200380621283,0.113168453930858,0.371065780208948,0.451570631746506,"ENSMUSG00000030062"
1262.44581996217,-0.158362831794473,0.182668677975544,0.371201564015353,0.451702105034157,"ENSMUSG00000003526"
96.4433139800711,-0.15770791536217,0.181728144360324,0.371231092070725,0.451704269451881,"ENSMUSG00000074825"
4091.65495078235,-0.0986513378201659,0.111834218384326,0.371588998041306,0.452105965327482,"ENSMUSG00000000197"
12021.4846583062,0.102817403770749,0.116261246186263,0.371885199939353,0.452432532482271,"ENSMUSG00000029405"
1447.96179359688,-0.07886620115957,0.0894253301944687,0.372154200759821,0.452725960688167,"ENSMUSG00000000134"
696.928332383571,-0.0960726864653535,0.108533396266182,0.372333489974189,0.452910218935873,"ENSMUSG00000025377"
10.8867897631356,-0.333575536439918,0.462005138791346,0.372541093561021,0.453128888962587,"ENSMUSG00000059395"
2061.46311478674,-0.133864312122613,0.153649624427764,0.372915992560714,0.453490975916185,"ENSMUSG00000001323"
785.851794698909,0.147224355684147,0.169084513867907,0.372886085261377,0.453490975916185,"ENSMUSG00000032374"
33.8940558164108,0.226136831442085,0.270689402466681,0.372922361691488,0.453490975916185,"ENSMUSG00000092216"
242.537997581807,-0.114671579391513,0.130849431244557,0.373096638865139,0.453669013778048,"ENSMUSG00000022833"
44.7345261109786,-0.348257223744843,0.516396257930881,0.373163146127745,0.453715991385378,"ENSMUSG00000015619"
70.0963468383255,0.197288977845693,0.232027931343395,0.373642059578906,0.454264354755802,"ENSMUSG00000060985"
18.1583946812698,-0.35955002966535,0.629799042955016,0.373946982733777,0.454601119114296,"ENSMUSG00000001076"
48.9390221634592,-0.242879895561639,0.296951473566921,0.374144588514942,0.454807378974403,"ENSMUSG00000023140"
4520.08048907884,0.0748652536132858,0.0846198206778044,0.374311170206285,0.454975898194288,"ENSMUSG00000021660"
852.212262958599,0.0766643321518453,0.0867995075738969,0.374604561946839,0.455298518582143,"ENSMUSG00000006463"
561.308868183917,-0.112630570495237,0.1288653077559,0.37463517176396,0.455301726592037,"ENSMUSG00000010607"
47095.6700867971,-0.107109716882113,0.12305995511122,0.374693605078532,0.455326150404774,"ENSMUSG00000001270"
955.987847198714,0.111466064414006,0.126691385586836,0.374711212115883,0.455326150404774,"ENSMUSG00000029440"
82.391330155241,-0.218129769865383,0.261939891859092,0.374785260815974,0.455382135967935,"ENSMUSG00000108484"
2211.00325866583,0.102685223213726,0.116849665974422,0.374904506312828,0.455489333285073,"ENSMUSG00000022842"
24.7185609794152,-0.273815259139249,0.346642546360362,0.374929449360283,0.455489333285073,"ENSMUSG00000115852"
45.2111898979205,-0.198975027330163,0.23606239095112,0.374999062679176,0.455539906141166,"ENSMUSG00000075307"
1264.45662217817,0.0957905032119773,0.108895019345082,0.375153769891063,0.455659831837541,"ENSMUSG00000002055"
26.8133614613235,-0.269971219719571,0.339253653476584,0.37513577821214,0.455659831837541,"ENSMUSG00000096107"
11235.0120361956,-0.114292781876711,0.131957823341293,0.375312872963351,0.455819066335703,"ENSMUSG00000029823"
2310.50966946832,0.0620458172338091,0.0702091008056843,0.375444481501357,0.45594488733804,"ENSMUSG00000024789"
1718.6173100535,-0.0652641897042507,0.0740763993434477,0.375988613526798,0.456571626332654,"ENSMUSG00000030763"
715.816457263514,-0.121723865298645,0.140272117039956,0.376027149695943,0.456584360939174,"ENSMUSG00000068250"
1238.25487496981,0.0808620809600439,0.0915525363775426,0.376339126669586,0.456912107230491,"ENSMUSG00000020898"
2009.33945191828,-0.08134657837477,0.0927438528056745,0.376381278157861,0.456912107230491,"ENSMUSG00000024150"
697.423077749016,-0.0954950074904294,0.109112194653578,0.376380418681605,0.456912107230491,"ENSMUSG00000093593"
61.6110177832939,-0.248261710142543,0.307565262296323,0.376456486537604,0.456969327953701,"ENSMUSG00000062175"
20.7238436578006,0.283920367209634,0.362215802236737,0.376550643610348,0.45704953968304,"ENSMUSG00000074207"
6542.16944879275,-0.144291920498261,0.167656290271209,0.376684538335153,0.457177968611662,"ENSMUSG00000036760"
1196.12105541112,-0.0715258016896378,0.0815043754519661,0.376754004251666,0.457228187669322,"ENSMUSG00000038398"
1610.74808899798,-0.0981193991692142,0.118991371288797,0.377443744041021,0.458031106716844,"ENSMUSG00000060733"
3472.3764717192,0.0915547131664332,0.104345876867268,0.377782063938714,0.458407486902303,"ENSMUSG00000042682"
239.465706140131,-0.122660422812546,0.141719817303314,0.377866840090351,0.458476179411951,"ENSMUSG00000020474"
599.973790276819,0.0976564137420928,0.111819638170527,0.377909949243547,0.458494309740363,"ENSMUSG00000025008"
371.585639159743,-0.129137828170096,0.149789137233269,0.378084649624647,0.458672076806529,"ENSMUSG00000046352"
10751.1651297001,0.0808841707686185,0.0975664161893815,0.378362210447992,0.458960389990753,"ENSMUSG00000056429"
60.3492520820951,-0.183113181965681,0.216980987415477,0.378378697240196,0.458960389990753,"ENSMUSG00000083563"
258.204531426622,0.165175106183473,0.193557251014965,0.37884669036779,0.459477357003307,"ENSMUSG00000027580"
805.26148718287,0.107016601837756,0.123010419315103,0.378861351867452,0.459477357003307,"ENSMUSG00000034591"
283.661649638212,0.122200223822664,0.141052694818381,0.37895591052031,0.459557797172734,"ENSMUSG00000049502"
368.298507903123,0.148851216510562,0.173527715582527,0.379386905290703,0.460046189237341,"ENSMUSG00000079225"
29.6279269186801,0.278878715730251,0.358367866176194,0.379728546790586,0.46042616645491,"ENSMUSG00000035295"
657.175370594249,-0.149689994371328,0.175562895137997,0.380283416490897,0.461064609983527,"ENSMUSG00000029576"
9.96383563598751,-0.332943542995219,0.477280262770699,0.38035870718542,0.461121548787091,"ENSMUSG00000074955"
1408.22093129663,-0.0793151454327348,0.0912899930174219,0.381109501295087,0.461997353446636,"ENSMUSG00000029782"
2096.08214373437,0.0792140740170177,0.0909153244279763,0.381152437094608,0.462001299934349,"ENSMUSG00000035614"
35.0313500159672,-0.297767853331858,0.39739046176968,0.381169520710057,0.462001299934349,"ENSMUSG00000042540"
743.335455003639,0.107443718843529,0.123613888075317,0.381229089142377,0.462039097093262,"ENSMUSG00000026803"
3132.66019113405,-0.0705600550479078,0.0817780479732022,0.38154514546708,0.462387721702884,"ENSMUSG00000024571"
3349.69920210205,0.086627931735744,0.0996627130322541,0.381740866060617,0.462590472547809,"ENSMUSG00000031819"
335.888346416457,-0.10898648830755,0.126844242612435,0.382482808248099,0.463386063758749,"ENSMUSG00000028641"
495.039665196957,-0.170210819611733,0.202577036239957,0.382461030860494,0.463386063758749,"ENSMUSG00000032373"
3652.14116558525,-0.0713884542173789,0.082304933839673,0.382474673936261,0.463386063758749,"ENSMUSG00000040048"
415.439530605352,-0.133449652614136,0.156399914045477,0.382705315805385,0.463621130511278,"ENSMUSG00000051671"
154.478196018822,0.177427514364808,0.210924317901733,0.382969104133188,0.46390616736717,"ENSMUSG00000079654"
1760.93683601275,-0.12695132376633,0.148653947019169,0.383139982983098,0.464078625120833,"ENSMUSG00000027550"
158.582116216106,0.134429221871559,0.157210496006882,0.383202529379646,0.464119849199545,"ENSMUSG00000027811"
12.0329788259107,-0.317957570609307,0.442985052324294,0.383420773760491,0.464349628396197,"ENSMUSG00000092124"
10431.7038485182,-0.0726981206104658,0.084128924338441,0.383684834987857,0.464634856712717,"ENSMUSG00000046434"
379.985477327039,-0.171215647304191,0.204350902016788,0.384022629956515,0.465001277182503,"ENSMUSG00000061331"
86.6672326107,-0.177277018986887,0.212071064335336,0.384044549111781,0.465001277182503,"ENSMUSG00000078963"
44.7149510524199,-0.275787415239468,0.359304314120058,0.384178125247174,0.465128413742915,"ENSMUSG00000028392"
2374.99685169349,0.0691924751904103,0.0797786107782339,0.384342707488493,0.465293068012621,"ENSMUSG00000020993"
12.6700775187364,-0.333379631394033,0.489192481347655,0.38452150603531,0.465474907060517,"ENSMUSG00000117886"
4813.52615473523,-0.107828812326843,0.138511128413189,0.384840458347077,0.465728752164459,"ENSMUSG00000026678"
124.819006062608,-0.151644392301907,0.179740557921666,0.384803501731318,0.465728752164459,"ENSMUSG00000028179"
1650.15565954344,0.0941507773626245,0.109265549600419,0.3848456472149,0.465728752164459,"ENSMUSG00000028458"
106.376310940234,-0.195514600800581,0.237379559776406,0.384759982274248,0.465728752164459,"ENSMUSG00000041809"
19.8412460646884,-0.310792453234408,0.427481273732617,0.385047978862638,0.46593896817767,"ENSMUSG00000044787"
3380.74169827964,-0.0832893973875401,0.0968177441232108,0.385204999211253,0.466094326704882,"ENSMUSG00000042046"
2705.69928019006,-0.0818377322990697,0.0951283604839502,0.38534778764975,0.466232442943558,"ENSMUSG00000030216"
1380.93993676158,-0.0922422091732743,0.107472375764594,0.385593314581169,0.466494832757508,"ENSMUSG00000027349"
1514.39087213488,-0.0688306104268941,0.0798653984724144,0.385689370601268,0.46657636553563,"ENSMUSG00000018572"
396.95085115459,0.105617086591166,0.123207161214603,0.385748447880083,0.466613155576428,"ENSMUSG00000034932"
6790.50356100263,0.159448440810622,0.189115434913876,0.385860335060836,0.466713815880539,"ENSMUSG00000054640"
612.414684384097,0.126303597794946,0.148193595427077,0.385969524395063,0.466811198313607,"ENSMUSG00000036880"
12260.3826985488,-0.0733806101210993,0.0850039026473271,0.386199118154829,0.467054178701658,"ENSMUSG00000001924"
88.9144379667675,0.176834633424027,0.212085999764756,0.386698235782121,0.467623050446577,"ENSMUSG00000109195"
287.721682637919,-0.153944769028853,0.183563401198693,0.386826712378731,0.467743665436115,"ENSMUSG00000026227"
12.4258314916068,0.334962629794596,0.495172825398816,0.387031812917165,0.467956907870876,"ENSMUSG00000066975"
5453.09373750443,-0.0707020089118103,0.0824138574662295,0.387405960302123,0.468374496568476,"ENSMUSG00000022956"
4142.87712600756,-0.111054687777975,0.131290053976996,0.38747274092589,0.468420443876096,"ENSMUSG00000057181"
13.7089133642353,0.299946077904683,0.406331108704056,0.387618168841856,0.46856145495379,"ENSMUSG00000085603"
23.9845613756691,-0.341535521779961,0.53078509395586,0.387905068752537,0.468873446881547,"ENSMUSG00000031491"
34.5615746494611,0.248118382012284,0.313997804542733,0.387977980850905,0.468926757669366,"ENSMUSG00000091879"
156.971637639071,-0.196927781656246,0.240562724598313,0.388033426681336,0.468958951631063,"ENSMUSG00000048949"
983.099664906851,-0.149779620478184,0.178850124989261,0.388102332125803,0.469007406261605,"ENSMUSG00000053310"
1741.37805577087,-0.125216395559299,0.148226440293646,0.388278303872702,0.469185229785454,"ENSMUSG00000038121"
1522.13974332939,-0.0649113664029243,0.0757314932193099,0.3886764705748,0.469631501485792,"ENSMUSG00000024260"
1697.79964957097,-0.169138647849639,0.20395369728106,0.388862918276412,0.469821909278069,"ENSMUSG00000047793"
6720.70563531033,0.0805050964865409,0.0937466837210514,0.38912406130229,0.470102528564545,"ENSMUSG00000019428"
191.645152876755,-0.208808241767306,0.257891380754274,0.389208599358854,0.470164989059304,"ENSMUSG00000028862"
564.00983722011,-0.0834098909752907,0.0977648652911683,0.389233529460817,0.470164989059304,"ENSMUSG00000049717"
1833.05248952173,-0.0809403521430314,0.0948827272577931,0.389357754329667,0.470280145802354,"ENSMUSG00000040359"
817.323911051966,0.106553604755362,0.125295697331105,0.389455853142181,0.470363731818402,"ENSMUSG00000058881"
82.5725919714918,-0.300052166475214,0.412344410869524,0.38959753719915,0.470499941429465,"ENSMUSG00000040564"
574.75189304562,0.0826620057012522,0.0967188918701804,0.389652343327065,0.4705312199316,"ENSMUSG00000024436"
479.604212020126,0.11286326141935,0.133185771829062,0.389885719530371,0.470778113086223,"ENSMUSG00000024937"
200.072709482468,0.132342590325081,0.157058210458638,0.390092557919994,0.470992928187336,"ENSMUSG00000091625"
559.620084638564,-0.0795937072284535,0.0934080793655496,0.390176194668818,0.471058970319589,"ENSMUSG00000031730"
2328.14485484442,-0.0697677206601751,0.0817869090923959,0.390426309484664,0.471325976401021,"ENSMUSG00000066724"
790.745759575047,-0.0935144712540069,0.110385574813994,0.390603159770499,0.471504503874244,"ENSMUSG00000022420"
50.702136889767,-0.279332175001275,0.374549182306451,0.390779975509539,0.471682963172496,"ENSMUSG00000061802"
500.597060896656,-0.103360852565384,0.122144145190827,0.39096826491712,0.471875244036545,"ENSMUSG00000035215"
45.8210378123397,0.23649990892816,0.298589935821918,0.391007027177776,0.471887039472112,"ENSMUSG00000095294"
2365.25610126673,-0.0877697628346691,0.103527145602618,0.391566143004956,0.472526775582673,"ENSMUSG00000022450"
142.147601737169,0.225449034761361,0.282454519959646,0.391675193270371,0.472623335511867,"ENSMUSG00000040936"
8379.99405782508,0.113819649929143,0.133537110638561,0.391813077587693,0.472754671779146,"ENSMUSG00000003970"
3543.5742812036,0.0640325997662508,0.0750685024005164,0.391941870074036,0.472841149105836,"ENSMUSG00000032437"
670.869923623044,-0.112841662461769,0.134120057685285,0.391971892495034,0.472841149105836,"ENSMUSG00000043631"
232.110960932315,-0.112184019061817,0.133373031353026,0.39194582925763,0.472841149105836,"ENSMUSG00000106924"
421.08955343278,-0.105923583446799,0.125696876237753,0.392211092683517,0.47309463999276,"ENSMUSG00000025538"
406.693319827133,-0.131767915707709,0.157490734117312,0.39224453715859,0.473099924115852,"ENSMUSG00000103310"
114.382621641993,0.147588825711804,0.176936537404857,0.392366132628496,0.473198459601933,"ENSMUSG00000022074"
4080.96354832023,-0.057354071990987,0.0673503453939769,0.39238437201787,0.473198459601933,"ENSMUSG00000024583"
4252.1694006108,-0.0824758965100075,0.0986676437989958,0.392790735084119,0.473653425120327,"ENSMUSG00000038970"
385.708442495896,0.149316366754345,0.179521546434919,0.392841242710558,0.473679240654998,"ENSMUSG00000025997"
1777.65784117077,-0.0687455243665087,0.0811428979021018,0.393427476821152,0.474350971609119,"ENSMUSG00000027822"
494.246497123875,-0.15034921120828,0.1819230029277,0.393689569928715,0.474612080146944,"ENSMUSG00000030177"
408.019183541447,-0.161593014499564,0.196373090475435,0.393702353988462,0.474612080146944,"ENSMUSG00000062861"
196.137910096835,0.157019605580925,0.189785199047176,0.393904424215042,0.474820513727226,"ENSMUSG00000023966"
3454.81237891985,0.0837790585167496,0.098948171737986,0.393941480542835,0.474830020013052,"ENSMUSG00000043885"
644.459622390613,0.130043472799947,0.155650877575587,0.394410263341194,0.475359859815487,"ENSMUSG00000027676"
3379.82403687786,0.0880829409484461,0.111383955971824,0.394563094965813,0.475508851695677,"ENSMUSG00000026718"
269.485088880306,-0.117402561724614,0.140569867760971,0.394730704606335,0.475675629966088,"ENSMUSG00000064128"
575.099882574024,-0.114412202828471,0.13682225674192,0.39483748152853,0.475769081673063,"ENSMUSG00000021967"
16.6468599170635,0.28775171748173,0.390728937376341,0.394933451741129,0.475849498700377,"ENSMUSG00000096544"
1868.37615160793,-0.111488267644235,0.133588991367855,0.395040021609899,0.475942674248089,"ENSMUSG00000026411"
11.1863054646795,-0.305508495427488,0.43255336062334,0.395318805151662,0.476243303009084,"ENSMUSG00000081724"
414.126358783304,-0.132974359027846,0.160361317775779,0.395395853539516,0.476267638425659,"ENSMUSG00000028647"
8.84655825798381,-0.329230613987443,0.50199510698661,0.395397522157781,0.476267638425659,"ENSMUSG00000066269"
14.1838095916803,0.293783960132185,0.40363102963026,0.395491424740853,0.476345498478106,"ENSMUSG00000071893"
282.547826079323,0.113166065974077,0.135177450301995,0.395571453588231,0.476406638170259,"ENSMUSG00000023919"
853.525662680288,-0.0831529529011468,0.0989433149420031,0.395816278026845,0.476666225769104,"ENSMUSG00000036534"
12.6882818157714,0.336148841863212,0.528610380553174,0.395851624964192,0.476673527975079,"ENSMUSG00000022431"
7374.45216314157,-0.0619740628304427,0.073403552674382,0.396394635002134,0.477292097682132,"ENSMUSG00000068039"
273.863453751281,0.102913200289346,0.122827156808462,0.396471354714744,0.477349165092205,"ENSMUSG00000075271"
54.1344635293543,0.289954806631989,0.400291694859985,0.396582710646081,0.477441555796228,"ENSMUSG00000058290"
842.709079713285,0.173559218781372,0.212362166817771,0.396606752517299,0.477441555796228,"ENSMUSG00000072969"
611.000017756988,-0.119691152092068,0.144097694174217,0.397013962598636,0.477896419668756,"ENSMUSG00000000125"
99.1574749050312,-0.180766087202475,0.224056380511109,0.397653243677046,0.478630545739053,"ENSMUSG00000089936"
47.0620892717713,0.279532509772209,0.37787445836345,0.397837510950838,0.478816931849001,"ENSMUSG00000001943"
7923.71730934502,-0.0649890801868327,0.0775595191540872,0.398072727949774,0.479064606355642,"ENSMUSG00000001441"
365.210038129958,-0.103959559491802,0.124898569535812,0.398209987834338,0.479194365488826,"ENSMUSG00000096199"
228.084397695083,-0.123345508641326,0.149156371364129,0.398357476021976,0.479336412972037,"ENSMUSG00000030871"
125.242837773292,-0.171799637012213,0.21209101122275,0.398430888560023,0.479389312142809,"ENSMUSG00000075383"
220.161566328193,-0.126767674637137,0.153471717444884,0.39846868995023,0.479399359572051,"ENSMUSG00000096822"
413.437425991648,-0.122333577384156,0.148045691831803,0.39860785568426,0.479531348372507,"ENSMUSG00000043257"
653.482647081338,-0.102774014560621,0.123731011400693,0.398748229582017,0.479664770997345,"ENSMUSG00000022434"
70.204152242766,-0.274622598142114,0.37237256097491,0.398890680804716,0.479781964950474,"ENSMUSG00000047878"
47.4000380049285,-0.20834160985444,0.26309392888304,0.398904602140295,0.479781964950474,"ENSMUSG00000089859"
2944.97829466102,-0.0796127937765067,0.0953375259855677,0.399327998000263,0.480255718614575,"ENSMUSG00000033487"
97.2168279741012,0.239160765334869,0.310231592996516,0.399438224925984,0.480352794425618,"ENSMUSG00000060176"
14.9200339070445,-0.293993892548664,0.413513017570008,0.399518526158523,0.480413870784401,"ENSMUSG00000079698"
4023.46698299947,0.0547961736629092,0.0652297088544621,0.400193938657103,0.481190495897498,"ENSMUSG00000001383"
83081.4082638275,-0.0581276753379178,0.0696485620487759,0.400253906017944,0.481227053856274,"ENSMUSG00000001175"
1213.18787402231,-0.0854016964315647,0.102704717277992,0.400795843600041,0.481806407834282,"ENSMUSG00000025280"
280.175853696018,-0.122570270562387,0.14908673315816,0.400824571500912,0.481806407834282,"ENSMUSG00000057948"
10.9827375752455,0.322961069778909,0.483218035457152,0.400781306207666,0.481806407834282,"ENSMUSG00000080994"
75.5830527073656,-0.200574936702974,0.254404035079871,0.401428276605925,0.482496454743503,"ENSMUSG00000034206"
423.615686226857,-0.0943336946337248,0.113949030274745,0.401865565448899,0.482986390606702,"ENSMUSG00000074754"
64.9448734610816,-0.220023210476307,0.283395824186342,0.402029543989541,0.483147797494407,"ENSMUSG00000028378"
9518.53904282039,0.10329912076735,0.124723522469885,0.402336731812842,0.483481272733608,"ENSMUSG00000062014"
12.8620722581037,0.308488701865254,0.450457990100521,0.402679053414303,0.483856915293277,"ENSMUSG00000025787"
3315.32490723701,-0.134932001595823,0.165558181130291,0.402722334903659,0.483873203983006,"ENSMUSG00000030643"
19.0106386629174,-0.292579106352897,0.413583533342884,0.402817849283825,0.483952243755414,"ENSMUSG00000114933"
543.121898249951,-0.124087131673887,0.151490896174464,0.402905134192227,0.483985667063764,"ENSMUSG00000026283"
754.432882153373,-0.104420401502059,0.127380748743831,0.40288755551042,0.483985667063764,"ENSMUSG00000048807"
220.465615092749,0.14142225077524,0.1732695112194,0.402991779362008,0.484054027778539,"ENSMUSG00000035704"
67.5062912698881,0.298139042826357,0.423669242775331,0.403175763379756,0.484239288445043,"ENSMUSG00000029716"
509.26010900717,0.0821834566428548,0.0989254728229466,0.403246079722693,0.484288009866165,"ENSMUSG00000029826"
298.174614987948,-0.142176211087341,0.175092845571138,0.40344277672648,0.484488492774153,"ENSMUSG00000093942"
226.484681627141,0.11212549041487,0.136299033200524,0.403687024476856,0.484746044883023,"ENSMUSG00000023348"
449.454183311173,-0.144491281072461,0.178334478606003,0.403809791342073,0.484857695911062,"ENSMUSG00000040078"
6808.78537997815,-0.0483212958404458,0.058415518109535,0.404338729970079,0.485456988232257,"ENSMUSG00000024294"
355.864566342317,-0.0911929361083268,0.110533791635152,0.404385447799185,0.485477271131731,"ENSMUSG00000054836"
664.719341621857,-0.0903736804943846,0.109660202539324,0.404420269669597,0.485483270625494,"ENSMUSG00000025731"
1192.21394876808,0.0712837843760511,0.085995861424309,0.404533236128383,0.485549472329213,"ENSMUSG00000026087"
19.8162482835467,-0.286348923375419,0.400924643571132,0.404535074562526,0.485549472329213,"ENSMUSG00000058084"
7384.52226864246,0.0946202738205435,0.113872061963576,0.40481843657926,0.485853757327818,"ENSMUSG00000000740"
410.358502622713,0.125274017811573,0.153412067379755,0.405087817972423,0.48614121947472,"ENSMUSG00000024831"
7066.8841411834,-0.063405166782772,0.0755985391551488,0.4052491657581,0.486263152013147,"ENSMUSG00000031960"
18.4216947820608,0.307911337674598,0.45042242201424,0.405230228837445,0.486263152013147,"ENSMUSG00000046168"
1544.37626314735,0.106557577805341,0.129698192784325,0.405446581241677,0.486464174058525,"ENSMUSG00000046312"
666.05760221446,0.115941732351078,0.141378952210369,0.405594959213049,0.486606334468604,"ENSMUSG00000035960"
208.865635180624,-0.176233332307209,0.221983237508325,0.405743599608217,0.486748788740699,"ENSMUSG00000074283"
61.8139045060565,-0.305141183928257,0.450047645477583,0.405878899377088,0.486875219164351,"ENSMUSG00000026822"
4210.68299671613,0.0910610488962961,0.110254343722925,0.405932578252335,0.486903729186612,"ENSMUSG00000021913"
985.617998364186,-0.0953624560437381,0.116267994707534,0.406025850654735,0.486979722734879,"ENSMUSG00000044730"
55.5695828576461,0.258347200331426,0.348424069539218,0.406075657607461,0.487000447604103,"ENSMUSG00000055560"
16.2798977736835,0.215532091316597,0.769220548163255,0.406102965706972,0.487000447604103,"ENSMUSG00000093485"
169.562635255469,0.157545602110856,0.196121564629387,0.406612528074663,0.487575597200689,"ENSMUSG00000019944"
49.8772575509331,0.187065558620293,0.236429468907818,0.406703994159767,0.487649353044541,"ENSMUSG00000083889"
57.954572620039,0.249415486988862,0.333810917819816,0.406949185536793,0.487898984697526,"ENSMUSG00000035032"
54.9359241582372,-0.209563320684967,0.271127119766309,0.406972135042573,0.487898984697526,"ENSMUSG00000117165"
7823.65646747913,-0.0478626869419067,0.0579698599839699,0.407028455760216,0.487930569472332,"ENSMUSG00000022752"
1558.48356527905,0.114906354676043,0.140616366860962,0.407505570320513,0.48846654445341,"ENSMUSG00000026339"
25.9870197891806,0.252099851431629,0.338244493321334,0.407572847060457,0.488511214523976,"ENSMUSG00000091648"
2460.3466704,-0.0755959674621794,0.0921110877429047,0.407884644211019,0.488848935242746,"ENSMUSG00000014550"
1687.99383418874,0.104791192842478,0.128182746126288,0.408036509950574,0.488994942867955,"ENSMUSG00000024644"
2784.69331684147,0.0613607686877259,0.0743421884364234,0.408192178014257,0.489145485403127,"ENSMUSG00000032350"
4095.5211915078,0.0611384972047257,0.0742072145323641,0.40837265440003,0.489325731934022,"ENSMUSG00000031987"
56.6288811429241,-0.251465852313929,0.340710258335505,0.408882800437932,0.489900944025368,"ENSMUSG00000043164"
5432.70780342891,-0.0864172465222054,0.111609453039792,0.409526350305846,0.490635896833633,"ENSMUSG00000051586"
260.781094057786,-0.118808155510938,0.14697052083062,0.409579337852764,0.490663266232506,"ENSMUSG00000061653"
687.442822877315,0.0868534516422566,0.106240114534495,0.409715732151043,0.490790542935807,"ENSMUSG00000028345"
13.5211293634677,-0.297209742314779,0.435548983581994,0.409978086586808,0.491068675015456,"ENSMUSG00000110806"
63.5247911516726,-0.177601884178519,0.226132513981365,0.410083194499111,0.491158431319,"ENSMUSG00000048967"
4623.52814685441,-0.0678623425937677,0.0829844628815085,0.410153478633564,0.491188467749385,"ENSMUSG00000034021"
7012.6837761698,0.115870051364332,0.142697224479749,0.410168622810996,0.491188467749385,"ENSMUSG00000069662"
1412.5911225935,0.0761196266591299,0.0929943516756412,0.410365521621003,0.491388109529696,"ENSMUSG00000061479"
13.7838592438875,0.302370680103236,0.446817289520339,0.410640864403867,0.491681646985373,"ENSMUSG00000031831"
8182.63302031707,0.0918743951663097,0.120752849103117,0.410912278493806,0.49197043757886,"ENSMUSG00000067336"
1056.68931919413,0.0743881636027927,0.0909794758965651,0.410964851087352,0.491997193939834,"ENSMUSG00000096472"
3754.80360301086,-0.0826914476768369,0.101629506939023,0.411080400377987,0.492099335001682,"ENSMUSG00000054027"
440.824999355499,-0.149052306933426,0.187695393976429,0.411189756694229,0.4921940480527,"ENSMUSG00000050931"
392.495097984348,-0.0984932311317407,0.121610574064446,0.411352476813692,0.492352618939212,"ENSMUSG00000023066"
272.828208935265,-0.0985242308532328,0.12164799539376,0.411499866890197,0.492492819148491,"ENSMUSG00000032044"
5582.64614796504,-0.0902021900750319,0.111232647295865,0.411671432628247,0.492661930622159,"ENSMUSG00000031256"
13416.4066408382,0.0977702973157823,0.120388383534833,0.411766246510669,0.492739172292926,"ENSMUSG00000037266"
17101.2084108981,0.113180336890658,0.139680449197867,0.412451778081677,0.493523231668152,"ENSMUSG00000026223"
157.041216855894,-0.134798702793295,0.168993550891131,0.41269001534476,0.493772000719001,"ENSMUSG00000109196"
223.35187789751,-0.223212316048103,0.294855879108458,0.412847237540977,0.493923808076733,"ENSMUSG00000018830"
1375.69766433962,-0.0766435665112434,0.0944683492424648,0.413091885028309,0.494165280595457,"ENSMUSG00000020873"
232.01658982091,0.0973399508579984,0.120276323845371,0.413140146432214,0.494165280595457,"ENSMUSG00000027243"
1471.74034274187,-0.115989154898145,0.144876598665928,0.413112899486778,0.494165280595457,"ENSMUSG00000047423"
82.495197939133,0.23398636748789,0.311762655548327,0.413537666325206,0.494604418254351,"ENSMUSG00000078154"
255.778709688528,0.134721703307143,0.168579282141597,0.41364986645913,0.494702264802124,"ENSMUSG00000027276"
383.776826798002,0.094298745131021,0.116593694960186,0.413792205892158,0.494799788989389,"ENSMUSG00000018733"
12.88153866597,0.296929658395338,0.437661371695308,0.413769725776064,0.494799788989389,"ENSMUSG00000057729"
43.6985874202125,0.195889783901627,0.253619213663199,0.413967274441811,0.49497277018979,"ENSMUSG00000055341"
742.078635130967,0.0819850242472187,0.101083851697491,0.414123231477112,0.495086513071712,"ENSMUSG00000022428"
11.2112698811316,-0.304221840840599,0.462822703538531,0.414123041827271,0.495086513071712,"ENSMUSG00000028716"
1736.78126603186,0.0906169507812855,0.111123696047056,0.41428881597495,0.495211730536072,"ENSMUSG00000023030"
702.317943302523,-0.0874114492428211,0.108298111573117,0.414278738786135,0.495211730536072,"ENSMUSG00000039737"
449.63831199498,0.113239974639452,0.141041753433971,0.414687403803628,0.495651777598609,"ENSMUSG00000011658"
9.94537184484857,0.313966191467521,0.48725708110149,0.414912337524384,0.495884216609539,"ENSMUSG00000084166"
374.160573162664,0.130763484966884,0.16379753999987,0.414997344238749,0.495938061167427,"ENSMUSG00000033191"
201.596461402135,-0.123307454470648,0.154627231196805,0.415018323456363,0.495938061167427,"ENSMUSG00000036875"
2744.11014591,0.0683203758568178,0.0842223906270035,0.415242317848572,0.496132886812907,"ENSMUSG00000023075"
142.400774186514,-0.220663804183195,0.293545623078801,0.415217854333537,0.496132886812907,"ENSMUSG00000049892"
1477.0070002441,0.0736300829712456,0.0909323000303483,0.415442441015677,0.496302128221278,"ENSMUSG00000016946"
611.913632818684,-0.103327169537998,0.128934064640144,0.415444944043687,0.496302128221278,"ENSMUSG00000033020"
951.955116864693,-0.0696411115205667,0.0863255529892745,0.415913357269837,0.496825246175858,"ENSMUSG00000067722"
37.3279914029459,0.232580142415456,0.312927824030747,0.416101569672301,0.497013600757684,"ENSMUSG00000073460"
1019.59706228377,0.089045538487181,0.110491302508637,0.416144329475528,0.497028204211802,"ENSMUSG00000030264"
22.0659336423718,0.298172738112264,0.451235406569101,0.416752019771103,0.497717489202789,"ENSMUSG00000017499"
2128.77360675128,0.0637068800523352,0.0787833017076956,0.416873374452138,0.497825896070127,"ENSMUSG00000020089"
15.7801389486273,0.288596200144813,0.42320339745519,0.416944769295258,0.497868027188577,"ENSMUSG00000022102"
1318.05882954651,0.0554769602703502,0.0685254224422243,0.416969825203457,0.497868027188577,"ENSMUSG00000041775"
554.636926298473,-0.094531673298652,0.118088209006282,0.417707172244991,0.498711849039457,"ENSMUSG00000115423"
2804.25113652868,0.0580745971213155,0.0718425957518339,0.417824115747528,0.498778304204917,"ENSMUSG00000032606"
14.9544650934082,-0.284878866825604,0.419010203125092,0.417797407334001,0.498778304204917,"ENSMUSG00000117141"
2727.96949835737,-0.112948641816951,0.140916003843764,0.417893941513416,0.498825077359785,"ENSMUSG00000036560"
4648.69815752061,-0.0730320512522353,0.0916287658369491,0.418271449559567,0.499239086077918,"ENSMUSG00000003731"
30.2282899218351,-0.259684524800607,0.364233043400196,0.418382600015257,0.499335139163308,"ENSMUSG00000082063"
1780.14343655075,-0.0616069503032404,0.0766975027598774,0.418488763158665,0.499382543383344,"ENSMUSG00000004221"
861.140454537301,-0.117676545708394,0.148635548567778,0.418524574525663,0.499382543383344,"ENSMUSG00000027287"
374.344213521138,0.20210900860221,0.266348852084018,0.418453986411462,0.499382543383344,"ENSMUSG00000059456"
214.945417458711,-0.151240307165863,0.193510357609725,0.418545032521131,0.499382543383344,"ENSMUSG00000111163"
139.693285848029,0.188778512876674,0.245743591652568,0.418678495702602,0.499505170994353,"ENSMUSG00000056144"
4925.02250838194,0.0772077642526593,0.0960117009564114,0.418852536288416,0.499676188032454,"ENSMUSG00000093674"
27.3962081735748,0.243731038843497,0.333102550097848,0.419127801081258,0.499967928037573,"ENSMUSG00000027454"
539.824582292471,-0.112928696341022,0.142486545821013,0.419227653072852,0.500050394718244,"ENSMUSG00000048997"
850.351342653734,0.124261807436048,0.156886372939165,0.419288919804362,0.500086828588467,"ENSMUSG00000057130"
3797.63234536976,-0.0985801943831269,0.123929462646434,0.419404042022792,0.500187485973112,"ENSMUSG00000036501"
497.903510148422,-0.112473558698025,0.14234343369958,0.420580651134327,0.50148050389427,"ENSMUSG00000020471"
25977.3793212959,-0.0850017238467707,0.109491342296115,0.420541438400564,0.50148050389427,"ENSMUSG00000039953"
32.5468906573366,-0.255748134083057,0.36469683207247,0.420564343206257,0.50148050389427,"ENSMUSG00000091345"
87.6378030728728,0.141666761447208,0.180659686979106,0.420834204410785,0.50156239415718,"ENSMUSG00000020193"
112.038600119103,0.17249848111771,0.223392748563065,0.420825019388795,0.50156239415718,"ENSMUSG00000031146"
5258.79443270555,-0.0793184095598042,0.100132036193586,0.420696214744529,0.50156239415718,"ENSMUSG00000037979"
2775.9253666849,-0.0725731765874523,0.090932018877051,0.42079801091635,0.50156239415718,"ENSMUSG00000044477"
3172.57229336808,0.0953771119351595,0.119534917163228,0.420777249536511,0.50156239415718,"ENSMUSG00000044628"
78.4184018689666,0.229408976206264,0.311955292897142,0.420738990584588,0.50156239415718,"ENSMUSG00000070604"
2185.91067838586,-0.0647573521574968,0.0807313560499869,0.420990021142803,0.501711367169086,"ENSMUSG00000021366"
57.0895081859831,0.256820631780045,0.360994099883711,0.421160625082805,0.501864832270448,"ENSMUSG00000030834"
1604.82345884696,-0.076415334306029,0.095888656853281,0.4211804566683,0.501864832270448,"ENSMUSG00000050079"
5918.18175355649,0.0751427496979472,0.0939483015377563,0.421234436008951,0.50189241321576,"ENSMUSG00000028277"
20412.5924850304,-0.0503064050880804,0.0629237576595113,0.421571498305862,0.50225725312324,"ENSMUSG00000022477"
650.963322532349,-0.085379503358765,0.10750344271665,0.421782701300979,0.50247210273546,"ENSMUSG00000022555"
2633.51227580884,-0.112783881035972,0.143706479264435,0.422084795315378,0.502795191960756,"ENSMUSG00000041688"
211.517442084653,0.130823627506568,0.167172779798324,0.422297263395707,0.503011477649299,"ENSMUSG00000015133"
133.984930651687,-0.196105338463774,0.260517466400667,0.422624689382204,0.503364651625339,"ENSMUSG00000041736"
167.199821021795,0.143629021366464,0.184277064357294,0.422717978180811,0.503438926604276,"ENSMUSG00000118346"
1178.67547046329,-0.122454757511458,0.157549792148728,0.423320450159246,0.504119561613301,"ENSMUSG00000019763"
14544.8507483558,0.0893644985411579,0.112527923109226,0.423587352325581,0.504400506302546,"ENSMUSG00000024127"
1177.91069912915,-0.0775373630592848,0.0978643135142217,0.423823190419913,0.504644422036087,"ENSMUSG00000029463"
7431.20113155246,-0.0524842024767485,0.066323323442045,0.424014015130902,0.504834708769809,"ENSMUSG00000025613"
5418.08785311026,0.0834701684801389,0.105559052556271,0.424450898560891,0.505317905856373,"ENSMUSG00000021669"
9.93817057866871,0.316846279990623,0.536815097526536,0.424549117297821,0.505348240620913,"ENSMUSG00000002076"
123.283005642536,0.189641145218205,0.250662213180862,0.42456951337582,0.505348240620913,"ENSMUSG00000034898"
217.140336567544,-0.128637032927741,0.16518741807974,0.424514139702382,0.505348240620913,"ENSMUSG00000040998"
450.786880811707,0.124178438686676,0.158601287311385,0.424882260852731,0.50566019711538,"ENSMUSG00000014303"
301.448957859744,0.107007709953823,0.136119718092992,0.424954694109346,0.50566019711538,"ENSMUSG00000024534"
876.223331261599,-0.0917197593719081,0.116532181255932,0.424955860458189,0.50566019711538,"ENSMUSG00000025134"
6961.64839334106,0.0752559231182442,0.0945913774879706,0.424896406391651,0.50566019711538,"ENSMUSG00000077450"
75.5989033187941,0.224990127712046,0.306320610023612,0.425208874461095,0.505924278815709,"ENSMUSG00000050105"
1251.29716629897,0.110846698704514,0.141048058789261,0.425401213807927,0.506116134948504,"ENSMUSG00000035181"
190.225546231407,-0.164213276063688,0.2155878144857,0.425460541194873,0.506149725175045,"ENSMUSG00000090210"
1277.74409759259,-0.104871360128528,0.130093698580138,0.425556200107113,0.506226529183249,"ENSMUSG00000031967"
2964.51084670559,0.10001402295711,0.126984533836961,0.425631991454623,0.506279689945075,"ENSMUSG00000033900"
1533.91682507359,-0.0852008152993447,0.108227504557518,0.425779425966018,0.506418054645246,"ENSMUSG00000074643"
1742.79235336529,0.0732394219283965,0.0925759906150206,0.426189011698629,0.506868176549301,"ENSMUSG00000038503"
3792.93237825763,0.0552842960798337,0.0696957699523114,0.426266710213777,0.506923546819102,"ENSMUSG00000038546"
165.047031743272,-0.103634014296891,0.132457228673874,0.426385786709908,0.507028112795959,"ENSMUSG00000032478"
23.2034025754564,-0.243454062485153,0.342794517440386,0.426610898461451,0.507258743985062,"ENSMUSG00000090966"
2996.24353561865,0.0712836524858236,0.090088699489397,0.426687375209075,0.507275569212191,"ENSMUSG00000002103"
1663.02328484933,-0.0634059420713036,0.0803730664641415,0.426660397149784,0.507275569212191,"ENSMUSG00000020134"
33.3827373880031,0.286277198647604,0.439551552129024,0.42696485809214,0.507568389689904,"ENSMUSG00000026271"
1387.86168042727,0.0786686606321695,0.0996655924925268,0.427175065002654,0.507781196736761,"ENSMUSG00000090150"
10.0308070330422,-0.297437100270318,0.465674930208563,0.427281493095757,0.507870620271101,"ENSMUSG00000115287"
357.691664176712,-0.111454327401521,0.143060141837383,0.42731912232719,0.507878261772926,"ENSMUSG00000059429"
36.6212834503751,0.301327767091781,0.692317697802734,0.427807653338489,0.508421769806813,"ENSMUSG00000096770"
5174.12165457805,0.0685820127191441,0.0869152598360568,0.428229702604008,0.50884904730185,"ENSMUSG00000002808"
19187.0842335523,-0.0723432008489326,0.0925283193552913,0.428219847329704,0.50884904730185,"ENSMUSG00000030246"
22.3514995822911,-0.278672892695499,0.421733167523127,0.428495268793102,0.509127444190811,"ENSMUSG00000032860"
35.2847806414011,0.290369147807417,0.453613931312573,0.428554179207847,0.509160275100017,"ENSMUSG00000010342"
197.09514519451,0.13671029383891,0.177324809294356,0.428768257593071,0.509377441037805,"ENSMUSG00000007837"
47.117961143579,-0.183950883597064,0.245972730485389,0.428809590749051,0.509389368620963,"ENSMUSG00000046591"
53.9881463931591,0.201838289619847,0.272266183328501,0.429085046011517,0.509679391343802,"ENSMUSG00000074580"
631.70232519269,-0.103060457230462,0.132601445153031,0.429189138416995,0.509741192928841,"ENSMUSG00000025648"
19.5345653555312,-0.252752819217468,0.362427815904622,0.42919970452652,0.509741192928841,"ENSMUSG00000117357"
4228.52160708297,0.0848728324072487,0.10827234669759,0.429322839485806,0.50982318192545,"ENSMUSG00000040118"
12.1135720252601,0.302639241026499,0.482890626130316,0.429331378414674,0.50982318192545,"ENSMUSG00000096218"
11497.4412556991,0.123467811530127,0.158944812815501,0.429366247446924,0.509827396304693,"ENSMUSG00000064329"
20.6004050640351,0.27684567232927,0.411725658549292,0.429458827112599,0.509900130396709,"ENSMUSG00000057068"
2672.13580171246,0.0669191831295401,0.0850725505995009,0.429579134414889,0.510005772737623,"ENSMUSG00000026617"
76.2369016428728,0.265546094620184,0.386457248237632,0.429692391295577,0.510103029865038,"ENSMUSG00000046215"
18841.5705988825,0.082190963209206,0.104783937166195,0.429763274954737,0.510149973726625,"ENSMUSG00000055022"
232.33378565106,0.101812978599924,0.130824460781834,0.430301772198818,0.510751950404868,"ENSMUSG00000038085"
113.5399733689,-0.205242930784874,0.280225890431322,0.430333629334375,0.510752520474295,"ENSMUSG00000047959"
2204.68835668961,-0.0625892735393593,0.0798769794036816,0.430550130876653,0.510972224439352,"ENSMUSG00000049680"
234.627791998595,-0.12439875681601,0.161649633490271,0.430778130568147,0.511205541254524,"ENSMUSG00000040272"
87.2862376081019,0.179484546865731,0.23929646159972,0.430920944277554,0.511337740993587,"ENSMUSG00000093575"
3174.59675540512,0.0590456914148289,0.0754090257006157,0.431975228744117,0.512551408520791,"ENSMUSG00000024327"
182.591818986046,-0.210896075187481,0.291820796297307,0.432032271458471,0.512581728484037,"ENSMUSG00000096370"
5698.14766745333,-0.0885331765830806,0.121139408848785,0.432192423080786,0.512642787321179,"ENSMUSG00000009927"
394.731818152078,0.117810685356127,0.152774829068309,0.4321732229851,0.512642787321179,"ENSMUSG00000019297"
130.533970002077,0.140921248212834,0.184356291232181,0.432209707162788,0.512642787321179,"ENSMUSG00000030725"
2225.71083395763,0.121835801492614,0.157766562149064,0.432126909586037,0.512642787321179,"ENSMUSG00000074733"
3149.63678552951,0.0975538724125286,0.125848685066515,0.432329113137948,0.512747053089947,"ENSMUSG00000027603"
414.352696889031,0.0898605709089364,0.115594995397779,0.432423968332662,0.512822188293682,"ENSMUSG00000071073"
15.9419910609316,-0.312466768919311,0.578610955598985,0.432530566143405,0.512911237392172,"ENSMUSG00000023393"
403.337928047314,0.0833723688096952,0.107257660323099,0.432757806025688,0.513115884341547,"ENSMUSG00000031879"
898.611475433397,0.0804396749742907,0.103660932993135,0.432766186025624,0.513115884341547,"ENSMUSG00000049957"
9541.81765205648,0.0551997989298944,0.0707871403745718,0.43324879791381,0.513650686994974,"ENSMUSG00000031299"
881.8115874886,-0.104444777165192,0.135490768367668,0.433471306135736,0.513877060758686,"ENSMUSG00000078185"
1518.65530746295,-0.0672977465447683,0.0866369379585024,0.433833883604752,0.514267556116811,"ENSMUSG00000065990"
11.3902758888197,-0.289383854459996,0.455021207398368,0.433863886727618,0.514267556116811,"ENSMUSG00000081143"
2231.09249428375,0.0785977472908389,0.10119409053381,0.434135733119679,0.514552312780118,"ENSMUSG00000021290"
257.45496663953,-0.122134191493292,0.160037184588311,0.43434709249173,0.51476534194251,"ENSMUSG00000008450"
10704.5362891665,0.0714807027461081,0.091820909746649,0.434745830783285,0.51520039556569,"ENSMUSG00000026585"
1377.30135995334,-0.0645315873092279,0.0832111020032814,0.434781199523403,0.515204802055904,"ENSMUSG00000024622"
151.50074662376,-0.141826259348814,0.187680851184877,0.434914753949286,0.515325547007313,"ENSMUSG00000020973"
65.3555766153669,0.226010144862081,0.317813508334238,0.434949023987436,0.515328642002146,"ENSMUSG00000010044"
593.063293342558,-0.10183423635542,0.132828977880379,0.435462075128274,0.515898956254588,"ENSMUSG00000056383"
52.8637707805443,0.20017481875924,0.273940993910019,0.435530407824378,0.515942360713574,"ENSMUSG00000093385"
519.018856699408,-0.0767569382085397,0.0994625078701198,0.435820193338424,0.516248079403497,"ENSMUSG00000036860"
642.549761756636,-0.0680776760094749,0.0880538672943461,0.435960250544148,0.516376406778552,"ENSMUSG00000020328"
588.73185816608,0.0794757060202569,0.102849697643081,0.436026611009022,0.516417431170318,"ENSMUSG00000049960"
1851.59121841833,-0.0783238220450696,0.101629562080928,0.436189916971952,0.516573260710763,"ENSMUSG00000035585"
2523.80678434074,0.0917244234058176,0.119137722823113,0.436269281468492,0.516592082908571,"ENSMUSG00000035478"
124.728611598801,0.162023234656737,0.216376421910713,0.436257546245047,0.516592082908571,"ENSMUSG00000045690"
773.304555119287,0.116381377001093,0.152293168738537,0.43651605440807,0.516846692875659,"ENSMUSG00000074896"
2724.4124005932,-0.0830532813565486,0.104496623700992,0.436587300470368,0.516893452400658,"ENSMUSG00000027304"
379.578808024154,0.183234939630073,0.247904738296457,0.436682096669796,0.51696808506116,"ENSMUSG00000046879"
1768.58005590302,-0.106211612149546,0.139146966976485,0.436741038842648,0.517000264001209,"ENSMUSG00000097929"
25.2225227682813,-0.281804306614518,0.439462926009869,0.436824014244535,0.517060885970952,"ENSMUSG00000050761"
9178.88271907474,-0.0540564342983276,0.069961276493951,0.43726541897187,0.517508106007278,"ENSMUSG00000025266"
17.9109311610935,-0.298254763293171,0.496657943175325,0.437249948226476,0.517508106007278,"ENSMUSG00000105053"
10.7945917072544,-0.28549837693514,0.450283086815679,0.437401554440454,0.51763158874458,"ENSMUSG00000082357"
3021.12292045499,0.0565886971128719,0.0729783386772073,0.437576678149141,0.517801189801667,"ENSMUSG00000022031"
17.4504924893237,0.259805010222677,0.385525545648196,0.437646142203368,0.517845744187427,"ENSMUSG00000073915"
288.081096769158,-0.143195571612522,0.190998763003116,0.438142416055594,0.518395279005158,"ENSMUSG00000026972"
8.92155822554115,-0.303888821509251,0.52531562289517,0.43859500212172,0.518893047789618,"ENSMUSG00000079262"
437.990731191904,-0.131604556045666,0.174869875421508,0.438652379975587,0.518923215206584,"ENSMUSG00000049482"
110.066682949465,0.17840470127444,0.242184239375582,0.438761945484597,0.519015111445264,"ENSMUSG00000025776"
1174.51322099478,-0.07664533600032,0.10003411409598,0.438984039541708,0.519240095600925,"ENSMUSG00000022019"
911.637568080473,0.0666526772496273,0.086586230118105,0.439057682788449,0.51928946889707,"ENSMUSG00000031823"
212.972534653904,0.212159565351294,0.295095990007205,0.439210217683626,0.519432136257924,"ENSMUSG00000107928"
1005.02230561826,-0.110087737551123,0.145246408054205,0.439354487335213,0.519565008706327,"ENSMUSG00000074405"
1753.94141282866,0.0707488435350186,0.0920038095637201,0.439431055653594,0.51961780647459,"ENSMUSG00000073676"
387.054396738135,0.105756173199018,0.138646921062191,0.439552327335141,0.519723453501956,"ENSMUSG00000045100"
4599.82172316759,-0.0650587763619061,0.0847638827797368,0.439676467399622,0.519832476491215,"ENSMUSG00000029203"
98.2433264285324,-0.16222971077691,0.219740304707111,0.439932771401254,0.520097730617301,"ENSMUSG00000113523"
1393.15140733015,-0.117687978466558,0.156164345882576,0.43997154171147,0.520105792010117,"ENSMUSG00000040414"
421.789993257094,0.126099829846136,0.167007074613126,0.440223618577825,0.520365991083424,"ENSMUSG00000026648"
580.255861591674,0.065176573947847,0.0848728888739158,0.440317205500177,0.520438823056338,"ENSMUSG00000025737"
235.649196768023,-0.121965683142482,0.162204542768038,0.440795118735558,0.520965871108503,"ENSMUSG00000033970"
725.505248607776,0.166610734325729,0.225394381759795,0.440871267816175,0.520993385752801,"ENSMUSG00000024066"
2843.8182422426,-0.0954653252173734,0.125791624103089,0.440882411152773,0.520993385752801,"ENSMUSG00000044676"
1368.00869779891,0.0749058358425206,0.097904584212407,0.4412141038433,0.521347501623203,"ENSMUSG00000028070"
532.659612094564,-0.0853883136532669,0.112363758793873,0.44141857539875,0.521549385782415,"ENSMUSG00000042389"
2439.25615687252,0.0548942073213483,0.0715935768849789,0.441449037800106,0.521549385782415,"ENSMUSG00000045216"
1364.85880132287,0.164144203861237,0.221670187825116,0.44177439551673,0.52185802686657,"ENSMUSG00000025509"
20.6877167306708,0.256879089711185,0.383926373428045,0.441748211739699,0.52185802686657,"ENSMUSG00000079445"
631.716797027701,0.125848277396523,0.167352749746425,0.441940485298421,0.522016342768137,"ENSMUSG00000039286"
2374.43389324149,-0.0727719886160983,0.0956920656528757,0.442673084603643,0.522843743373828,"ENSMUSG00000029060"
269.648798934471,-0.122775751105278,0.164150633376443,0.443089075970753,0.523297103580637,"ENSMUSG00000111777"
668.730405072392,0.111172215048651,0.147391512319117,0.443143552554954,0.523323472757512,"ENSMUSG00000024530"
540.371600042319,-0.12859788733171,0.172461107831275,0.443295406196483,0.5234648256849,"ENSMUSG00000024913"
560.208319530681,-0.0671610936254445,0.0883428628520322,0.443491218540566,0.523658062919146,"ENSMUSG00000024792"
28.8030123113442,0.234750632696556,0.341081805968572,0.443627061447433,0.52378046755939,"ENSMUSG00000033114"
12.8735247918352,0.26994526764362,0.416160343873033,0.444122766235117,0.524327704436847,"ENSMUSG00000113397"
3099.82612846908,0.0676291440866355,0.0878934982852339,0.444969167081996,0.525288860813745,"ENSMUSG00000030088"
34.9734416770731,0.212904411596314,0.302049008441841,0.445041412197122,0.525336048422389,"ENSMUSG00000005251"
9.30687787845331,0.296569573995857,0.504113487594775,0.445240313548297,0.525532725976302,"ENSMUSG00000047911"
13885.3023231861,-0.151613620854357,0.21008293032641,0.445278607684247,0.525539818437077,"ENSMUSG00000026864"
62.8672263304073,0.202064198342585,0.284630198587232,0.445470543987822,0.525728232801695,"ENSMUSG00000097239"
1213.57224234834,-0.0688597701210917,0.0909685013497426,0.445679254334417,0.52593641453209,"ENSMUSG00000024309"
190.96664328917,0.133703733982511,0.179966260127097,0.446021541848883,0.52630218617007,"ENSMUSG00000109398"
450.140987590389,0.0797793441565347,0.105610412536385,0.446183323424272,0.526416767319004,"ENSMUSG00000031931"
445.08715424193,-0.126412644055053,0.170495662742838,0.446174635798642,0.526416767319004,"ENSMUSG00000039004"
460.442458702621,0.125818350598196,0.168952998654253,0.446308111993038,0.526525833238344,"ENSMUSG00000113961"
517.53141014896,0.0941227196372746,0.125014959029692,0.44635738062812,0.5265457962073,"ENSMUSG00000034880"
2499.8742671392,0.0685700883635134,0.0908072588387864,0.447878671161141,0.52830210211312,"ENSMUSG00000007021"
497.594780906083,-0.254882710135534,0.38895258877035,0.447920586215773,0.528313260084077,"ENSMUSG00000028364"
8.17552654587054,-0.293344545546014,0.500058832145518,0.4480734240541,0.528455238135968,"ENSMUSG00000090066"
9.60683511715523,0.295697639924416,0.500962648640925,0.44813288635716,0.528487077021071,"ENSMUSG00000020062"
1788.29877614067,0.0743543851880406,0.0987286279114499,0.448375631123362,0.528700585299366,"ENSMUSG00000060860"
496.401289505488,-0.0880004447972683,0.117553762052213,0.448378890530639,0.528700585299366,"ENSMUSG00000063698"
8219.0578060726,0.0775342512330069,0.102711995394986,0.448489242777776,0.528792401415083,"ENSMUSG00000025980"
3709.96245325353,0.0899288440314353,0.119486839091685,0.448891914848514,0.529228839712038,"ENSMUSG00000030861"
1172.56757821808,-0.0597003840863337,0.079437232058426,0.449153168004849,0.529498498608265,"ENSMUSG00000035367"
4982.79697308303,-0.0499984690511166,0.0666507937187042,0.44952559055841,0.52989916453833,"ENSMUSG00000028960"
226.290821569146,0.151161374330993,0.207513478677338,0.449758310777431,0.530135103753441,"ENSMUSG00000057265"
44.0500311451944,-0.195029571538462,0.277491131244398,0.450231586041809,0.530654533168385,"ENSMUSG00000091577"
3634.757794178,-0.113714640063494,0.155191370587017,0.450331774464973,0.530734189454158,"ENSMUSG00000031600"
2491.60181951675,-0.0533152607885386,0.0711553296983333,0.450391342510061,0.530760976005147,"ENSMUSG00000012076"
5269.77610518318,-0.0950190078647243,0.113084856230806,0.450419715108435,0.530760976005147,"ENSMUSG00000021279"
6848.59222067603,0.0602663616152924,0.0801762470034063,0.450517801202749,0.53079970816288,"ENSMUSG00000021987"
5545.86068593313,-0.0441409357963927,0.0589071673695085,0.450510544046123,0.53079970816288,"ENSMUSG00000037822"
951.23173757479,-0.0658580394635762,0.0880767149328127,0.451163207330061,0.531521653681605,"ENSMUSG00000030600"
294.518499500632,-0.116774581957253,0.158738877064277,0.451293848556597,0.531637086901453,"ENSMUSG00000094520"
16041.1710879162,-0.0440437823881852,0.0592698039034879,0.451587312252375,0.531944299069698,"ENSMUSG00000011752"
82.2848596762722,-0.169081280698826,0.236910365004752,0.451708846653099,0.532048958452905,"ENSMUSG00000117694"
18.0988033835623,0.276354737299773,0.445353084594283,0.451814606063198,0.532135023333821,"ENSMUSG00000028072"
21.218466514686,0.24637118153117,0.371750576864805,0.45201232031183,0.532252354603297,"ENSMUSG00000040706"
1008.22915798205,-0.0987758833223879,0.133719422901039,0.451967032155053,0.532252354603297,"ENSMUSG00000054469"
103.549740927107,0.127877546174546,0.174324441344095,0.452011679050169,0.532252354603297,"ENSMUSG00000066042"
11.8170802218262,-0.289424611170565,0.493928350766394,0.452096246651433,0.532312672910816,"ENSMUSG00000026564"
720.469066641877,0.0964524969939994,0.13001079343262,0.452234133533107,0.532436512776791,"ENSMUSG00000062753"
594.413195853206,0.0649953435827188,0.0869350700091267,0.452480005199632,0.532687461100717,"ENSMUSG00000026885"
464.136549616052,0.101682136075912,0.137358461245862,0.452604662147592,0.532764426685051,"ENSMUSG00000033439"
8434.00340184567,0.057134749184246,0.0762727215921981,0.452610840190906,0.532764426685051,"ENSMUSG00000066324"
2996.63404867087,0.0601719475068259,0.0804457103705293,0.452693540503196,0.532823243117211,"ENSMUSG00000020111"
44.284208638547,0.250501579090925,0.382605324843793,0.452760401105542,0.53286340895062,"ENSMUSG00000035179"
795.657432899918,0.117539054939335,0.159459380026868,0.452904619647814,0.532994606609827,"ENSMUSG00000078193"
163.658718601084,0.156491296670188,0.217077908466756,0.453164011860428,0.533261316060439,"ENSMUSG00000097394"
467.110460351666,-0.0847501938286262,0.114640153388054,0.453237493483226,0.533309232248081,"ENSMUSG00000034259"
18.05616928309,-0.267242698237913,0.428300272930867,0.453512615411809,0.533594387688719,"ENSMUSG00000113871"
720.421387359422,-0.104403045816844,0.142233381360587,0.454345422493546,0.534535616316128,"ENSMUSG00000015013"
83.4155584388298,-0.174486653036406,0.246589137691636,0.454398304344062,0.534559196221193,"ENSMUSG00000062619"
6582.6177337208,0.0713037959294436,0.0958438423242494,0.454504483661045,0.534645467916931,"ENSMUSG00000048385"
101.554739303465,0.221781912649645,0.326311549503113,0.455020927074682,0.535214296619819,"ENSMUSG00000111092"
38.8684327892006,0.18823911835488,0.268156649024152,0.455121863294123,0.535294341813709,"ENSMUSG00000115661"
2306.18285819712,0.135787649103566,0.18684912999588,0.455267044187683,0.53538772903389,"ENSMUSG00000033685"
488.510019459069,-0.0726568668511945,0.0982113490005254,0.455255247264326,0.53538772903389,"ENSMUSG00000059183"
557.664292455376,-0.12068594074041,0.165921949825993,0.455309555601888,0.535399042554903,"ENSMUSG00000046792"
151.223581806309,-0.149086337506664,0.208217408685454,0.455664521685926,0.535777743715942,"ENSMUSG00000113889"
25.3571591875612,-0.246464192054855,0.380892043332722,0.455810023385799,0.535910116336152,"ENSMUSG00000073403"
24.8077804295309,-0.222000901694985,0.330245417439359,0.456383333307732,0.536545421030136,"ENSMUSG00000093416"
569.249854642139,0.146388229843567,0.203365948215413,0.456478873038466,0.536618985723995,"ENSMUSG00000031158"
169.167899213335,0.147713973605753,0.205800024898849,0.456985182854101,0.53717539041732,"ENSMUSG00000043639"
6133.17954132402,0.0900730718159485,0.122416289080457,0.457312413463407,0.537521226540353,"ENSMUSG00000038467"
32.8807221223587,-0.216392471454359,0.32119015934563,0.457382483206781,0.5375647697935,"ENSMUSG00000044966"
341.818468504184,-0.105311455153163,0.144726490415739,0.457511531651744,0.537677619827239,"ENSMUSG00000049881"
1898.41342104594,-0.0537960746159227,0.0729074677702696,0.457566945245348,0.537703922516876,"ENSMUSG00000031575"
1602.65807722026,-0.131614625303637,0.18293392488501,0.457631367857964,0.537740807477943,"ENSMUSG00000032575"
393.152090277168,-0.0901219567714957,0.123155129686775,0.457773822593234,0.537869372323709,"ENSMUSG00000028583"
321.001623819591,-0.0901865771256889,0.123282852240964,0.457857802365939,0.537929217388146,"ENSMUSG00000028189"
2543.95311351734,0.0734633120171343,0.0996471792437563,0.458044169780786,0.538109338603611,"ENSMUSG00000115987"
1971.01710831085,0.0800319082473495,0.108762811184269,0.458233002447496,0.538209231688313,"ENSMUSG00000015790"
794.490174063334,0.0905547776800211,0.123481739774126,0.458205717422023,0.538209231688313,"ENSMUSG00000038074"
33.5920826200462,-0.252436366142085,0.398499596989283,0.458261454183562,0.538209231688313,"ENSMUSG00000054966"
21.2096981995582,0.260683896606547,0.413279925341479,0.458212678763384,0.538209231688313,"ENSMUSG00000074063"
23.045314773682,-0.229804165277366,0.347566511583676,0.458475652442801,0.538344274000138,"ENSMUSG00000014725"
852.695873352642,-0.0593108084186341,0.080535857299745,0.458462065111823,0.538344274000138,"ENSMUSG00000033751"
32.0273351349285,-0.266207120349529,0.432778968231896,0.458427339212768,0.538344274000138,"ENSMUSG00000052776"
14.3847258654889,-0.255318084728671,0.405332250154577,0.458555471496896,0.538399160778021,"ENSMUSG00000020798"
30.7219751908785,-0.201125300747385,0.294481877132791,0.45873309335076,0.538568863581945,"ENSMUSG00000049806"
462.388445712973,-0.0932388652538514,0.127893497608704,0.458772041937731,0.53857574633365,"ENSMUSG00000026627"
785.835347488884,-0.0739903405502242,0.100946505220229,0.458832150160439,0.538607466669908,"ENSMUSG00000039263"
77863.1014903989,-0.0917897910408105,0.12597121826535,0.458914147228985,0.538664875150954,"ENSMUSG00000015656"
19.5246667145983,0.2615168357397,0.415876607646414,0.459038700935544,0.538772223940355,"ENSMUSG00000030577"
782.555105128733,-0.0908366668988672,0.124626208127941,0.459279074537942,0.539015484883101,"ENSMUSG00000025735"
188.687433890648,-0.141532491359783,0.198652345367982,0.459818196822822,0.5396093005466,"ENSMUSG00000096099"
2113.76924643103,0.0566059162896517,0.0770090907706747,0.459968902346774,0.539747245703633,"ENSMUSG00000032997"
20178.7870508757,0.0821462287427105,0.112109007742274,0.460038794094795,0.539790347457296,"ENSMUSG00000071866"
1119.22235055943,-0.111076960091195,0.153921061176434,0.460130190302132,0.539855586033508,"ENSMUSG00000026740"
923.546661924042,-0.230720245634917,0.733314757816134,0.4601607234436,0.539855586033508,"ENSMUSG00000078901"
499.999632530368,-0.082677818392115,0.113367422766389,0.460221024676613,0.539887419983129,"ENSMUSG00000026942"
638.990223215843,-0.13935056793415,0.195797574844086,0.460526991867478,0.540207420452461,"ENSMUSG00000053007"
75.209283593621,-0.181911530873918,0.263045392560353,0.460708662193143,0.540381582589709,"ENSMUSG00000106819"
7465.1108557889,0.0595449087258086,0.0810616700339987,0.460804007404866,0.540415535485332,"ENSMUSG00000022390"
258.412750992622,-0.127306835501133,0.177877395650357,0.460773716732957,0.540415535485332,"ENSMUSG00000031090"
191.287992134586,-0.126973042870539,0.177295171612696,0.460879984351678,0.540465700257662,"ENSMUSG00000102312"
58.9006151842625,0.205307890132743,0.301679747941979,0.460915053200059,0.540467889064297,"ENSMUSG00000053113"
17897.7136678146,0.0575386532316048,0.0770870594344758,0.461126390553032,0.540598875435525,"ENSMUSG00000018411"
1471.92617518868,0.0888923018665037,0.121797032987208,0.461117237904066,0.540598875435525,"ENSMUSG00000021127"
168.330676064195,0.133691518896829,0.186602875118049,0.461125980461777,0.540598875435525,"ENSMUSG00000037772"
69.0363669184569,0.164160963484933,0.233688205641198,0.461723253906801,0.541259623152449,"ENSMUSG00000105370"
519.781970246504,-0.0721866549265926,0.0990320561981022,0.461811004959643,0.541316225903342,"ENSMUSG00000020544"
21.0008187027949,0.230508274532474,0.350193515963251,0.461866307497017,0.541316225903342,"ENSMUSG00000060404"
9.45857418931845,-0.29270088888873,0.565358654077088,0.461871302467842,0.541316225903342,"ENSMUSG00000091059"
734.680713799227,0.103449616811551,0.142932016835518,0.462121270608446,0.54152515530014,"ENSMUSG00000004931"
3246.23695038704,-0.0635588288086745,0.0863281476748564,0.46214937077218,0.54152515530014,"ENSMUSG00000014606"
9.58386150656581,0.281213937402452,0.479969659928188,0.462111733732744,0.54152515530014,"ENSMUSG00000049864"
231.080946088447,0.118351718756914,0.164566341992711,0.462679112510366,0.542106859097656,"ENSMUSG00000019487"
6762.49001418795,0.0993875527051668,0.135431535580348,0.463372846835111,0.542880610391675,"ENSMUSG00000020114"
78.0770920771002,0.15121583618474,0.214344420007766,0.463989526220011,0.543563980410891,"ENSMUSG00000049872"
2166.15681909033,-0.0657870846602382,0.0907390337980946,0.464084268916101,0.543635846964327,"ENSMUSG00000089704"
85.9843369119106,-0.136066426439018,0.192228421563352,0.464214795948698,0.543749618511399,"ENSMUSG00000096220"
503.760974957505,0.0746884445410872,0.102779258489565,0.464342404441158,0.543859955352797,"ENSMUSG00000024253"
940.14826176591,0.0795637833537142,0.109655410521577,0.464465003276661,0.543964409190409,"ENSMUSG00000000439"
2112.09276747401,-0.0612691613207507,0.084387022204763,0.464579288967458,0.544059112648365,"ENSMUSG00000042302"
2012.45598116943,-0.0727492065549416,0.100381165632454,0.464873178361235,0.544364117499762,"ENSMUSG00000003308"
17.4172500198993,0.245865492419544,0.387711655474234,0.464984175893963,0.544454928442089,"ENSMUSG00000001622"
3368.55468433539,-0.0645287450627047,0.0890553280216262,0.465024375652936,0.544462834415485,"ENSMUSG00000042650"
2331.83346571925,0.0620055990295372,0.0852930581812446,0.465176438830969,0.544601702480619,"ENSMUSG00000001424"
5192.85315232466,-0.0657024540090418,0.0911253869542279,0.465727546818103,0.545207695584688,"ENSMUSG00000037916"
205.948888982555,0.120059559474426,0.168341399996529,0.465957654400953,0.545350903375441,"ENSMUSG00000034334"
2005.57078370174,0.077775555529284,0.107503860900547,0.465958617206422,0.545350903375441,"ENSMUSG00000058603"
70.6808844793853,-0.179727164096528,0.26286918636628,0.465941376112736,0.545350903375441,"ENSMUSG00000094921"
83.7012511148011,0.165643952217274,0.238138652195357,0.465983887151309,0.545350903375441,"ENSMUSG00000111327"
20.4716983189668,-0.244660143306075,0.388795968961393,0.466413288003357,0.545814198570715,"ENSMUSG00000028642"
18.9246861696097,0.247027426268765,0.390653909455702,0.466461923116084,0.545831872941098,"ENSMUSG00000083064"
423.14021440106,-0.0993741407955741,0.139017070272809,0.46666292220762,0.545993009513105,"ENSMUSG00000022313"
292.68719533952,-0.205610979416886,0.30996529777759,0.466666712210089,0.545993009513105,"ENSMUSG00000035929"
2022.41342703408,-0.0477543086689619,0.0659433837304155,0.466761149832409,0.546064251615061,"ENSMUSG00000020180"
1327.60142704759,-0.0602657127278667,0.0834322544916089,0.466822086104244,0.546067881419695,"ENSMUSG00000048720"
1055.27136709568,-0.0721089479278271,0.100236883772427,0.466831345241213,0.546067881419695,"ENSMUSG00000114114"
1048.20674578856,0.0721858612201307,0.0998029110074845,0.466893204229122,0.546100997229407,"ENSMUSG00000013973"
990.189991965888,0.0858372746143402,0.121118793089312,0.467527522238081,0.546803636082159,"ENSMUSG00000040177"
25.3008205467749,-0.210299832473296,0.318475392861327,0.467595746012971,0.546844137768456,"ENSMUSG00000022941"
330.846869631269,0.120818038802364,0.170514482452501,0.468315941328364,0.547647046906833,"ENSMUSG00000052794"
43.0090695445527,-0.220635661716699,0.339769080071709,0.468437649443535,0.547750022099121,"ENSMUSG00000113921"
319.540867222763,0.120828875926326,0.170814248494041,0.468497978398648,0.547781216231374,"ENSMUSG00000026798"
12.8641637558633,-0.265625905058547,0.447871925715644,0.468884804911263,0.548194128732711,"ENSMUSG00000110820"
4296.33701538821,-0.0608175745038148,0.084739496288119,0.469616253510806,0.549009866033389,"ENSMUSG00000022964"
743.281580795422,-0.117090708252598,0.166446299514296,0.469694744640241,0.54906219412954,"ENSMUSG00000072647"
15.4578251415944,0.261676080632383,0.436747462527397,0.470392198085546,0.549838015254669,"ENSMUSG00000000049"
329.526106098413,-0.0869378818777717,0.122281453648679,0.470605950716937,0.550048371204875,"ENSMUSG00000071252"
3187.79077289825,0.0933585730954773,0.130952192707895,0.470988184549434,0.550455605118875,"ENSMUSG00000014498"
721.188307154089,-0.0921960308411847,0.130068998334123,0.47110001774692,0.550515659467893,"ENSMUSG00000013150"
3777.92901317961,0.0487134484302778,0.0676939269450055,0.471107208280363,0.550515659467893,"ENSMUSG00000045973"
117.366226448897,0.148666928639493,0.2142822050303,0.47119157235289,0.550574719313785,"ENSMUSG00000033029"
34.7468312262339,-0.263064531471758,0.44596431985362,0.471541511789341,0.550944066100122,"ENSMUSG00000089837"
334.542276324111,-0.077863668676251,0.109477621416588,0.471623182812925,0.550999940416909,"ENSMUSG00000040269"
36.0653804359636,0.205236357999073,0.310681577251954,0.471662520674688,0.551006352199122,"ENSMUSG00000109572"
420.476461478268,0.0795124360292133,0.111663592013426,0.472288893953497,0.551698501311448,"ENSMUSG00000056228"
970.738440303227,-0.0593804111853465,0.0832066871193353,0.472348431979411,0.551728456928879,"ENSMUSG00000039660"
3029.8797369616,0.0459727065946545,0.0641289914898993,0.472456130910611,0.55181465874743,"ENSMUSG00000041168"
35.6895119745008,0.216081279243725,0.332242816886608,0.472581578273663,0.551921576348019,"ENSMUSG00000026650"
26.3236522719197,0.279990737216908,0.501690481598901,0.472732304507141,0.552057999337631,"ENSMUSG00000106666"
11.6048966035356,0.275124026898443,0.489190450919068,0.472929367638618,0.552248511221049,"ENSMUSG00000082214"
1103.01901701434,0.0604253949427006,0.0845951428024802,0.472973708435213,0.552260671824718,"ENSMUSG00000024325"
1885.77886096643,-0.0626608495965429,0.0880533108706405,0.473078487686755,0.552343395679601,"ENSMUSG00000034345"
272.369295804383,0.128900713093178,0.184775710826364,0.473182077334388,0.552424718844522,"ENSMUSG00000058586"
1155.67303518753,0.266454101293,0.453065546867444,0.473268907027651,0.552486465045618,"ENSMUSG00000022899"
78.1195984462557,0.146942834726421,0.21305712167104,0.473554821080079,0.552780593584907,"ENSMUSG00000068686"
2941.12269672251,-0.0647700288680001,0.0911999992800803,0.473735947946712,0.552952370620722,"ENSMUSG00000022433"
599.168272034493,-0.116233693028251,0.166529796429099,0.473778565752846,0.552962464567636,"ENSMUSG00000115933"
4274.86779047018,0.0659643483720593,0.092627290778108,0.47396697333009,0.553142700879496,"ENSMUSG00000017677"
2588.28054873288,0.062816591232051,0.0881940410069826,0.474087058447899,0.553163869071385,"ENSMUSG00000020780"
46.7993604383235,-0.169081402514334,0.250376026136562,0.474052493047666,0.553163869071385,"ENSMUSG00000047696"
10.6922226496642,0.288665215403446,0.584484491005857,0.474055523862317,0.553163869071385,"ENSMUSG00000091119"
13.6448290802428,0.267766182745379,0.467423186882614,0.474177876478162,0.553230180139874,"ENSMUSG00000046585"
579.882982085147,0.151052935505097,0.219680418899044,0.474275688163575,0.553270872252788,"ENSMUSG00000051007"
18.6259471933001,-0.240128391995807,0.38836217679235,0.474280731749318,0.553270872252788,"ENSMUSG00000100899"
1109.26485180423,0.0901036460835871,0.127443486516201,0.474336538158246,0.553296321615186,"ENSMUSG00000016481"
767.280743811233,-0.0755949262344982,0.106884657344564,0.474454787908384,0.553369117033784,"ENSMUSG00000022673"
976.872317740298,-0.225851415108163,0.354397214698631,0.474466934908498,0.553369117033784,"ENSMUSG00000107023"
728.135882253394,0.0787244866221917,0.111441116520155,0.474736944930181,0.553644360909405,"ENSMUSG00000028617"
257.947589767632,0.12210506169336,0.17520905169934,0.47506741457959,0.553990069097111,"ENSMUSG00000020766"
12.3976073251179,0.260906083671434,0.442341923406154,0.475423184071022,0.554325520400265,"ENSMUSG00000038057"
201.370327571587,0.11881788306766,0.170336309505005,0.475405675698661,0.554325520400265,"ENSMUSG00000087385"
20262.0646413747,0.0489993512100823,0.067465662580908,0.475480903400896,0.554353111700314,"ENSMUSG00000021288"
4104.59082480744,-0.0814147371026579,0.115563592421339,0.475658554222907,0.554520514620102,"ENSMUSG00000057841"
194.955517096547,-0.152710476137293,0.225330626526852,0.477042099809461,0.556093619356803,"ENSMUSG00000027408"
1313.85823147457,-0.0985793784115069,0.134793929087396,0.477082456908617,0.556100840211849,"ENSMUSG00000029413"
1268.79071936586,0.0621226678091003,0.0878369142467714,0.477121630350756,0.556106680427439,"ENSMUSG00000029201"
458.714380881456,0.0830451187337937,0.118193847194139,0.477643659827028,0.556595568377433,"ENSMUSG00000025869"
37.3436704666747,-0.198681552328916,0.305819820917535,0.477585685975031,0.556595568377433,"ENSMUSG00000029452"
32.9017826338229,0.227385677282483,0.363979559592344,0.477638766684948,0.556595568377433,"ENSMUSG00000030324"
19.8093757019902,0.254493617623447,0.43075269170336,0.478066064133025,0.557047916389218,"ENSMUSG00000009145"
57.4501336660435,-0.184868235867872,0.280598603620322,0.478171098648214,0.557130423290791,"ENSMUSG00000046761"
811.751910968998,-0.0648079295648786,0.0922050345559185,0.478379508691555,0.557333355459571,"ENSMUSG00000054237"
100.948439084971,-0.19816687929941,0.305747753510793,0.479057079540622,0.558051468700951,"ENSMUSG00000045259"
14.4310251167625,-0.281103724157375,0.560381244544072,0.479064456544237,0.558051468700951,"ENSMUSG00000075312"
2144.03355818009,0.0795611842266278,0.112685243660108,0.479169557177079,0.558133957189874,"ENSMUSG00000042790"
220.65556226984,-0.121531352207493,0.176923497536047,0.479392337641123,0.55835349686049,"ENSMUSG00000034738"
184.497678979345,-0.10568444046661,0.152856225069404,0.479452632475388,0.558383769867236,"ENSMUSG00000021958"
2133.43519418342,0.0873960402165683,0.124872402827941,0.479502087754598,0.558401415400582,"ENSMUSG00000033253"
166.383706334093,0.115604791727127,0.167222970388428,0.479716589984688,0.558611249143054,"ENSMUSG00000024869"
100.379307422415,-0.121878674574628,0.177639884700937,0.479769966549299,0.558633441737445,"ENSMUSG00000071661"
1078.0299920806,-0.121128793609324,0.176844101862509,0.480235866775138,0.559135930145605,"ENSMUSG00000030056"
3596.92169627784,-0.045510981737153,0.0648568731007045,0.480544720345771,0.559455511213594,"ENSMUSG00000033545"
1001.25980978398,0.090263976529075,0.129629331249358,0.480804995443978,0.559718495018027,"ENSMUSG00000036552"
1586.03170465655,-0.0587524432422025,0.0839627057691385,0.480964483184778,0.559864120228962,"ENSMUSG00000024151"
583.13299555986,-0.174620565346079,0.264981280541675,0.481178442576095,0.560053586740136,"ENSMUSG00000025533"
4588.21066221242,0.0731173041222269,0.104588295614778,0.48119605996729,0.560053586740136,"ENSMUSG00000044783"
165.015943789649,-0.0984722382336234,0.142570877522158,0.481476176222835,0.56033954361588,"ENSMUSG00000078546"
1807.56899105742,-0.0599989159649456,0.0859299542802367,0.481660920526831,0.560514474144678,"ENSMUSG00000071074"
1026.57883691565,0.0513621428944907,0.0732909896963176,0.48201202320337,0.560882959018118,"ENSMUSG00000056305"
407.43951781113,-0.0939179103325337,0.135991653893227,0.482138942963518,0.56099054421445,"ENSMUSG00000040158"
145.456774041702,0.128367447726962,0.188121110698405,0.482371542951526,0.5612210689847,"ENSMUSG00000020895"
420.207949647036,0.080021564366974,0.115002162424539,0.482481617187076,0.561309016907606,"ENSMUSG00000027551"
218.009663530317,0.0982574037498956,0.142132907406979,0.482590160245885,0.561395171048561,"ENSMUSG00000037761"
345.493494376063,0.142931742508918,0.210906623728465,0.482626795010316,0.561397668227663,"ENSMUSG00000064120"
101.396969733487,-0.146692506638125,0.218370635269276,0.482811542241647,0.561572439057487,"ENSMUSG00000074916"
15532.4795143682,0.089995064040396,0.129899374953703,0.483091920816216,0.561858408620061,"ENSMUSG00000033392"
38.2750669692341,0.22741822288321,0.367962908740943,0.483246790913749,0.561998375544332,"ENSMUSG00000023949"
1300.10865085713,0.0774888463301233,0.111492008388531,0.483433997552426,0.562175926000743,"ENSMUSG00000022837"
6735.54934324744,0.0704571910965347,0.101220179478426,0.483502674673874,0.562215625283329,"ENSMUSG00000082229"
58.5732202542409,-0.204836981249716,0.3243315823081,0.483601233115614,0.562290062332569,"ENSMUSG00000027331"
516.246163099046,-0.096064035314091,0.139703962798214,0.48381778946999,0.562501676808263,"ENSMUSG00000113395"
347.728512152793,0.139674655090574,0.206796522974906,0.484284928972706,0.563004576047544,"ENSMUSG00000020527"
875.042430623362,0.256018313513369,0.439591823892464,0.485257029365768,0.564094402914802,"ENSMUSG00000033880"
381.113135501315,-0.0989319280865853,0.144452906220869,0.48546925112056,0.564260511941484,"ENSMUSG00000042564"
113.977562455416,0.135817824071191,0.201267421734717,0.485436166294124,0.564260511941484,"ENSMUSG00000079492"
123.126698327191,-0.186886314010567,0.290241975680932,0.485531778467358,0.564292895180041,"ENSMUSG00000047394"
226.374853933234,-0.163057495185754,0.247864755377911,0.485566679144421,0.564293167924101,"ENSMUSG00000044122"
1380.96591877837,0.0637240427758542,0.0919067007803046,0.485705575661631,0.56441428902199,"ENSMUSG00000022962"
3920.22159831929,-0.0415041010795016,0.0598246897371332,0.485790793653577,0.56447302013655,"ENSMUSG00000028811"
89.0944336559545,-0.131030736825454,0.194874723058206,0.485926767335426,0.564590715109641,"ENSMUSG00000081945"
3921.66400885431,-0.0583051014284595,0.0843604946852159,0.486184836788573,0.564850244325487,"ENSMUSG00000037049"
1959.45769315384,-0.0558819566752968,0.0803328561845875,0.486262857117479,0.564900570094086,"ENSMUSG00000036636"
515.720281436435,0.0679900517240437,0.0981783403973096,0.486303648048541,0.56490764168516,"ENSMUSG00000029279"
749.81980841663,0.0669710477320515,0.096853363953515,0.486600703708305,0.565212377263008,"ENSMUSG00000020120"
2900.22044662522,0.0888249921429589,0.127892512574818,0.486791326288969,0.56539345054098,"ENSMUSG00000022013"
4695.41283083604,-0.0861125151969605,0.125880880819549,0.487150679625491,0.565730096521634,"ENSMUSG00000040055"
13.7603444044401,-0.25569677498192,0.454116939897378,0.487149343076617,0.565730096521634,"ENSMUSG00000082383"
35.5277139350314,-0.214612415899882,0.34715439035669,0.487216274343828,0.565765909100359,"ENSMUSG00000025401"
23.0762781174261,0.209418702184423,0.333500636880773,0.487401825658458,0.565941002786816,"ENSMUSG00000110761"
1123.99958610769,0.0645870749511069,0.0936900087249049,0.48814554552591,0.566764136238999,"ENSMUSG00000033342"
1984.43181847313,0.0839060340482458,0.122722355620176,0.488339807578517,0.56694924668448,"ENSMUSG00000022702"
60.4275288981951,0.154550012726421,0.233842808009947,0.488570947668782,0.56709625543015,"ENSMUSG00000032491"
496.727157833438,-0.0876368108140387,0.128536030097593,0.488561243948225,0.56709625543015,"ENSMUSG00000038836"
3182.9347021561,0.0509328648766363,0.0738306424732233,0.48850556438671,0.56709625543015,"ENSMUSG00000079557"
13872.0819060867,0.0904099443281024,0.132111201395828,0.488855666560734,0.567305378218838,"ENSMUSG00000025261"
33.9213477371407,0.233722548974845,0.390384458655941,0.488804983229084,0.567305378218838,"ENSMUSG00000079165"
9.12759442376441,0.278184581190436,0.566638365459755,0.488825404814815,0.567305378218838,"ENSMUSG00000091269"
44.8079498787684,-0.214697053972554,0.349681556409509,0.489244689048007,0.567716356453055,"ENSMUSG00000029337"
37.4258073664757,-0.191776370242984,0.301878364008392,0.489414929163675,0.567873420552163,"ENSMUSG00000055172"
2817.86927374465,-0.0471699795989494,0.0688510230715439,0.489485216615607,0.567893678028707,"ENSMUSG00000029763"
695.285343417629,0.0643628295532407,0.0937036898258183,0.489502162207936,0.567893678028707,"ENSMUSG00000037997"
2702.39163303465,-0.0520421395487963,0.0758853367020391,0.49044409977813,0.568903637107758,"ENSMUSG00000005981"
128.854211863488,0.132145156418173,0.198111182159837,0.490477555176943,0.568903637107758,"ENSMUSG00000006519"
177.446648446958,0.106429500404413,0.157444142935385,0.490451250657192,0.568903637107758,"ENSMUSG00000041774"
5302.43864957025,0.0788466314742677,0.119187755506054,0.491151947546306,0.569645272686767,"ENSMUSG00000007659"
1602.38515343397,0.06054388265792,0.088397349727132,0.491326871930005,0.56980755352498,"ENSMUSG00000038816"
5331.79689054254,0.0629323903693561,0.0920182855050117,0.491913040096789,0.570406073991704,"ENSMUSG00000027419"
599.445719317088,0.092629727824641,0.136617738827335,0.491890999888196,0.570406073991704,"ENSMUSG00000049577"
63.6810008263722,0.15168384382717,0.231008597468063,0.49218229722408,0.570677643294649,"ENSMUSG00000053647"
91.6527096265177,0.155936152027422,0.239182934561016,0.492433212233878,0.570927908030133,"ENSMUSG00000041779"
9.5445599765821,0.268016027006677,0.508772512241648,0.492483234094925,0.570945237846107,"ENSMUSG00000062073"
1097.28181401593,0.0593369150823879,0.0868980793413583,0.492536884311009,0.570966771315668,"ENSMUSG00000037890"
273.575186644702,0.10512482282449,0.156074943662527,0.49261579937568,0.571017587569417,"ENSMUSG00000009566"
207.630874135689,0.106698150556075,0.1586790191684,0.493071569777146,0.571505198863029,"ENSMUSG00000023795"
4290.72552378347,-0.0757907719156862,0.10503724638521,0.493748368223253,0.572248909785555,"ENSMUSG00000028444"
2229.33930782334,-0.0634857177677097,0.0936461415403162,0.49382345624278,0.572254447264183,"ENSMUSG00000033096"
135.063057479867,-0.141093019682581,0.215083835541877,0.493804613943435,0.572254447264183,"ENSMUSG00000041445"
171.644330144832,-0.162618408196362,0.252914298529478,0.493907426272508,0.572311011166279,"ENSMUSG00000058900"
22.0921568383435,-0.223969383663769,0.375233216673191,0.494196696762493,0.57260544023773,"ENSMUSG00000001131"
10.2916596956351,-0.253764663474155,0.461575903282436,0.494677039881446,0.573121199657664,"ENSMUSG00000024437"
3911.59089372485,-0.0599443044412123,0.0884910388497483,0.494776600461504,0.573195751356655,"ENSMUSG00000023977"
76.3504562426626,0.216112341448084,0.355906192865039,0.495179141467621,0.573621268489178,"ENSMUSG00000020904"
1176.42237675732,-0.104958781145697,0.15788632304431,0.495501022280173,0.573953294006735,"ENSMUSG00000025876"
56.9122521898747,0.189181132140087,0.300916573289564,0.495659220458304,0.574095687392932,"ENSMUSG00000030699"
950.772735272146,0.0586616347439633,0.0865863125211224,0.495873896425142,0.574274351417878,"ENSMUSG00000027286"
817.024240029052,-0.0817279918500609,0.120565292584849,0.495919311824617,0.574274351417878,"ENSMUSG00000028521"
78.9106003696402,0.1901244394414,0.303068907101831,0.495903056540503,0.574274351417878,"ENSMUSG00000063268"
16.5179963146399,-0.241213886304985,0.425883890956374,0.496668577286375,0.575101088424214,"ENSMUSG00000091151"
3104.36299719482,-0.0555456319991086,0.0838256437476455,0.496796406952073,0.575208187806092,"ENSMUSG00000033417"
1377.08370208804,-0.0940101039273402,0.141263885560247,0.497358199718318,0.575817693813284,"ENSMUSG00000026127"
509.432985428568,0.140719156030701,0.214926298640007,0.497690677229268,0.576151913269942,"ENSMUSG00000041920"
360.818378382721,0.11823064890627,0.178803504596087,0.497717668288606,0.576151913269942,"ENSMUSG00000113450"
38.5699767651658,-0.177212860364637,0.281253030247736,0.49782886212827,0.576239651406099,"ENSMUSG00000075062"
1013.33220729616,-0.0533617106571677,0.0792363766799027,0.497984601920357,0.576296669499895,"ENSMUSG00000004748"
107.852867850282,0.122337540919549,0.185449476900271,0.498019735216552,0.576296669499895,"ENSMUSG00000052563"
12.9380923027026,0.259948231815902,0.548411591304666,0.497953586657162,0.576296669499895,"ENSMUSG00000056380"
6099.58644673089,-0.0738556402008069,0.108224583215788,0.49795682179083,0.576296669499895,"ENSMUSG00000056602"
91.6037052040467,0.142969226794369,0.219764577792509,0.498095821700863,0.576343743648468,"ENSMUSG00000074826"
82.1988876867522,-0.13599922116745,0.209214490686635,0.498190024489087,0.576411771883813,"ENSMUSG00000022947"
1175.12486556151,-0.0622662312561725,0.0927431844875788,0.498256983478903,0.576448271291371,"ENSMUSG00000009733"
19.8055333633082,0.228247404117858,0.3892572508609,0.498544276896651,0.576739658824794,"ENSMUSG00000083695"
1808.26635360081,0.0762335326465923,0.113784578638967,0.498947170257745,0.577164726936866,"ENSMUSG00000000581"
1437.06229799484,0.0698805938744269,0.104343522397227,0.499233880148891,0.577455347194177,"ENSMUSG00000028886"
1498.70660514484,-0.10792425829902,0.163994306206179,0.499322315511048,0.577516601668952,"ENSMUSG00000028246"
4455.43452812932,0.112243810629594,0.16975416640704,0.499408909762909,0.577575718161324,"ENSMUSG00000028842"
3395.1322091324,0.0538883827677647,0.080159917469986,0.499824906203282,0.578015758963983,"ENSMUSG00000038013"
1362.975072074,0.0707436470805154,0.108788056171457,0.499906395322855,0.578068928256406,"ENSMUSG00000024642"
134.12643948838,0.13213245616499,0.202847264424494,0.500450104541441,0.578656542245033,"ENSMUSG00000094347"
7685.04846800912,0.0619515128961384,0.0996342505715167,0.500720257771589,0.578927790042327,"ENSMUSG00000038170"
12.3754488957791,-0.253888379865829,0.477894779446128,0.500795462947673,0.578973618314078,"ENSMUSG00000031998"
647.703746984101,0.0832455490707401,0.125130543445507,0.500872212700243,0.578980107820946,"ENSMUSG00000024579"
880.415948990654,0.0717878677429088,0.107433810315875,0.500844805028756,0.578980107820946,"ENSMUSG00000056116"
1224.01369889641,0.0623951251727536,0.0933199351090413,0.501190543371662,0.579306942058079,"ENSMUSG00000020064"
379.549069548252,-0.139196488426409,0.216026471362827,0.501266779412562,0.579353921845902,"ENSMUSG00000069835"
752.294417536272,-0.0775661045894796,0.116980561763318,0.50138618005294,0.579450780184718,"ENSMUSG00000028256"
55.6068106709182,0.172225107687094,0.272376918071975,0.501667383591804,0.579734606709314,"ENSMUSG00000079330"
836.593405631964,0.083016283311131,0.12509518374847,0.501929457960568,0.579996288541359,"ENSMUSG00000002617"
2309.62025355205,-0.0815484401387318,0.12070659892642,0.502049949792906,0.580078123249286,"ENSMUSG00000037533"
31.3308716983055,0.251798942537799,0.469066845337093,0.502071549235729,0.580078123249286,"ENSMUSG00000041798"
13.1765634781688,-0.236299327018811,0.420207542025744,0.50239657662802,0.580412453821924,"ENSMUSG00000057191"
2366.49376256791,-0.068816557505762,0.104719363707276,0.503468134544042,0.581609133071317,"ENSMUSG00000027774"
2514.44272309985,-0.0619574889864587,0.0935226522304126,0.503711954142069,0.581750271852672,"ENSMUSG00000021711"
52.1537689454702,0.18935078357516,0.3093435252535,0.503669592826714,0.581750271852672,"ENSMUSG00000029410"
177.39691463222,-0.128026865802637,0.199029426263702,0.503733264637143,0.581750271852672,"ENSMUSG00000039497"
20.4736797122305,-0.204870461070686,0.342903540394401,0.5037118620138,0.581750271852672,"ENSMUSG00000086670"
381.700578597464,-0.0921863884066136,0.140769669237051,0.503852033194794,0.581846154678267,"ENSMUSG00000021615"
6446.31016168935,0.0735933308854801,0.116892732634676,0.503961684524981,0.58193149611248,"ENSMUSG00000060938"
1615.769373924,0.0833412165960775,0.125861883533147,0.504076325967818,0.582022587182873,"ENSMUSG00000041354"
8473.00053634878,-0.0731907071874828,0.108669430310306,0.504207179549407,0.582091097071294,"ENSMUSG00000017167"
633.338282494176,0.0705222563004367,0.106426378376953,0.50419486136533,0.582091097071294,"ENSMUSG00000028199"
2870.72354108948,0.0683063363630273,0.110296134685216,0.504366491978691,0.582223976400526,"ENSMUSG00000000416"
1448.98344940781,-0.0654171275006519,0.0989552012514161,0.50439381467012,0.582223976400526,"ENSMUSG00000028042"
195.279864566192,0.0918506480430808,0.139771533381124,0.504694319752085,0.582493417359071,"ENSMUSG00000039164"
19.2916713016866,-0.248160925946672,0.461512376610475,0.504698805653786,0.582493417359071,"ENSMUSG00000071001"
33.3367715535749,0.19420976686355,0.318406704305166,0.504746945655443,0.582507676808174,"ENSMUSG00000024177"
2258.69424940733,0.0582064597859154,0.0879239149816553,0.504846965772104,0.582576105542648,"ENSMUSG00000028437"
164.570734673293,-0.116784409033661,0.180391564752128,0.504877817968432,0.582576105542648,"ENSMUSG00000043439"
2784.38597167754,0.0536514424117483,0.0806771438551962,0.504918206897818,0.582581412807109,"ENSMUSG00000033940"
1229.61803298051,0.0880736622750819,0.133846035965814,0.505062181912161,0.582706229865061,"ENSMUSG00000037112"
25.8340498936094,-0.249676668116072,0.482839135518863,0.505326704158084,0.582970098531913,"ENSMUSG00000038987"
9234.46265751473,0.0492800288065254,0.0744186547241764,0.505639850328295,0.583290020809581,"ENSMUSG00000039347"
1031.3136284843,-0.0708216419605908,0.107257124311543,0.505711976623636,0.583290551653053,"ENSMUSG00000022940"
904.66204136823,-0.124064097816307,0.193021176663253,0.505680827427561,0.583290551653053,"ENSMUSG00000053137"
7236.43454087201,-0.0492279945301657,0.0744998089436282,0.505860316756887,0.583420308641675,"ENSMUSG00000031751"
3569.31296092106,0.0439941063505825,0.0663335336104244,0.506295170892816,0.583880467006253,"ENSMUSG00000025041"
183.069124362953,0.0974782863473323,0.149505284966438,0.506842219562099,0.584469938370066,"ENSMUSG00000022369"
168.087006061238,-0.12269328604002,0.191368256428026,0.506993396732697,0.584602855565265,"ENSMUSG00000075078"
191.953415955822,0.111670386444878,0.172417698459275,0.507159083487649,0.584730803088278,"ENSMUSG00000063897"
11611.5601615608,0.0555513649770488,0.0842159158929165,0.50717620154831,0.584730803088278,"ENSMUSG00000093904"
2596.57435082349,0.067057841586524,0.100894027675152,0.507231063277001,0.584752637961971,"ENSMUSG00000020962"
214.721802871546,0.1116497929543,0.172531470643684,0.507402989876848,0.584909416416354,"ENSMUSG00000048747"
6191.24633508768,-0.0741495911947981,0.105141820254651,0.507633621105893,0.585133839708379,"ENSMUSG00000033184"
46.1654542781803,-0.18279207336406,0.301252349432008,0.507968302589852,0.585478158291978,"ENSMUSG00000031255"
1953.35776894727,-0.0555341595450132,0.0847242621617764,0.508181666731464,0.585682609108947,"ENSMUSG00000000759"
19.0467848134593,0.248796263828262,0.467876765283313,0.508269355647405,0.585742199732989,"ENSMUSG00000091462"
4295.76369125788,0.0791363292773222,0.120565856906385,0.508503081045946,0.585970066067246,"ENSMUSG00000029212"
39.3637238742631,-0.174457093881443,0.284803101524757,0.508871216485971,0.586352775674853,"ENSMUSG00000091898"
6353.35175014393,-0.0814628287899531,0.125582307070147,0.509751413584055,0.587325418340972,"ENSMUSG00000022523"
9010.46219462359,-0.0488736755261243,0.0746053901508831,0.509833289760359,0.58737817897368,"ENSMUSG00000024695"
141.165296410007,0.165310219858391,0.266875085605199,0.510143990346124,0.587682500161714,"ENSMUSG00000016356"
121.441145409197,0.174188055862762,0.283601838309224,0.510169640606044,0.587682500161714,"ENSMUSG00000029442"
101.256508771497,-0.126511290609968,0.199367561439533,0.510585251222565,0.588119637659278,"ENSMUSG00000107770"
954.557790814943,-0.0803581256098368,0.124026305338096,0.510632652478906,0.588132619900348,"ENSMUSG00000030814"
27.1150714590401,0.226864476752626,0.407917775210466,0.510860794862759,0.588320472012676,"ENSMUSG00000015533"
927.042181799034,0.069571965156376,0.106640168572004,0.510868034887527,0.588320472012676,"ENSMUSG00000078681"
998.14236884791,-0.05817638634101,0.089260695520111,0.510978313971593,0.588405842871364,"ENSMUSG00000017176"
4020.14388511645,-0.0459106031231313,0.0705042290414747,0.511069249228638,0.588468928269348,"ENSMUSG00000031314"
3005.37913273674,0.0666887395532433,0.101583453564553,0.511173701248532,0.588547567472316,"ENSMUSG00000038729"
3259.08561281367,-0.0442876429339177,0.0678819560096762,0.512078164972258,0.589505542391684,"ENSMUSG00000032435"
1229.0464272193,-0.0747894905579868,0.115637309572588,0.512047748738564,0.589505542391684,"ENSMUSG00000041084"
67.6061178836546,0.16569930031769,0.269476757643274,0.512273844212702,0.589689105161895,"ENSMUSG00000063844"
2332.64920767246,-0.0670402551765393,0.103446394209214,0.512553013524998,0.589968742339126,"ENSMUSG00000053565"
11159.7147099771,-0.0582887983227082,0.0898726374954154,0.513107088095778,0.590564744398153,"ENSMUSG00000026202"
10.8430893326638,0.251866568940066,0.494672638980505,0.513392562406665,0.590851536400996,"ENSMUSG00000101959"
1206.62369340323,-0.0454358653731269,0.0700003285914285,0.513986542838158,0.591493315257655,"ENSMUSG00000028114"
1067.90416516411,-0.0581768620446667,0.0899123582616866,0.51409348427575,0.591574560797445,"ENSMUSG00000031099"
306.063990093458,0.191149304226423,0.323255694439408,0.51434067122311,0.591803711934528,"ENSMUSG00000041828"
281.403210375307,-0.110032730284648,0.173601179083089,0.514365334589612,0.591803711934528,"ENSMUSG00000042419"
3241.03968692259,0.0420602790700791,0.0647547647087919,0.514788508187382,0.592248733922836,"ENSMUSG00000015759"
2731.5519068279,-0.0554583152395334,0.0858351359843623,0.514927159430668,0.592366381711125,"ENSMUSG00000028648"
204.462243316773,-0.135617616784978,0.217638710910208,0.515129148652794,0.592556871017608,"ENSMUSG00000021904"
2009.83051018092,-0.0490175102857313,0.0758133799782594,0.515291584938892,0.592701838583612,"ENSMUSG00000039191"
37.4950456054659,0.207450508946516,0.361184017878254,0.515850129619991,0.59330236769266,"ENSMUSG00000029149"
1630.01589822474,0.0818938371616231,0.127418465595155,0.516136254020326,0.593589511300189,"ENSMUSG00000025374"
1058.3606536074,0.0608058069708894,0.0949134060852345,0.516901581288725,0.594427689171167,"ENSMUSG00000034729"
112.01207673488,-0.148778273620471,0.242378315764511,0.517095313490962,0.594608470825507,"ENSMUSG00000023886"
20.461691896632,0.121643195815013,0.767285139999617,0.517950297484182,0.59554954739334,"ENSMUSG00000116378"
30.8180847053566,0.227698923994597,0.416645265969174,0.51845707794856,0.596060453871138,"ENSMUSG00000015957"
219.225186898431,-0.105529562870516,0.167915370106369,0.518467868679287,0.596060453871138,"ENSMUSG00000021643"
75.6003189492403,-0.245792012321078,0.64413381233398,0.519211450765289,0.596873163528063,"ENSMUSG00000058626"
3798.07130883396,0.0564510279557497,0.088063055410756,0.519341694944911,0.596980729490379,"ENSMUSG00000027091"
9.51467061799017,0.245835604103374,0.483878356779373,0.519532584352581,0.597157986731486,"ENSMUSG00000029477"
2833.21390047071,-0.0522562190823137,0.0828436969099554,0.519663661395995,0.597224306707427,"ENSMUSG00000025035"
729.635909888704,-0.0529648019465274,0.0828642757078639,0.519631199092772,0.597224306707427,"ENSMUSG00000039043"
56.8958152619163,0.160042195854664,0.264323158559798,0.519924251371789,0.597415170673602,"ENSMUSG00000029177"
1712.32328304651,-0.0466699739451307,0.0728753059461324,0.519939840455395,0.597415170673602,"ENSMUSG00000041912"
31.677601001426,0.192534467677211,0.330247755267862,0.519895121819743,0.597415170673602,"ENSMUSG00000078588"
42.2615507967879,0.20458498599375,0.356773546578437,0.520063812389168,0.597473268266701,"ENSMUSG00000031952"
111.429012793448,-0.103084578175189,0.1642782728104,0.520051032027185,0.597473268266701,"ENSMUSG00000035351"
9717.33133547458,-0.0485521397088833,0.0741041261712692,0.520268118853438,0.597665803718861,"ENSMUSG00000073725"
28.8479114466141,-0.228332667399632,0.427769677190402,0.52039485170678,0.597769204437441,"ENSMUSG00000037833"
106.421634639274,-0.109074794313587,0.174849863265394,0.520713996546625,0.5980935955254,"ENSMUSG00000038347"
3807.90013352544,-0.0553075062990827,0.0870345099014199,0.521123375902111,0.598521577149125,"ENSMUSG00000063480"
106.057759878452,0.124959963560473,0.201190295510779,0.521170960898271,0.598533998977145,"ENSMUSG00000054000"
1351.74168482897,-0.0443359683676127,0.0695032279905363,0.521415671188771,0.598697858058008,"ENSMUSG00000038417"
13.0247312020593,-0.228739084179954,0.429501379685095,0.521364900978964,0.598697858058008,"ENSMUSG00000043282"
52.3455105296596,0.170902214711716,0.286318133990922,0.521423979216635,0.598697858058008,"ENSMUSG00000116034"
370.030944513941,0.0916948516818006,0.145404201860769,0.52158597086993,0.598799381749116,"ENSMUSG00000047342"
12.5319256894335,-0.228834704694801,0.428865008826848,0.521552953711418,0.598799381749116,"ENSMUSG00000111724"
278.797261066061,0.0843174916226534,0.133383006090437,0.521845075176489,0.599054593351403,"ENSMUSG00000022022"
600.842172700732,-0.0691694913348956,0.109579547541814,0.522751192614222,0.600052458456689,"ENSMUSG00000059278"
7564.7713547626,0.065349306639497,0.102656199461404,0.522865244682202,0.600141055770475,"ENSMUSG00000028809"
1795.58803953939,-0.0928203976011659,0.144811225554031,0.523032255873349,0.600290422414608,"ENSMUSG00000037805"
1405.80900652538,0.19439857789101,0.338166924734368,0.523087024002751,0.600310954365255,"ENSMUSG00000068015"
1792.26836710333,-0.0679622205126836,0.107793641805437,0.52340279742964,0.600615905525407,"ENSMUSG00000026853"
25.2738770938364,0.223500759885635,0.411589561718639,0.52342654108511,0.600615905525407,"ENSMUSG00000053783"
694.806470569923,0.0646013558334194,0.10197351825988,0.52370106828395,0.600888559210977,"ENSMUSG00000024067"
199.72948814101,-0.125795474690681,0.205369436735089,0.523814712096614,0.600976591733062,"ENSMUSG00000045876"
473.015778210651,0.0873588275250053,0.139188045954251,0.52397998192716,0.601123838594003,"ENSMUSG00000039018"
94.8212656407134,-0.113071600556789,0.183220204021,0.524305371749438,0.601454745689736,"ENSMUSG00000070495"
2561.22491057193,0.0455000529968047,0.0717287653895455,0.524879124572961,0.602070494665539,"ENSMUSG00000014867"
51.2100194686006,-0.137799026561854,0.227496647869921,0.525135627730394,0.602322276507564,"ENSMUSG00000049041"
11.7413756181827,-0.231652897916153,0.444727272687963,0.525589486070452,0.602800370200438,"ENSMUSG00000000359"
14.239552308352,-0.228507505487405,0.43749738663277,0.525886140234975,0.603041517764263,"ENSMUSG00000027939"
21.2557167762693,0.206051235471622,0.36843196037883,0.525910885009305,0.603041517764263,"ENSMUSG00000093916"
32.2722006180146,-0.171744994325182,0.293452265546796,0.525873757170048,0.603041517764263,"ENSMUSG00000100929"
18.1938901379568,-0.206136724097088,0.371450529622307,0.526198626798658,0.603328960134434,"ENSMUSG00000104633"
1291.13877875258,0.0814349750174197,0.129910214980459,0.526290204358127,0.603391459821214,"ENSMUSG00000031026"
340.250561740752,-0.0649135845184797,0.103636412567345,0.526725487904899,0.603847981697017,"ENSMUSG00000035505"
452.373757788214,-0.123075746548449,0.201939827008121,0.526850161096599,0.603948374812002,"ENSMUSG00000079610"
384.420810764997,-0.126415572223004,0.208265993224596,0.527455237086682,0.604593495330252,"ENSMUSG00000032245"
226.159793122086,0.104504431338149,0.169204919202835,0.527487211001366,0.604593495330252,"ENSMUSG00000041187"
1105.40115650832,0.0773937419461119,0.12391118587712,0.527831880181903,0.604945951249807,"ENSMUSG00000041199"
21.2818882668494,-0.223180787124919,0.422088428008058,0.527872190616226,0.604949557790124,"ENSMUSG00000020660"
1671.45775575555,-0.0691470452090451,0.113566681381,0.528211566515019,0.605295873265152,"ENSMUSG00000028211"
18018.0075897789,0.0470875787826034,0.0745191294633575,0.528262567193308,0.605311704123093,"ENSMUSG00000021577"
2795.25355159012,0.0732953991318493,0.11740172261444,0.528943065576964,0.606048794359247,"ENSMUSG00000074909"
412.605395019665,-0.0740207663780858,0.119301290741073,0.529342621654186,0.606463907325932,"ENSMUSG00000037904"
3160.49784928358,0.0603185862427974,0.0964168230083393,0.529510355777418,0.606613383865495,"ENSMUSG00000057036"
2937.37292482814,0.0479671346334174,0.0765584965036199,0.529587823802935,0.606659436725135,"ENSMUSG00000029156"
51.4323264161396,0.158009420070237,0.266910981660792,0.529698020028601,0.606742971643485,"ENSMUSG00000022844"
302.328400512469,-0.107674830557323,0.176654973558808,0.529835046807851,0.606857225720391,"ENSMUSG00000030051"
18.0792632544604,-0.215559331320828,0.403426578980449,0.529951526961285,0.606947931884599,"ENSMUSG00000074817"
31.3907785541451,-0.176945463855096,0.309160324507089,0.530423301399468,0.607402778767537,"ENSMUSG00000031145"
34.421347848724,0.171830515298569,0.295809304351039,0.530402147223239,0.607402778767537,"ENSMUSG00000070031"
10.3000519614118,0.244728090098052,0.512236167325057,0.530566530218837,0.60750127059011,"ENSMUSG00000036185"
352.465302898861,0.0791805030160976,0.127750391967021,0.530583951589851,0.60750127059011,"ENSMUSG00000046768"
17.2725889070917,0.204783047108024,0.370239699329818,0.530708700422499,0.60760136625949,"ENSMUSG00000092111"
1313.2011915719,0.0582880774239793,0.093507252930248,0.530870510801735,0.607739774046893,"ENSMUSG00000021606"
172.532141963698,0.107053514315076,0.174923101276754,0.530904262621134,0.607739774046893,"ENSMUSG00000050930"
42.067101359733,0.16760851685095,0.288272469933574,0.530975961626232,0.607779108596569,"ENSMUSG00000028441"
15380.2971871649,0.109764975276034,0.180849824750172,0.531165410302836,0.607953209739105,"ENSMUSG00000040724"
241.730518365082,0.101415126341207,0.16542772750836,0.531241856993539,0.607958429767383,"ENSMUSG00000022748"
30.0972827266443,0.151099851053209,0.755990208674335,0.531244667957443,0.607958429767383,"ENSMUSG00000089739"
2384.42205841001,-0.0664294842521329,0.107535910724152,0.531862221057051,0.608622371484476,"ENSMUSG00000036435"
8.32188148024736,-0.242439902631128,0.512025215309252,0.531917765713159,0.60864314566841,"ENSMUSG00000050296"
8.04950273125093,-0.245684131653369,0.622232456860084,0.532042856337574,0.608743488821468,"ENSMUSG00000037379"
5987.46080958347,0.0557588324502664,0.0897245808029209,0.532257510579968,0.608946286000894,"ENSMUSG00000027206"
29.8630827917941,-0.196472250085656,0.356357871964341,0.532369147118457,0.609031202248523,"ENSMUSG00000023979"
95.3296865768199,0.162190025025142,0.279671177066185,0.532771494465867,0.609448656845776,"ENSMUSG00000020728"
153.280136282928,-0.145098991025483,0.246768986007491,0.533253223677582,0.609956852998643,"ENSMUSG00000061393"
29.0899376890238,-0.196058065790162,0.355683435606417,0.533322514306683,0.609993246759709,"ENSMUSG00000091620"
16.8619053984295,0.215823633113089,0.404937375274936,0.533411246356123,0.610051870173889,"ENSMUSG00000037474"
7305.48588972166,-0.05368799724296,0.0870229963338151,0.533742876062681,0.610388263070698,"ENSMUSG00000061315"
3378.09424380007,-0.0731934744727969,0.115545203164172,0.53381979810405,0.610433345524252,"ENSMUSG00000062006"
30.1779679113866,0.181884745061663,0.321279180381252,0.534251166511345,0.610883709502084,"ENSMUSG00000020930"
14.8377447246315,0.216407433346921,0.411632089685013,0.534413984782447,0.611026961037345,"ENSMUSG00000038379"
2360.45318756445,-0.084462732678714,0.138947247261786,0.534509416382368,0.61109315071444,"ENSMUSG00000040297"
7891.55774891163,-0.0403561855239567,0.0656847460692815,0.535170910595416,0.611783657078164,"ENSMUSG00000026219"
232.632289815379,-0.149537714352383,0.256904238332794,0.535188553679386,0.611783657078164,"ENSMUSG00000027955"
541.390886676767,-0.0636152619730265,0.103734609072275,0.535358914452835,0.611935426547521,"ENSMUSG00000067995"
1432.50708141211,0.102127255753036,0.168444271290317,0.5354456785727,0.611991627285943,"ENSMUSG00000041215"
150.628759573498,0.104357987660636,0.172604026088283,0.535752904809549,0.612299781260257,"ENSMUSG00000046210"
7374.53013827693,0.0736375588995972,0.116222621163942,0.535806092594147,0.612317577593901,"ENSMUSG00000032570"
837.217772395891,0.0620065275819067,0.100756414448831,0.535911918920023,0.612350797003947,"ENSMUSG00000024999"
3700.55498668331,0.0847766497586566,0.137034629556392,0.535887728593092,0.612350797003947,"ENSMUSG00000039652"
221.957652683322,-0.0907917978770388,0.149893437678991,0.535948016028703,0.612350797003947,"ENSMUSG00000049950"
36.4874322989108,-0.17395369279768,0.307139695750822,0.536406349194253,0.612831453690627,"ENSMUSG00000081895"
1705.87970393174,0.0645382491665508,0.104689789512839,0.536461891718217,0.612851896511273,"ENSMUSG00000029924"
49927.7239582486,0.0649419514589382,0.105754703730084,0.53673483396448,0.613120675598162,"ENSMUSG00000021270"
747.836550534727,-0.0625110508103245,0.102341657862518,0.536945801597836,0.613318627353138,"ENSMUSG00000053334"
1045.07230961646,-0.0728961791127729,0.119911001184112,0.537449901505532,0.613851353964851,"ENSMUSG00000037536"
1449.70596270222,0.0457272216555019,0.0744410561501817,0.537649713572064,0.614036486180177,"ENSMUSG00000046516"
1437.07558772463,-0.0448363325110207,0.0731300160180482,0.538066500109854,0.614383171211294,"ENSMUSG00000078427"
247.874809709848,-0.222456242837435,0.439220769210894,0.538061585401054,0.614383171211294,"ENSMUSG00000090698"
223.116974249512,-0.111108768991908,0.186354573317021,0.538007264968108,0.614383171211294,"ENSMUSG00000112689"
473.937544608271,-0.0916362348005846,0.15224079182172,0.538205022171148,0.614425170848698,"ENSMUSG00000001946"
2550.81843930587,-0.044993767424051,0.0735140487875912,0.538216519912248,0.614425170848698,"ENSMUSG00000021737"
438.179843345067,-0.0880193473051467,0.146022561308937,0.538147684637222,0.614425170848698,"ENSMUSG00000090626"
11.3111270784458,0.22841566870902,0.455915175519405,0.538612106793184,0.614821407805735,"ENSMUSG00000000386"
1609.2976630364,0.0646198902260951,0.105791012709275,0.538639150799704,0.614821407805735,"ENSMUSG00000020601"
662.034760406954,-0.0700469644006594,0.115465593615605,0.538765516923477,0.614879414182175,"ENSMUSG00000026188"
1511.81730557999,0.0638434709754984,0.102336503523208,0.538756405119695,0.614879414182175,"ENSMUSG00000063887"
13.5137498793046,0.21230341348007,0.40231955565748,0.538951557068588,0.615048615112344,"ENSMUSG00000025610"
2234.48908112404,-0.0683704956517774,0.112845783516669,0.53901088303205,0.615073196915227,"ENSMUSG00000059534"
23.8662591302022,-0.189328327934442,0.345637600164567,0.539294219316079,0.61535337880465,"ENSMUSG00000091572"
1349.53488152359,-0.0651419459420443,0.107499145809737,0.539725121755499,0.615758728058313,"ENSMUSG00000017188"
1041.56809670002,-0.0542332783285153,0.0891597511869273,0.539714250366454,0.615758728058313,"ENSMUSG00000073062"
446.443050141058,-0.0692692826298509,0.114479961819889,0.539784786401539,0.615783639571396,"ENSMUSG00000021243"
99.5938567148808,0.161497761031891,0.282203410474016,0.539941140273239,0.615918842422409,"ENSMUSG00000045275"
4744.27804107586,0.0383740963696302,0.0627209913584916,0.540003106141588,0.615946364079095,"ENSMUSG00000005103"
5160.29874838051,0.0731561862205845,0.12033469930123,0.540178494244142,0.616103246167751,"ENSMUSG00000063457"
2970.0511486406,0.0618473889858518,0.101906489314978,0.540428884677877,0.616345644558711,"ENSMUSG00000024052"
3896.88842903709,-0.0434157720610325,0.0715861619004461,0.540527406598711,0.616414818874444,"ENSMUSG00000030374"
321.158021410223,0.0947773855378631,0.157968713384009,0.540606612599381,0.616461957260436,"ENSMUSG00000033276"
762.298191594799,0.0792304794870074,0.131252955376418,0.541007170709884,0.61687550608122,"ENSMUSG00000057788"
218.913304393871,-0.112785843804003,0.191041585027412,0.541382192336416,0.617216649870582,"ENSMUSG00000038496"
1480.7022468045,-0.0544466367999909,0.089905924928487,0.541351629302757,0.617216649870582,"ENSMUSG00000040813"
80669.5327718252,-0.0677584934186044,0.117285506035674,0.541454462885598,0.617255812511504,"ENSMUSG00000027273"
3454.51805468488,-0.0520917619724655,0.0860066157764276,0.541500057476116,0.617264561316262,"ENSMUSG00000029787"
81.5421975669209,0.126147110154108,0.215098206219855,0.54158488672497,0.617318029977527,"ENSMUSG00000020258"
12.8799141649691,0.243130669699356,0.553139779948565,0.541767176333741,0.617482572214021,"ENSMUSG00000043659"
1962.65929617922,0.0766880570756286,0.128044166359291,0.542424541831432,0.618188524254852,"ENSMUSG00000026176"
593.805547199633,0.0667773857774269,0.110758390507812,0.542504112086922,0.618192645190824,"ENSMUSG00000022401"
21.08720579672,-0.144721312058256,0.75171378575101,0.542492587132989,0.618192645190824,"ENSMUSG00000081309"
80.5552082036898,-0.146730250588725,0.256695260064485,0.542800356498416,0.618486924477196,"ENSMUSG00000099342"
139.831293666648,0.150252994090901,0.261498080493971,0.542894795230794,0.618551233762641,"ENSMUSG00000112049"
6688.96259805607,0.077765113283572,0.12858607178845,0.543021316137279,0.618652084552255,"ENSMUSG00000020460"
558.324353781601,0.100030756320942,0.168115839879555,0.543352556891836,0.618917172378711,"ENSMUSG00000027217"
5231.12759373845,-0.085556786910246,0.144108838261858,0.54340571811909,0.618917172378711,"ENSMUSG00000037235"
2540.46217710101,-0.0734193127656574,0.122648603377027,0.543406083526019,0.618917172378711,"ENSMUSG00000037470"
29.7829436470768,0.173818462030845,0.311602788119364,0.543339755082704,0.618917172378711,"ENSMUSG00000099564"
60.1678442481603,0.145935673367221,0.254367370458239,0.544318174399189,0.619905495936071,"ENSMUSG00000063522"
34.3352095087914,0.174799398119822,0.314231823045203,0.544349991332486,0.619905495936071,"ENSMUSG00000078906"
35.2910625104924,-0.153004144978603,0.270253209666185,0.544516240188615,0.620051441608273,"ENSMUSG00000026807"
1249.54433402002,-0.0675638759023031,0.113072292221843,0.54492555464588,0.620474131122386,"ENSMUSG00000075528"
4426.1019483405,-0.0398650275177264,0.0662377499978412,0.545194194876235,0.620693181157879,"ENSMUSG00000024188"
10.7997939786374,-0.232541138143715,0.526897837932814,0.545172819006299,0.620693181157879,"ENSMUSG00000030825"
1402.2568296294,0.0622933139024146,0.103768446248321,0.545435432003255,0.620924397660605,"ENSMUSG00000047824"
1498.79850917499,-0.0666663622446726,0.111819626831221,0.545778521245,0.621271522295532,"ENSMUSG00000036391"
2669.41720214505,0.0458500859305439,0.0761440694378928,0.545902440602053,0.621369129999316,"ENSMUSG00000066979"
7116.58539996216,0.0866639835530108,0.145629038405999,0.545976952984724,0.621402666607433,"ENSMUSG00000020044"
676.578479250519,-0.0645665856247757,0.10860380306388,0.54600825288648,0.621402666607433,"ENSMUSG00000056310"
1191.02746567757,0.0602552486774125,0.100344580031743,0.546047888950084,0.621404330000662,"ENSMUSG00000048920"
191.440740441203,-0.0960856040322098,0.163386672861541,0.546110272604373,0.621431878186227,"ENSMUSG00000050323"
1490.89897929191,0.0774546014786404,0.129525380604752,0.546477622011649,0.6218064260524,"ENSMUSG00000000339"
387.495897737425,0.0928453147448195,0.156865457556153,0.546515941189716,0.621806562569804,"ENSMUSG00000113146"
3847.91338146436,-0.0697659463811537,0.117634643389677,0.546939695598186,0.622245203029582,"ENSMUSG00000019907"
44.911977375969,-0.168968061304051,0.307182552130251,0.547313959090622,0.622627481031319,"ENSMUSG00000100937"
181.970858096174,-0.118457524513955,0.204730519865258,0.547503395475901,0.622799459927094,"ENSMUSG00000095403"
310.798621469613,0.0757409390766116,0.127094789675743,0.547639693522279,0.622910972759113,"ENSMUSG00000044337"
24.5207182162523,0.204839000309663,0.395157839300517,0.548428402714784,0.623764501075409,"ENSMUSG00000087075"
979.898666286225,0.0872534433456316,0.147834727306398,0.54858991164242,0.623904602928479,"ENSMUSG00000016409"
31.4117019197479,0.191093715168747,0.358202924288016,0.54870957885172,0.623997102455519,"ENSMUSG00000045036"
94.6666372149619,-0.108635010105243,0.187439667783829,0.549104120724162,0.624287881548517,"ENSMUSG00000022178"
11124.031331937,0.0456922911049141,0.07636287406556,0.549118680919749,0.624287881548517,"ENSMUSG00000030120"
32.9562417552599,-0.167044723073197,0.304877090243257,0.549079620262831,0.624287881548517,"ENSMUSG00000030641"
16.6618188187769,-0.230524109731511,0.504915300233053,0.549078811699878,0.624287881548517,"ENSMUSG00000032057"
40.0368966110517,0.166206357070574,0.30080734767416,0.54916541224977,0.624297407682223,"ENSMUSG00000094030"
22.4239785176903,-0.178740272796996,0.331640462168468,0.549415648627139,0.624538263153112,"ENSMUSG00000033752"
1322.82434713569,-0.0971515835663026,0.166872206184071,0.549971947601934,0.625126971794168,"ENSMUSG00000027175"
582.291918855829,-0.14033418657117,0.249757737883307,0.550206614352501,0.62535003968929,"ENSMUSG00000045838"
16.1340177030228,0.199563797725305,0.383048210942681,0.550258701575,0.625365575943437,"ENSMUSG00000075117"
343.822166440099,0.0879780958376714,0.149891141283427,0.550783580913104,0.625887914114152,"ENSMUSG00000033377"
171.502487132434,0.140778206090791,0.248700272841092,0.550795206394227,0.625887914114152,"ENSMUSG00000037016"
1192.56043496205,-0.0688365389747746,0.117171064690963,0.550846346920851,0.625902333880888,"ENSMUSG00000030802"
10653.5676537192,-0.0595230315492704,0.0958229116228579,0.550905651982328,0.625926027986901,"ENSMUSG00000025190"
121.451186752118,-0.1022635301269,0.175933163002164,0.550946727038296,0.625929007728182,"ENSMUSG00000113893"
52614.7521820301,-0.0699938882824237,0.119203012142423,0.550993297433409,0.625938229857006,"ENSMUSG00000026576"
1764.72749257259,0.0458402802564942,0.0773437142568568,0.551080368737928,0.625993457244661,"ENSMUSG00000032497"
8849.0587599676,-0.0686680650983876,0.117601522856282,0.551153092916824,0.626032380608475,"ENSMUSG00000013236"
4660.61149609935,-0.0571343865528318,0.0968413336033681,0.551202096767905,0.626044357464971,"ENSMUSG00000034525"
387.796501957111,-0.0653542058615115,0.111010815561503,0.551274295465367,0.62608267505653,"ENSMUSG00000051989"
333.047619896478,0.0818002786589905,0.139322142000368,0.551389785645131,0.626126468833724,"ENSMUSG00000008398"
2421.49740417547,-0.0848673322826979,0.145512791281379,0.551379155815125,0.626126468833724,"ENSMUSG00000008682"
593.849412319989,-0.0657797310552166,0.112026245464911,0.551933431967294,0.626700084093444,"ENSMUSG00000039244"
774.740958426188,-0.0582081510049708,0.0989577476399768,0.552126456907144,0.626875529436737,"ENSMUSG00000005054"
46.1867114922026,-0.171543292448426,0.318287357734022,0.552389601397909,0.627130557368891,"ENSMUSG00000028068"
1181.53328736653,-0.0446222855629956,0.0756101998867091,0.552435512490087,0.627138940812723,"ENSMUSG00000040599"
1096.80735399715,0.0562868091472719,0.0953393601306148,0.552574897760113,0.62725342996786,"ENSMUSG00000066595"
77.292238220521,-0.142410669669191,0.255152826276282,0.553130359001615,0.627840177381513,"ENSMUSG00000003271"
1230.14076812519,-0.0589177088294741,0.100666905779316,0.553674093821829,0.628413533623743,"ENSMUSG00000039914"
15.1699109548923,0.235970731359608,0.569696420029537,0.554252958264542,0.629026678841959,"ENSMUSG00000078300"
3756.69464993178,0.0819729703444901,0.140577804171859,0.554472200174403,0.6292316281678,"ENSMUSG00000041220"
1301.52567894474,-0.0511656578405429,0.0873800483000091,0.554608970853432,0.629342964625456,"ENSMUSG00000066647"
712.024913216473,-0.146725608291293,0.266307906434636,0.555270764210242,0.630050013928226,"ENSMUSG00000043801"
1192.22575459969,-0.0618674911720432,0.106160696449151,0.555379647323346,0.630068538655612,"ENSMUSG00000013997"
414.015715666218,0.0893807484090641,0.154600597952569,0.555396113473187,0.630068538655612,"ENSMUSG00000061979"
433.163261521391,0.0699160734818239,0.119735088062094,0.555403210539955,0.630068538655612,"ENSMUSG00000078931"
99.3935425142911,-0.101727980387212,0.177821859329717,0.555599718080587,0.630247540830369,"ENSMUSG00000019808"
18.1064303880277,-0.188138151922054,0.36270559982663,0.555723959089451,0.630320253910827,"ENSMUSG00000030382"
16.9571617066045,-0.230361630440157,0.532445898863915,0.555741263308035,0.630320253910827,"ENSMUSG00000038357"
18.2883348878244,-0.197148087536894,0.387914477814001,0.555897745250505,0.630453807370426,"ENSMUSG00000045678"
13516.4717623997,-0.0499948674291948,0.0859281119221852,0.556065848594418,0.630600521347355,"ENSMUSG00000036333"
33.3787410771517,-0.222540473813303,0.482199845611805,0.556322861500212,0.630848034796269,"ENSMUSG00000037095"
5664.02046829762,0.0704825020931002,0.12099095984083,0.556415537628869,0.630909175363801,"ENSMUSG00000071708"
1171.78582121721,-0.0604540514839861,0.103993078223264,0.556665883272564,0.631149073477105,"ENSMUSG00000064105"
112.889777084401,-0.0977874341559537,0.171142483259565,0.557176446773617,0.631639961040528,"ENSMUSG00000071656"
31.8610176215754,-0.191651285671259,0.374826128626622,0.55714676629784,0.631639961040528,"ENSMUSG00000092212"
526.733133461512,0.0641852057568719,0.110334827382695,0.557548384223627,0.632017590417284,"ENSMUSG00000032123"
14.3022236016434,0.220591617481344,0.477894416121939,0.557862029355747,0.632329093646184,"ENSMUSG00000036962"
54.6397303008625,0.140209898004932,0.2526069715857,0.557917343465478,0.632347759151305,"ENSMUSG00000026162"
397.252736522211,-0.0671894678376969,0.116377449557505,0.558197526854179,0.632621272863074,"ENSMUSG00000061544"
470.04665955661,0.0749312338250743,0.129547343959926,0.558236692417003,0.632621615090781,"ENSMUSG00000031953"
132.336019007003,0.145242135427275,0.263137249726106,0.558423870619908,0.632789680887634,"ENSMUSG00000030966"
19.14925477888,0.210542067601073,0.431889895398315,0.558470763847122,0.632798767499892,"ENSMUSG00000020703"
3891.63815846586,0.0403977328266321,0.0692597754787281,0.558904934055025,0.633215377998729,"ENSMUSG00000002948"
343.300222340232,-0.0983397903058476,0.173307075219074,0.558916239776738,0.633215377998729,"ENSMUSG00000053040"
19143.3407368313,-0.0450908810633006,0.0778650432549895,0.558978303222225,0.633241618752271,"ENSMUSG00000076432"
156.427892662516,-0.107500623576201,0.19082490858932,0.559976112637638,0.634327847008732,"ENSMUSG00000066894"
1634.01125053831,-0.0527102214578117,0.0910474485970941,0.560345212768847,0.634701786476326,"ENSMUSG00000040818"
2138.27508394192,-0.0565417809977241,0.0981289716526671,0.560535180281995,0.634872784903306,"ENSMUSG00000039156"
4213.35210632601,-0.0856007540871525,0.151246540399119,0.560588071834369,0.634888515502668,"ENSMUSG00000071076"
265.50976846125,0.211024887888113,0.684544459189076,0.561306143022676,0.635657534167463,"ENSMUSG00000112690"
15.1989000635997,-0.208379727243741,0.432910361082335,0.561414950035804,0.635736525682283,"ENSMUSG00000106190"
3820.83792703972,-0.0736503349757621,0.129224096842366,0.561764548059801,0.636088154793923,"ENSMUSG00000060636"
691.41628837512,-0.0744055581357949,0.130492666790944,0.561813735928577,0.636099603077511,"ENSMUSG00000036403"
194.290213192043,-0.0839837709713881,0.147997366223173,0.562091337950751,0.636369648015185,"ENSMUSG00000049823"
793.226381978705,-0.0996854695962343,0.17732496162309,0.562300462839992,0.636562134648403,"ENSMUSG00000037151"
427.333850042172,-0.073853347267078,0.129558770637246,0.562387107528566,0.636615948285814,"ENSMUSG00000081485"
24.2574038262925,0.176098147265512,0.337248840948041,0.562450658973351,0.636643614961978,"ENSMUSG00000090273"
236.317647661879,-0.0847714044936319,0.149493359557143,0.562717804994125,0.636901712536113,"ENSMUSG00000074576"
1042.87506041978,-0.0635343435841982,0.111311749296953,0.563175781151894,0.637368997374042,"ENSMUSG00000022747"
142.778313347673,-0.105779156625522,0.1896675803068,0.563208972737942,0.637368997374042,"ENSMUSG00000057176"
352.454269074187,0.0653800949339295,0.114352362373241,0.563251080680006,0.637372338638104,"ENSMUSG00000050891"
14240.635250611,-0.0828579209193872,0.147117112583524,0.563410538972962,0.637508463325586,"ENSMUSG00000018548"
4082.28425183399,0.0466417568307385,0.0810410437679072,0.563616295321738,0.637696952474265,"ENSMUSG00000003072"
28.3724704099228,0.180192909339324,0.348857842713025,0.563864303554894,0.637933217491421,"ENSMUSG00000040441"
4992.58289776472,0.047059370051815,0.0819230540018588,0.564240744077555,0.638297407577253,"ENSMUSG00000018765"
27.8355721631543,0.162031340345531,0.305036180554618,0.564264632942418,0.638297407577253,"ENSMUSG00000037548"
13.7275528226903,-0.206181023741821,0.430149952293651,0.564414345651031,0.638378037695073,"ENSMUSG00000025804"
3726.98851056385,0.0453076282191276,0.0788822849193713,0.564400681090862,0.638378037695073,"ENSMUSG00000046062"
50.2166394803087,0.197195856317499,0.400424915538978,0.564629967003876,0.638533180692587,"ENSMUSG00000018845"
9240.37873366375,0.0503626317343264,0.0883828165059871,0.564606733538954,0.638533180692587,"ENSMUSG00000032966"
15.3253577018517,-0.205164018260543,0.42869897836389,0.564687006779747,0.638553323818043,"ENSMUSG00000055033"
639.428454935662,-0.0998694513536617,0.179024979958663,0.564749785665628,0.638554638287927,"ENSMUSG00000029504"
889.674219459944,0.0471786081326843,0.0822627619221858,0.564766625349016,0.638554638287927,"ENSMUSG00000042292"
3364.27468776011,-0.0530488551025871,0.0930906787298678,0.56489904295144,0.638615641444791,"ENSMUSG00000001248"
107.483092323825,-0.115803996971198,0.209556699708267,0.564892699632071,0.638615641444791,"ENSMUSG00000037405"
19.4381573705809,0.226289436695872,0.532140255799137,0.565193285354043,0.638903909652299,"ENSMUSG00000074577"
92.2942920095697,0.126276972227681,0.22896240298451,0.56524653933013,0.638919739408086,"ENSMUSG00000040322"
5173.92847846642,-0.0331161217535476,0.0577329699919288,0.566116958690632,0.639859176056527,"ENSMUSG00000040446"
411.264955510451,-0.0786068721451252,0.139777053224661,0.566323953825322,0.640012186564479,"ENSMUSG00000028990"
30.2779678967846,-0.15926747308201,0.302654546806228,0.566330970344929,0.640012186564479,"ENSMUSG00000080990"
2009.1637303472,0.0652026369041877,0.114241655011723,0.56646261318413,0.64011651630762,"ENSMUSG00000042590"
11.2707579760362,-0.213418058931784,0.467560366533741,0.566590987681484,0.640217138517228,"ENSMUSG00000025916"
201.56114328849,-0.0816457718820137,0.145454794785888,0.56698932263904,0.640578303298049,"ENSMUSG00000049734"
301.635439669069,-0.0845171703645551,0.150881017169152,0.566976073743982,0.640578303298049,"ENSMUSG00000060336"
1069.7651353176,0.0445575580444618,0.0782206651798197,0.56724729138332,0.640780805630651,"ENSMUSG00000021962"
1556.47972846957,-0.0846284817407373,0.151297041516108,0.567221854223513,0.640780805630651,"ENSMUSG00000026104"
421.134477372118,-0.0944886032345551,0.170050681006476,0.567867613759739,0.641437028435295,"ENSMUSG00000075040"
707.199066173636,-0.0583142256139495,0.10324838420875,0.568039781020203,0.641542465513555,"ENSMUSG00000030613"
174.590131741203,-0.111845996877729,0.203730919393902,0.568018138100081,0.641542465513555,"ENSMUSG00000113684"
379.319927856455,-0.0967454805744723,0.174544427805383,0.568277915228235,0.641766886643902,"ENSMUSG00000026604"
32507.0568276687,0.0434470417463554,0.0759720715615195,0.568355806088777,0.641810323379335,"ENSMUSG00000005610"
4035.236862182,-0.0513178097248152,0.0908703857723302,0.568660155576865,0.642109462574932,"ENSMUSG00000093752"
53.7323263134345,-0.122357479143871,0.225218426769959,0.569068164635276,0.642525600605745,"ENSMUSG00000027322"
73.1411701730223,0.146898167181461,0.27609527771889,0.569668404512967,0.643158710546683,"ENSMUSG00000027715"
30.4420593972143,-0.171837057212075,0.336341535464832,0.56978022360576,0.643240341206363,"ENSMUSG00000028707"
17.6154301328065,0.186529537137181,0.373503909090202,0.570474690598699,0.643979681939364,"ENSMUSG00000078502"
3972.98392882045,0.203656661359308,0.419822937365378,0.570967362854782,0.644491140180996,"ENSMUSG00000023036"
11810.2609177833,0.0527201565289225,0.0929813553843022,0.571260012208316,0.644776763190055,"ENSMUSG00000020366"
13.0730016900211,0.204346698544289,0.433330161585215,0.571361261792604,0.644846330129654,"ENSMUSG00000114456"
1417.88490210877,-0.0491244784480084,0.0876874396471481,0.571599771487002,0.645026071422213,"ENSMUSG00000028567"
198.93863679474,0.0901897546030977,0.162403797198334,0.571574755072445,0.645026071422213,"ENSMUSG00000030610"
1939.95378320742,0.0340088256346052,0.0603166613986691,0.571858883596707,0.645273735421267,"ENSMUSG00000026110"
66.9231454715908,-0.167659059098273,0.329516161867991,0.571902417176636,0.645278127594184,"ENSMUSG00000028294"
1270.85071029246,0.0833060688816792,0.150193995267917,0.572375440574195,0.64576707940579,"ENSMUSG00000045576"
193.883407539675,0.0789127618362924,0.141870032793823,0.572439081855133,0.645794121175262,"ENSMUSG00000074862"
2310.35049186941,0.0562603576000851,0.099858358552415,0.572632771143074,0.645967862000482,"ENSMUSG00000029518"
44.0461749708072,-0.133329526609349,0.251212464520688,0.572748471713629,0.646008843026223,"ENSMUSG00000021281"
3354.09095174888,0.0543063690096774,0.0968732788019848,0.572745782992981,0.646008843026223,"ENSMUSG00000038301"
33.9573727000118,-0.180694570783553,0.365969251854782,0.573109482814226,0.646371243764288,"ENSMUSG00000027171"
2042.36007760272,0.0401757003552134,0.0714317129992088,0.573233815190381,0.646421894261796,"ENSMUSG00000016619"
560.793198235578,-0.06746182258109,0.121512525456059,0.573215461226102,0.646421894261796,"ENSMUSG00000036061"
1810.58653074835,-0.0510662349222883,0.0915684820861768,0.573303136351893,0.646455282179005,"ENSMUSG00000036733"
3173.23700240901,0.039336850803093,0.0702217441879138,0.573348509305177,0.646461663397497,"ENSMUSG00000009291"
2886.01146153164,-0.064038503442495,0.117984573314111,0.574297005364664,0.647486262178003,"ENSMUSG00000029502"
468.250732022922,-0.0618090253754952,0.111610530382362,0.574417037192078,0.647576738791651,"ENSMUSG00000042745"
2687.40332379459,-0.0505527290893315,0.090972262266567,0.574912062757092,0.648089927808861,"ENSMUSG00000024998"
1250.1135026782,-0.061320587588429,0.110818803410175,0.575548069105635,0.648761960314489,"ENSMUSG00000071064"
266.142190553709,0.0911922324941454,0.166362470557249,0.575846148467659,0.649053012377549,"ENSMUSG00000017897"
694.399680366172,0.0570168818412911,0.102598493225438,0.575892611193243,0.649060439313412,"ENSMUSG00000024251"
1397.7334348081,0.0537011800087447,0.096646361227546,0.576253126018858,0.649421793501452,"ENSMUSG00000027164"
1032.22171261931,0.0477508534998666,0.0859333683127836,0.577159923043758,0.650398700401959,"ENSMUSG00000048930"
15.3105526753984,-0.202865462988303,0.447923581482602,0.577338843010527,0.650555287728461,"ENSMUSG00000051225"
1319.38863671299,0.0649540685918845,0.115564674697304,0.577998401409828,0.65125340749977,"ENSMUSG00000028228"
21.5588974252506,-0.217542475539783,0.555473686078135,0.578524167803383,0.651800692379808,"ENSMUSG00000073876"
227.656928323705,-0.0895055249612809,0.165583829107005,0.5789542992071,0.652240160737295,"ENSMUSG00000057842"
18.9492888863068,0.188714676281795,0.395068790485779,0.57917242526295,0.652440743143965,"ENSMUSG00000067010"
540.772513974003,0.0726293439686514,0.132832742787718,0.579572681134864,0.652846453775747,"ENSMUSG00000024592"
15.7077534092035,-0.193128638560081,0.413583862369602,0.579701255318931,0.65294609978422,"ENSMUSG00000048924"
2639.96223497067,0.0377360712710558,0.0683306584467527,0.579843784974626,0.653061449651766,"ENSMUSG00000025555"
3942.97738372466,-0.0461687379453351,0.0842198773372582,0.580110848036844,0.653303200039003,"ENSMUSG00000022365"
1078.86444430092,0.0580164981367396,0.105663414634018,0.58013869987491,0.653303200039003,"ENSMUSG00000027962"
3293.44757312921,0.0494332131220448,0.0897567163888369,0.580357173748324,0.653504017312896,"ENSMUSG00000046364"
499.853530423177,-0.058209926478847,0.106523347057599,0.580479341551764,0.653596370047702,"ENSMUSG00000024909"
60.8214190276922,-0.12900255945866,0.248245177902298,0.581375603872441,0.654560248985724,"ENSMUSG00000033177"
1005.54308555483,-0.083384431684116,0.154866100698846,0.581458449052186,0.654608246329032,"ENSMUSG00000043987"
18.36301572347,0.174190066381005,0.35489081097638,0.581632210004862,0.654758583295929,"ENSMUSG00000091541"
103.107760073285,0.151650589755786,0.297065154120255,0.581762979595271,0.65480694244049,"ENSMUSG00000024338"
49.9189738341195,-0.194716061875736,0.426790425579735,0.58179584767888,0.65480694244049,"ENSMUSG00000033847"
3950.96135069256,0.048495483924266,0.0883733231240355,0.581758940360399,0.65480694244049,"ENSMUSG00000049422"
3091.7340043441,-0.0487386446584393,0.0893176054428822,0.58202972521739,0.655024880191419,"ENSMUSG00000026466"
1801.02666411689,-0.0502577085494594,0.0922561731350138,0.582374020724866,0.655367045237426,"ENSMUSG00000003273"
537.41565669088,0.061820449845619,0.113446892479905,0.582454212557858,0.655411977880327,"ENSMUSG00000041975"
3192.43692295818,-0.0559413531138095,0.102781262613067,0.582700711122471,0.655644029560489,"ENSMUSG00000039988"
181.76935917535,0.116951432422484,0.22154261739425,0.582912161688823,0.655836616531011,"ENSMUSG00000073424"
3185.58513381638,0.0558429897371868,0.102462050345745,0.583121130555714,0.655981047905038,"ENSMUSG00000022474"
3371.56144869016,0.0367741763290644,0.0671036815410552,0.583089306408704,0.655981047905038,"ENSMUSG00000044550"
14.8051032320294,0.195407993855595,0.422415609617423,0.583400404508415,0.656249864182708,"ENSMUSG00000109482"
17.3740778707434,-0.191721719097412,0.416516244822123,0.58416108365801,0.657060124363259,"ENSMUSG00000073491"
764.144465559357,-0.0711017274139492,0.132346899072798,0.584316394517372,0.657189405786899,"ENSMUSG00000059834"
517.462133579002,0.0982244223806569,0.184370919128672,0.584775586732885,0.657629080777947,"ENSMUSG00000028226"
3408.70965251599,-0.0576097721977041,0.112897049726599,0.584788115509324,0.657629080777947,"ENSMUSG00000034781"
388.690615047134,-0.0727490766737439,0.135501134127933,0.584847438854272,0.657650359883244,"ENSMUSG00000034748"
41.6591106306184,-0.167628087142786,0.345500989754276,0.585131935276474,0.65792482160879,"ENSMUSG00000042269"
2199.72891687668,-0.0610647041497182,0.113267561759283,0.585247576375271,0.658009396894368,"ENSMUSG00000041769"
48548.5095457136,-0.185530987479297,0.391528704210102,0.585760802548691,0.65854094508513,"ENSMUSG00000100862"
1695.43328234697,-0.055724326580467,0.103545304667477,0.586264620681362,0.65906184360851,"ENSMUSG00000035107"
2196.62349636609,0.0525742020059243,0.0971847275416125,0.586425221219183,0.659196861474059,"ENSMUSG00000015750"
138.825787911531,-0.0965011167238191,0.183424204568042,0.586816604096411,0.65959126373991,"ENSMUSG00000027954"
208.719336085896,-0.0831139735595642,0.156853189132309,0.587222146725784,0.660001526230913,"ENSMUSG00000104148"
2643.59888638921,0.0355907909241638,0.0651815764861869,0.587487117798497,0.660238051196497,"ENSMUSG00000072964"
66.9517500195495,0.147742218204625,0.293314679144538,0.587513710012364,0.660238051196497,"ENSMUSG00000096850"
1774.25811099659,0.0583806372852606,0.106235617246793,0.587911546777332,0.660535151192265,"ENSMUSG00000001909"
14241.3751171422,0.0351247001146244,0.0651763888104355,0.587923035082779,0.660535151192265,"ENSMUSG00000021910"
703.382411501536,-0.0604709836047235,0.111427653374052,0.587980976826141,0.660535151192265,"ENSMUSG00000025724"
409.778985649318,-0.0604479718747253,0.113073210655269,0.587972642535294,0.660535151192265,"ENSMUSG00000029346"
70.7158766286117,-0.125362859397716,0.24455716695151,0.587887767765035,0.660535151192265,"ENSMUSG00000091418"
46.5997000156244,0.14255309875517,0.282466512032988,0.58827873824957,0.660732857326053,"ENSMUSG00000017652"
426.34130396428,0.0647381620794372,0.120764631738056,0.588271208151749,0.660732857326053,"ENSMUSG00000027983"
13477.8941659141,0.0356495478195105,0.0659449118738492,0.588245627166152,0.660732857326053,"ENSMUSG00000036309"
235.952373295843,0.0650368008673378,0.121415646756734,0.58840260736193,0.660735212654353,"ENSMUSG00000028848"
370.723298622511,0.0910247602763778,0.171964287924599,0.588336831964284,0.660735212654353,"ENSMUSG00000036278"
585.073010835462,-0.0479793462232,0.0894380898059988,0.588371632361087,0.660735212654353,"ENSMUSG00000072582"
758.993160461471,0.0550355369865954,0.102744002887974,0.58850917037127,0.660763710532731,"ENSMUSG00000000148"
3518.36458411099,-0.0422743582029801,0.078612495761618,0.58848832075721,0.660763710532731,"ENSMUSG00000024130"
4058.18396494828,-0.06167664981665,0.114978941349847,0.588598072322593,0.660817947532048,"ENSMUSG00000038502"
22.2896657074857,0.187333777505406,0.40511938513488,0.588809299127048,0.661009501461385,"ENSMUSG00000051509"
240.256032360825,0.121443855946132,0.23482491067324,0.58891356811348,0.66108096419221,"ENSMUSG00000029561"
267.04813832987,-0.108138807069043,0.208649755410472,0.588993583219533,0.661125192914602,"ENSMUSG00000040610"
45.3563613664105,-0.139766093160878,0.278723608563334,0.589061552352685,0.661155895276632,"ENSMUSG00000019945"
2323.69686205167,0.0439019205267392,0.0816296387953887,0.589131116275448,0.661188383255084,"ENSMUSG00000068921"
4330.78682711629,-0.0324295772927075,0.0601608502769659,0.589445373367973,0.661449868170679,"ENSMUSG00000020358"
14179.6437483839,-0.0597322736653737,0.112891805216009,0.589435479061504,0.661449868170679,"ENSMUSG00000039262"
3472.27047121979,-0.0441834785012301,0.0820794173080367,0.589643884036963,0.661627017602102,"ENSMUSG00000026817"
727.24620162817,0.0498313666375242,0.0929551196808232,0.590052976416994,0.662040415640738,"ENSMUSG00000026578"
54.445959212953,0.204973615514314,0.650188073533272,0.590170071868712,0.662126158238259,"ENSMUSG00000039617"
1139.34845502899,0.0818467522842509,0.154374752203513,0.590232996286507,0.662151117405359,"ENSMUSG00000038094"
30.6844829674383,-0.188018752428747,0.425525586551667,0.590592666344425,0.662508953397737,"ENSMUSG00000031893"
1077.41282022081,-0.0685282136586353,0.129641339675447,0.59078208335363,0.662632735212686,"ENSMUSG00000045211"
210.29129386731,-0.0993167629461104,0.191296740720953,0.590784425982412,0.662632735212686,"ENSMUSG00000090362"
2170.04951573507,-0.0692744655007107,0.131206830121972,0.590850505489077,0.662661191150007,"ENSMUSG00000032101"
4319.37108193993,-0.0479243883001082,0.090038352517427,0.591116256052376,0.662867898596071,"ENSMUSG00000007739"
7465.08443552877,0.0418048736744284,0.0803809703969661,0.591088182456725,0.662867898596071,"ENSMUSG00000050148"
701.477291346918,-0.0629940816785385,0.118857333226398,0.591323618435591,0.663054753798619,"ENSMUSG00000042369"
26.1494803528203,0.153405883018654,0.31069353922251,0.591444090162687,0.663109802946035,"ENSMUSG00000062314"
391.881633813523,0.091599231913457,0.174679853595535,0.59145418534055,0.663109802946035,"ENSMUSG00000072940"
15.5545787021046,0.190873323324477,0.421251197021141,0.591563129725547,0.663186268985706,"ENSMUSG00000078967"
3879.59844388164,0.0500433063720392,0.0938984665171417,0.591718192690373,0.663314423291363,"ENSMUSG00000009863"
81.9011101732474,0.103426807866611,0.199261565938798,0.591946950562233,0.663525166041318,"ENSMUSG00000095928"
285.319638900458,0.10838413833853,0.209391469379864,0.59214688144832,0.663703569249862,"ENSMUSG00000052293"
19.1130300322786,-0.195466425436147,0.463047090437199,0.592380834443369,0.663920078702091,"ENSMUSG00000047515"
16.3761330957371,0.183941891613814,0.397811359784091,0.592464231198859,0.663967831700862,"ENSMUSG00000023903"
3094.60570046459,0.0865135620253685,0.164288324546582,0.59256497097237,0.664035012907079,"ENSMUSG00000032232"
330.04773859109,0.124913588155767,0.244991471020073,0.592616506390983,0.66404704970279,"ENSMUSG00000017724"
642.831489437212,0.0512189253279755,0.0963469150834197,0.59293704431666,0.664360490596544,"ENSMUSG00000033416"
19.3887103365037,0.176597726147464,0.37603171149484,0.592988239244591,0.66437212185446,"ENSMUSG00000046275"
28.3931458238585,-0.169915058291793,0.360536691315645,0.593135925062242,0.664491850527404,"ENSMUSG00000015083"
516.366617933709,0.0702339474469074,0.133178117259537,0.593410772500026,0.664708268287602,"ENSMUSG00000003549"
1493.47651603772,-0.0607031608546255,0.115421967994169,0.593370752719403,0.664708268287602,"ENSMUSG00000062995"
32.7979162216772,-0.155727723953545,0.322670918815107,0.593612169949932,0.66488810998727,"ENSMUSG00000028427"
1383.39415090054,0.0347987008425326,0.065213101793485,0.593741312922102,0.664961887223457,"ENSMUSG00000008373"
977.721216929544,0.065032413800991,0.123222035095619,0.593759738960127,0.664961887223457,"ENSMUSG00000041426"
830.713361362876,-0.0531936502399359,0.100969599859199,0.593955980431785,0.665090145798211,"ENSMUSG00000020843"
259.626194330136,0.0800550903122168,0.152823436574559,0.593931305383376,0.665090145798211,"ENSMUSG00000026806"
166.36084397813,0.0875192866093173,0.167916905218553,0.594196541078359,0.665313749874365,"ENSMUSG00000035606"
100.699873362032,0.118716210835421,0.233024280207013,0.594343568364357,0.665432602368458,"ENSMUSG00000005493"
3272.97762229142,0.0620338634226887,0.115930909959601,0.594650902543833,0.665730907263309,"ENSMUSG00000046330"
2780.70450593452,-0.0447418380889264,0.0849209773186196,0.594935909496269,0.666004176795287,"ENSMUSG00000030286"
774.525107975044,0.0456520751207216,0.086259737737282,0.594985624939565,0.666014028521953,"ENSMUSG00000093954"
18.6312226422332,-0.18814905004767,0.424431585425492,0.595052694766786,0.666043303679691,"ENSMUSG00000093456"
22855.7965169247,-0.0685606646842336,0.13064222932217,0.595162454178262,0.666120354036974,"ENSMUSG00000039218"
2165.67263730236,0.067346506974761,0.125753799822231,0.59520693331894,0.666124335549378,"ENSMUSG00000040774"
29.204773794898,-0.151395739973235,0.312604507096168,0.595260783181147,0.666138803012698,"ENSMUSG00000090304"
30142.5154213203,0.0341249374277639,0.0638126698553361,0.595371800677059,0.666217238703593,"ENSMUSG00000020612"
1098.89302766616,0.0403108451830084,0.0762770953070616,0.595531441059767,0.666350068570999,"ENSMUSG00000044148"
524.417644275934,-0.080441794659191,0.155311986222963,0.595600135178035,0.666381125879995,"ENSMUSG00000106948"
281.249949339384,0.082947310559588,0.159308950116995,0.595803152139411,0.666562454331638,"ENSMUSG00000025747"
852.794876921977,-0.0408890103643045,0.0776853024740474,0.595982388927226,0.666717155312857,"ENSMUSG00000034889"
67.2651762986021,-0.121321009336756,0.241944706884858,0.596062911552239,0.666761412468894,"ENSMUSG00000057654"
2665.70345531602,0.0443310659164024,0.0840049439825315,0.596215461150312,0.666886228035785,"ENSMUSG00000028173"
10.3128309912373,-0.19597826473639,0.460832048924906,0.596483539518825,0.667140240228627,"ENSMUSG00000075378"
123.704843442165,0.143503674857819,0.291334922830536,0.59652994326731,0.667146301374461,"ENSMUSG00000028717"
9.34924625990222,-0.196767193174565,0.46433288448243,0.596766961024361,0.667344843769927,"ENSMUSG00000075097"
23.6400598512803,0.180135424562356,0.397552278514321,0.596789463739945,0.667344843769927,"ENSMUSG00000078503"
273.644324946467,0.0861602175524351,0.166302668359185,0.597006383711578,0.667541552002821,"ENSMUSG00000067951"
12.9824432763283,-0.179798461511034,0.39753346874471,0.597089374888195,0.667588491272068,"ENSMUSG00000105021"
879.623396674016,0.0564613197211809,0.104961455859286,0.597559230765857,0.668067936703751,"ENSMUSG00000024357"
51.5829721046669,-0.171666950631277,0.373835963067545,0.597831665944732,0.668326616183528,"ENSMUSG00000072919"
11407.4825720129,-0.0590894450431091,0.114138697723373,0.597925050904504,0.66838511046721,"ENSMUSG00000022619"
14.4870798999448,0.190842097057624,0.433543248032366,0.598116467298905,0.668553172745422,"ENSMUSG00000059623"
21.087673529979,-0.161294665824364,0.343552359525593,0.598706544660912,0.669166790304197,"ENSMUSG00000042672"
9358.91296327063,-0.0445987449440458,0.0881267358321591,0.598918993603756,0.669350259016988,"ENSMUSG00000019179"
9.58113731990486,-0.206245057323762,0.562235223286481,0.598952934810262,0.669350259016988,"ENSMUSG00000081378"
232.197450466505,-0.151546324141841,0.318238133630777,0.599102447218043,0.669471382976268,"ENSMUSG00000045903"
65.4104394536029,-0.126377494788459,0.255764140290508,0.599293153141811,0.669638519140747,"ENSMUSG00000035455"
1653.34297578839,-0.0791336714911267,0.154342081805264,0.599578307793126,0.669865181486376,"ENSMUSG00000029059"
6255.37576969921,-0.0630488235198786,0.124356053633992,0.599554567660836,0.669865181486376,"ENSMUSG00000041112"
739.500498092699,-0.0718622085432072,0.139589868644391,0.599716212955912,0.669973269816508,"ENSMUSG00000052926"
10.4134822521113,0.192742801679597,0.446715473310483,0.599840482091359,0.670066110862142,"ENSMUSG00000054036"
10826.6341041619,0.0668909563558401,0.127557279148952,0.60012195666593,0.670334537199479,"ENSMUSG00000024921"
2366.4042724133,-0.0567819056613028,0.107347777286383,0.60026841687403,0.670452126380915,"ENSMUSG00000032527"
19.4079539641301,0.182081949372485,0.405941203382049,0.600437456287655,0.670594916874816,"ENSMUSG00000116415"
1816.71112553772,0.061115768975803,0.117803469743512,0.600493228700923,0.670611194895281,"ENSMUSG00000037788"
10593.4666794071,-0.0825656718965935,0.162202862715232,0.600999915243848,0.67113100228712,"ENSMUSG00000023033"
307.21992070746,0.069255185782905,0.133760687636934,0.601315988022098,0.671437896352292,"ENSMUSG00000023939"
16.9078651352925,0.177556749346954,0.393359103065876,0.601368066762546,0.67144998907749,"ENSMUSG00000030732"
11320.1795334482,0.0807159937177575,0.157577210501259,0.602224484880284,0.672360093613255,"ENSMUSG00000003814"
246.736072843458,0.106800991562692,0.212558178969775,0.602529868981846,0.672654907570571,"ENSMUSG00000074802"
111.237055191846,0.101050577129816,0.200703433754005,0.602925538301048,0.673050467183135,"ENSMUSG00000044881"
1727.21341839402,-0.0889842274561162,0.177016749902312,0.603017323081963,0.673106767134897,"ENSMUSG00000056492"
3001.79286245588,0.0424570458717532,0.0823371112534083,0.603550327629852,0.673655528878136,"ENSMUSG00000028354"
397.676791269861,-0.0823823110029857,0.163154276232725,0.603971144859067,0.674079005554741,"ENSMUSG00000029815"
734.192451668113,0.0815580683916012,0.159900221314396,0.604076806412056,0.674150709911932,"ENSMUSG00000114123"
6263.02464243312,0.0465231294913134,0.0901926246111036,0.604354681578482,0.674414581938338,"ENSMUSG00000060657"
104.856203885323,0.0998960305342916,0.199252565656581,0.604777649545743,0.674840319393036,"ENSMUSG00000112516"
5526.94194114449,-0.0389951244986218,0.0760070134109373,0.605373923573501,0.675459368560521,"ENSMUSG00000040652"
1702.81162780253,-0.0659823856842675,0.130077380279646,0.60563898141605,0.675708796400992,"ENSMUSG00000022494"
376.611163875574,-0.0556794301760091,0.109338224462252,0.605881713972978,0.675933283534517,"ENSMUSG00000026058"
2092.81411414162,-0.0496328060498983,0.0972095173072681,0.60594585691587,0.675958515548007,"ENSMUSG00000045411"
1499.76452450974,0.049960824350121,0.0974706123533485,0.606075448510987,0.676010425576391,"ENSMUSG00000047248"
21.6483178333235,0.170064680540852,0.375388054941751,0.606049639265296,0.676010425576391,"ENSMUSG00000058163"
4933.86361997522,0.0371911328499868,0.0723282948053999,0.606160554962168,0.676059028000971,"ENSMUSG00000026782"
76.9347984879372,0.117449741452828,0.238531894883888,0.606236363565511,0.676097254461454,"ENSMUSG00000029552"
1828.21897053122,-0.0522025771721657,0.10234924985248,0.606330839421721,0.676156292670191,"ENSMUSG00000033272"
1499.24663188031,-0.0378856361501731,0.0740633596378402,0.60639686511526,0.676183598461858,"ENSMUSG00000071662"
1965.32928612044,-0.0470411410683439,0.092154501284307,0.60645643534216,0.676203702616596,"ENSMUSG00000070319"
7789.34240258201,0.0617349414596914,0.124644648253427,0.606629437311858,0.676350272641262,"ENSMUSG00000047215"
230.093068275536,-0.0668687372142824,0.132503399704307,0.606869119187353,0.6764927651096,"ENSMUSG00000002825"
19.7277864866802,-0.161313737856251,0.353925129371754,0.606881917243856,0.6764927651096,"ENSMUSG00000006313"
3620.33050393961,0.0449702177602186,0.0875715367420972,0.606848280059112,0.6764927651096,"ENSMUSG00000041658"
36.1047098695061,0.126440639139386,0.260519052674085,0.60752251803229,0.677160473057356,"ENSMUSG00000095401"
11.3516190979,0.180437921141933,0.414423103284638,0.608277650000801,0.677955740274771,"ENSMUSG00000110921"
8099.36339352042,-0.0396178392363155,0.0778510147685484,0.608394175678816,0.678039188805954,"ENSMUSG00000066551"
626.449818895105,0.0705692957614532,0.139796785134143,0.608775752436634,0.678417998094306,"ENSMUSG00000033060"
2572.02954249114,0.0513310750622879,0.101079760072324,0.609330998468096,0.678990278824183,"ENSMUSG00000040356"
29.786777389444,-0.179580777712517,0.419871996044206,0.609546755394402,0.679184207290716,"ENSMUSG00000091405"
2385.91474367165,0.0538914857452992,0.106171499613062,0.609662477539531,0.67926665362002,"ENSMUSG00000023921"
405.358392116285,0.121872046311166,0.251175293945815,0.60980127899521,0.679374801141882,"ENSMUSG00000031189"
1029.38787830785,-0.073590008477055,0.147514916070206,0.610151034063832,0.679717939535386,"ENSMUSG00000028703"
1112.78760139402,0.0572691083888684,0.113046734286134,0.610379687903434,0.679904774431946,"ENSMUSG00000022247"
3161.73690736253,0.0477336675360594,0.0942516186716842,0.610418153309961,0.679904774431946,"ENSMUSG00000027291"
655.471072196228,0.0535720954685059,0.105927868900645,0.610444051991823,0.679904774431946,"ENSMUSG00000036611"
1646.64616854396,-0.0582586424002244,0.119064173119217,0.610697695216244,0.680140741839766,"ENSMUSG00000036510"
638.198183937122,-0.0554997326393031,0.110519244033057,0.610949916613798,0.680375093564987,"ENSMUSG00000020305"
58671.5728691316,0.0657069683928078,0.129995798780972,0.611071125143103,0.680463522717159,"ENSMUSG00000065947"
4266.43339758235,-0.0490456221286926,0.108728220654694,0.611327536010726,0.680702485202996,"ENSMUSG00000037364"
4731.30858677237,-0.0559751437141313,0.111829482803551,0.611827094233384,0.681212136794187,"ENSMUSG00000049047"
21.4483265948728,-0.170859931112224,0.39393122400177,0.612821512546729,0.682272661325193,"ENSMUSG00000113175"
1657.11193420343,-0.0348804814248112,0.0692515348375271,0.612907003233841,0.682321173481088,"ENSMUSG00000060181"
1427.54935660273,0.0707007747746909,0.14166775936297,0.612966279988398,0.682340498232315,"ENSMUSG00000000567"
1477.15061424435,-0.0488187453503209,0.0975477635511123,0.613155386843049,0.682504334452349,"ENSMUSG00000020453"
12.4468073862577,-0.19409986032653,0.505319981693238,0.613641482848726,0.682998704807628,"ENSMUSG00000021609"
427.196372212453,-0.0972103954462462,0.200439359865496,0.614005733642401,0.683350786992754,"ENSMUSG00000084416"
22.6451408761278,-0.152094450964617,0.335631907560322,0.614041771798932,0.683350786992754,"ENSMUSG00000114096"
3770.0415322111,0.0584357569954195,0.116104964371912,0.614281284874456,0.683570601256931,"ENSMUSG00000006576"
11.6450706299175,-0.18948308918043,0.479383216565506,0.614439399061801,0.683699811192016,"ENSMUSG00000083964"
1010.19264338476,0.0544563721393094,0.108749558226765,0.614642740673166,0.683879325541886,"ENSMUSG00000029993"
8.93082236123524,0.199468512720587,0.562323775778208,0.614774430937221,0.683979098270527,"ENSMUSG00000006546"
653.41777152229,0.0709686778093564,0.142730198672718,0.614998319794624,0.684181427666545,"ENSMUSG00000025722"
1381.31505865049,0.051053925611235,0.102064314294967,0.615190665629351,0.684348640409662,"ENSMUSG00000006728"
14.2631013955475,-0.170529366653267,0.397637105670548,0.615298786957672,0.684422143918066,"ENSMUSG00000037922"
20.6185967620882,-0.175408357809941,0.421977586155495,0.615594789776537,0.684656150692648,"ENSMUSG00000021569"
843.998443329226,-0.0695288252442911,0.141316245785221,0.615601574421193,0.684656150692648,"ENSMUSG00000030509"
11.0347231336976,-0.178890773330969,0.4292099955205,0.615635340808962,0.684656150692648,"ENSMUSG00000081807"
1397.59508270478,-0.058403394486195,0.118472437886064,0.615844404308154,0.684810009628441,"ENSMUSG00000038545"
21.1969874776746,-0.16033667598419,0.363530203389796,0.615857828415699,0.684810009628441,"ENSMUSG00000097148"
852.990302236123,0.0609053423073157,0.12237860395589,0.61597740524427,0.684896188699879,"ENSMUSG00000020308"
893.512603243724,0.0692358230366493,0.139662010650864,0.616076608139276,0.684959704070154,"ENSMUSG00000027227"
20.819330587101,-0.192071509230873,0.539180266964532,0.616431901603653,0.685307915196303,"ENSMUSG00000030650"
1978.13878168141,0.046449128160823,0.0931928698262668,0.616557503095949,0.685400739971034,"ENSMUSG00000020311"
2844.73723959366,-0.0421375985654581,0.0857058927347236,0.617043340621951,0.685893983791595,"ENSMUSG00000026356"
116.332915510324,0.115930243012298,0.244330541486844,0.617680211537142,0.686536939404059,"ENSMUSG00000030281"
25.927527315299,-0.168134944363792,0.393826794204159,0.617706107292778,0.686536939404059,"ENSMUSG00000079495"
548.062428414563,-0.0757573436999939,0.15557290534883,0.617840057741809,0.686638933564632,"ENSMUSG00000067931"
9667.00668718062,-0.0570235596881054,0.111336756275381,0.618105778584196,0.68688734733708,"ENSMUSG00000029772"
1519.16550905654,-0.0555813271040849,0.113766075233872,0.618353987865915,0.687116268310558,"ENSMUSG00000020697"
755.518507192217,0.0468144293655566,0.0944927743498125,0.618693483849885,0.687399667606882,"ENSMUSG00000001999"
36.3496777492643,-0.14924045648523,0.334975808268114,0.618682530118839,0.687399667606882,"ENSMUSG00000062121"
318.895823357565,0.0823677897370323,0.169232804721113,0.618828909387994,0.687503206867169,"ENSMUSG00000026723"
318.326302307133,-0.0783535349412319,0.162061227246132,0.618927444032096,0.687565749945708,"ENSMUSG00000031671"
85.2910473110175,0.119841276388756,0.25415805676452,0.619096117966071,0.687706196823509,"ENSMUSG00000049580"
1018.22926704107,-0.0440340101729875,0.0893041468771503,0.619148407531352,0.687717350924282,"ENSMUSG00000022889"
1451.64470534308,0.0489468635074322,0.0992318916108472,0.61973931097502,0.68832672653189,"ENSMUSG00000031822"
12.0363482681847,-0.189752563204578,0.573125849692744,0.619906283334152,0.688418234418974,"ENSMUSG00000016942"
18170.3511798687,0.0333352897400259,0.0673053518654574,0.619890423727165,0.688418234418974,"ENSMUSG00000038486"
4164.62678461793,0.0585909979557304,0.119270576452104,0.620314730653765,0.688824830178183,"ENSMUSG00000028677"
14.983286511053,-0.16734052451317,0.392904215516347,0.62049032577127,0.688925825175958,"ENSMUSG00000056281"
2883.86766769836,-0.0702422355819428,0.126385082598152,0.620466441992747,0.688925825175958,"ENSMUSG00000068099"
2245.76261849514,0.0377597076044838,0.0764283997609654,0.620896594634924,0.689235867939668,"ENSMUSG00000035620"
440.263068516142,-0.0781648421806176,0.162379040880798,0.620875664357937,0.689235867939668,"ENSMUSG00000048347"
43.843912745812,0.121802094856766,0.260712858261301,0.620829331795113,0.689235867939668,"ENSMUSG00000086965"
76.7034675008973,0.142083064707898,0.312486683359662,0.621007919896535,0.68931243914598,"ENSMUSG00000070572"
611.624375150781,0.0481366123612095,0.0979984132985256,0.621242637331862,0.689525954622123,"ENSMUSG00000031266"
3558.67125130775,-0.0385157980054695,0.0788585562481701,0.621743490977869,0.69003480917282,"ENSMUSG00000015671"
309.116880263256,-0.0590405838308415,0.121092354404131,0.621848041212435,0.690103791577313,"ENSMUSG00000036009"
15.8778044950012,0.124167927570189,0.743743542396456,0.622421212401266,0.690692787202114,"ENSMUSG00000108748"
132.406998067597,-0.10460763381793,0.22269218473734,0.622501189833679,0.690734449087432,"ENSMUSG00000115030"
45476.4464431436,0.0418788991696757,0.0908206061100209,0.622595068083708,0.690744446446742,"ENSMUSG00000032294"
1387.66465816542,-0.04454388195991,0.0913364084909662,0.622565265367079,0.690744446446742,"ENSMUSG00000032624"
855.038569646727,-0.0823098328869914,0.172410767541105,0.622651196382356,0.690759638431949,"ENSMUSG00000041966"
4443.57378883067,0.0505973246201787,0.103010301595831,0.622912273760703,0.691002180201494,"ENSMUSG00000040462"
38.8703318878286,-0.16231289047354,0.381796412032453,0.623277836383496,0.691360587437857,"ENSMUSG00000043051"
3423.97116387248,0.0420102715998846,0.0858484724362215,0.623384461091818,0.691431742821791,"ENSMUSG00000025040"
20.829954473578,-0.17540603994677,0.435292747239995,0.623780478389829,0.691823848690443,"ENSMUSG00000104301"
7632.09992629316,0.0338243206381865,0.0692312146948055,0.62446322062992,0.69253388100653,"ENSMUSG00000056770"
13.0930230361694,0.173280800122145,0.42002176222073,0.624704851510145,0.692754654464346,"ENSMUSG00000026226"
5889.32888153265,-0.0527958634783535,0.109495616947687,0.624766072027248,0.692775348805146,"ENSMUSG00000004187"
291.674569708185,0.0925625605468121,0.194870719932945,0.624885797833088,0.692860909824059,"ENSMUSG00000068270"
25.1788537618692,-0.147171125076953,0.335193496131429,0.625363565853299,0.693343422214957,"ENSMUSG00000036944"
14.5786530532179,-0.170882609027725,0.420337872478042,0.625639885364539,0.693532556675954,"ENSMUSG00000024295"
33.8238372736873,-0.190217286532454,0.557382653345275,0.625601982126571,0.693532556675954,"ENSMUSG00000096003"
18.0536703111636,0.1664515777845,0.393928649457909,0.625661972895097,0.693532556675954,"ENSMUSG00000116244"
1532.56829101575,0.0597496753199482,0.12374532396132,0.625720691413258,0.693550416371035,"ENSMUSG00000021733"
25.8512779139191,-0.146591287821043,0.336235897448324,0.625895221815708,0.693696631083005,"ENSMUSG00000025359"
7093.05505303286,-0.040514723210578,0.0840020865666121,0.625945139163647,0.693704723264287,"ENSMUSG00000001127"
178.515868023274,-0.128115391587186,0.28442617692468,0.626212912355308,0.693954237001817,"ENSMUSG00000095648"
9.83866440480848,0.184709227261058,0.47724495109888,0.626699460432707,0.694446141383499,"ENSMUSG00000096966"
2940.84186551064,-0.039315896766752,0.0826058072838327,0.626794909802714,0.694504631527369,"ENSMUSG00000028964"
37.9605931290903,-0.122344825097088,0.269141978795934,0.626858491107674,0.69452780548943,"ENSMUSG00000055088"
30.8367154926211,0.133513024175463,0.297073608717426,0.627084049534743,0.694683146748778,"ENSMUSG00000025779"
1085.97353580984,0.0518797196190307,0.107579855413757,0.627081397555246,0.694683146748778,"ENSMUSG00000027639"
1885.94982174448,0.0528714282844663,0.108524139531795,0.627581268658732,0.695174291101862,"ENSMUSG00000006736"
434.193431486985,0.056187000188587,0.116910839398058,0.627612813738357,0.695174291101862,"ENSMUSG00000078970"
478.353906090435,0.061572402883282,0.12823761831274,0.627673518540241,0.695194225678577,"ENSMUSG00000003423"
952.722048058245,0.0408612998911807,0.0847742271077072,0.628186003410319,0.695714502892446,"ENSMUSG00000039795"
173.793822516595,-0.0802905582713359,0.17059557895733,0.628362749863927,0.695862905114975,"ENSMUSG00000117853"
25.443638766438,0.151114837095165,0.348465951070963,0.628468765310526,0.695932963382635,"ENSMUSG00000055775"
20.8321653553987,0.15959005667787,0.377065023496615,0.629528986268028,0.697059576795522,"ENSMUSG00000021565"
28.0115213791981,-0.140766604362633,0.322631311219136,0.630019469613896,0.697555225573051,"ENSMUSG00000050777"
67.154669125507,-0.110244496023778,0.241874511519666,0.630222950106498,0.697685608122522,"ENSMUSG00000047161"
15.6972477055553,-0.15850917396304,0.379401364026067,0.630190509346209,0.697685608122522,"ENSMUSG00000109205"
74.1997093196756,-0.0998262821668468,0.217095051525994,0.630422402810061,0.697858950897122,"ENSMUSG00000098505"
152.937073723379,-0.0970425104706968,0.210521503054354,0.630535066298541,0.697936203536492,"ENSMUSG00000036856"
1719.63129740397,-0.058479617893489,0.122375618096113,0.630683655265865,0.697977436158736,"ENSMUSG00000033790"
5567.94286364984,-0.0592699379755377,0.125294924858693,0.63070095272508,0.697977436158736,"ENSMUSG00000038733"
1096.68062318323,-0.0467098904825772,0.0981714612585559,0.630627009179984,0.697977436158736,"ENSMUSG00000049800"
1740.47171802543,-0.0497490501050584,0.107640087525806,0.630768701650547,0.698004957543685,"ENSMUSG00000005813"
196.64235060144,-0.0741509123062199,0.158283947002588,0.630973458216371,0.69815819217881,"ENSMUSG00000001134"
6055.11407246828,-0.0425418874896443,0.0895568633208507,0.630992955113322,0.69815819217881,"ENSMUSG00000027951"
3349.98573313909,-0.0637272505574913,0.135259770177188,0.631132708993901,0.698261339858374,"ENSMUSG00000011831"
1542.85387389427,-0.061128003657039,0.129553401039991,0.631208359597192,0.698261339858374,"ENSMUSG00000052310"
11.2760208616274,-0.175040306114335,0.655978526884483,0.631214867675143,0.698261339858374,"ENSMUSG00000079383"
14.4473293774222,0.173240613321397,0.432873868417105,0.631435939516527,0.698438463276821,"ENSMUSG00000002500"
52.6357659204526,0.137602057357048,0.314022159030205,0.631589518333629,0.698438463276821,"ENSMUSG00000026873"
200.087138878012,-0.118913078038894,0.265722208548212,0.631587111928582,0.698438463276821,"ENSMUSG00000026875"
203.644211237835,-0.0795637121713718,0.170367527669202,0.6314924602502,0.698438463276821,"ENSMUSG00000030413"
41.7628436191507,0.135715330775544,0.308517598266405,0.631587462440797,0.698438463276821,"ENSMUSG00000035458"
364.442000396208,-0.0504184287598613,0.10649271755064,0.631819126332865,0.698644911245593,"ENSMUSG00000032121"
3332.92704046629,-0.044898181809642,0.09469370508619,0.631919596563543,0.698708544549745,"ENSMUSG00000028719"
232.148653352954,-0.0590891101582212,0.125809592403223,0.632321092431399,0.699104988290315,"ENSMUSG00000022184"
12954.8765142307,0.038220488372661,0.0800752977850863,0.632514445583636,0.699223778961658,"ENSMUSG00000022139"
2354.30390594087,0.0439084660515389,0.0921875703577251,0.632481054977789,0.699223778961658,"ENSMUSG00000052456"
6177.33680537826,0.0352696774248034,0.0786271926032731,0.632718876472415,0.699402272933449,"ENSMUSG00000061518"
63.9725690547628,-0.126195842675846,0.285646515390822,0.632793208312307,0.699436942005007,"ENSMUSG00000108857"
44.3743489601692,-0.130258625609848,0.297657588947941,0.632836479580105,0.699437276928635,"ENSMUSG00000024677"
951.942132168898,0.0600615203448739,0.127292894296126,0.633455851388031,0.700056104152231,"ENSMUSG00000030323"
2152.91049870363,0.0338664503936486,0.0711834254143012,0.633495738784429,0.700056104152231,"ENSMUSG00000068749"
6.1277601234462,-0.18472124737812,0.6074410895479,0.63352540055698,0.700056104152231,"ENSMUSG00000078498"
132.371377592553,0.0886130148988922,0.191086526076694,0.633638797619025,0.700133881865496,"ENSMUSG00000116895"
324.969151289746,-0.136821301515032,0.317562197868677,0.634100094253017,0.700596031646685,"ENSMUSG00000041624"
89.4091828658261,-0.10725181952659,0.237741252959742,0.634275098985905,0.700714034600424,"ENSMUSG00000057246"
435.571594353069,-0.0615695033838637,0.131733168470372,0.63429299052938,0.700714034600424,"ENSMUSG00000095677"
32.8097375482439,0.177696727471935,0.45927542199041,0.634595195306648,0.701000311427906,"ENSMUSG00000022622"
563.181883056504,-0.0956674837976352,0.210223357832979,0.634733879474799,0.701105929978339,"ENSMUSG00000042099"
281.40472608087,0.0944673636431791,0.205835032484804,0.634963810288687,0.701312315367027,"ENSMUSG00000024525"
11.2735085656925,0.177131561302641,0.461426132529929,0.635062053374846,0.701373234604501,"ENSMUSG00000073608"
1200.55728571723,-0.143242644377701,0.335811567167772,0.635386164300905,0.701683580901637,"ENSMUSG00000100153"
1041.3253529316,-0.0502933073059316,0.107243097933977,0.635523235767107,0.701692140800174,"ENSMUSG00000011114"
956.595331119357,0.0592346871526842,0.126316308672175,0.635512082983437,0.701692140800174,"ENSMUSG00000022407"
3451.63208222067,-0.0407858619105943,0.0869078910802366,0.635474361312687,0.701692140800174,"ENSMUSG00000056596"
28.6780055449357,0.138426922442242,0.319832003923146,0.635653366562639,0.701740624001807,"ENSMUSG00000054304"
945002.900691246,-0.0369626228672922,0.0786909006858183,0.635623126696948,0.701740624001807,"ENSMUSG00000064351"
14.6806145239068,-0.176169752137373,0.470133439938798,0.636189024398535,0.702284344171935,"ENSMUSG00000029182"
14.1603504384813,-0.170898399926752,0.441591909029736,0.636319898869273,0.702381183548791,"ENSMUSG00000035852"
736.318348222056,0.080582254274835,0.174181196717564,0.636442972193495,0.702455427518731,"ENSMUSG00000030309"
2206.25836962534,-0.0503493510226424,0.110582706558567,0.636473467285524,0.702455427518731,"ENSMUSG00000037563"
5511.58454108168,-0.0413851343804325,0.0886447635132621,0.637057654905848,0.702980051875027,"ENSMUSG00000024099"
1173.64279608764,0.0575068768902182,0.123046283003858,0.637078371130385,0.702980051875027,"ENSMUSG00000042426"
356.599834722481,-0.0585553472217763,0.126142295392798,0.637000021855202,0.702980051875027,"ENSMUSG00000098134"
23.3359524655645,-0.165130835610125,0.418466685519738,0.637128516018207,0.702987730207033,"ENSMUSG00000020264"
4350.59552481996,-0.0560399122486192,0.120819030221915,0.638210762209915,0.703966486504556,"ENSMUSG00000038156"
1222.77288715784,0.0461016386099694,0.0983946206595712,0.63817381447313,0.703966486504556,"ENSMUSG00000043162"
961.388029426536,0.0470672303591111,0.100621502724075,0.638150851554533,0.703966486504556,"ENSMUSG00000050244"
1119.525159345,0.0560720541211241,0.120328087491092,0.638125834747938,0.703966486504556,"ENSMUSG00000051232"
30.1518622239129,-0.157516399435448,0.390302524676865,0.638231810285922,0.703966486504556,"ENSMUSG00000060989"
1111.75646593563,-0.0647033855522443,0.140554477944439,0.638645375982179,0.70432719717059,"ENSMUSG00000004637"
195.940675354176,-0.123834570355418,0.285079924559678,0.638605269064875,0.70432719717059,"ENSMUSG00000078853"
65.7594085541941,0.115517724769729,0.260220582002801,0.638698267826755,0.704337809341096,"ENSMUSG00000034035"
372.30904977483,0.0627126294608939,0.13547089680071,0.63896717049659,0.704586614370918,"ENSMUSG00000051236"
1767.26219132764,0.062386284170415,0.134599579327675,0.639049000510525,0.704629115376978,"ENSMUSG00000025858"
1962.19242434871,0.0332189645359328,0.0709723316900155,0.63910475654967,0.704642862849873,"ENSMUSG00000021038"
776.233435128835,0.0592947921412034,0.128368604035916,0.639151273421128,0.704646422536344,"ENSMUSG00000035713"
545.074585661458,0.0457547638384038,0.0982065414185444,0.639241183875405,0.70469781871352,"ENSMUSG00000026240"
22.4077136676489,-0.152494356994775,0.371826003593741,0.63941460326098,0.704841261724266,"ENSMUSG00000092349"
2159.94939218993,0.0401618056072294,0.086388547078666,0.639485699375371,0.70487189967716,"ENSMUSG00000030876"
2033.82176973284,0.0464400612721154,0.100043107086699,0.639643264379308,0.704997837197263,"ENSMUSG00000039840"
603.254277102417,-0.0561124920352687,0.121524403025439,0.639755536266177,0.705073840172027,"ENSMUSG00000041961"
135.475868747411,0.0775790320772652,0.169516307720443,0.639846866299141,0.705126754425388,"ENSMUSG00000072955"
2376.39387778084,-0.0339213720489877,0.0728837419748802,0.639890590624211,0.705127202422212,"ENSMUSG00000045302"
1812.03473330928,-0.0351495252318691,0.0755808072523466,0.640018207951438,0.705179419531397,"ENSMUSG00000004264"
19.2314299161152,-0.155007154515198,0.382545242572471,0.640024618758869,0.705179419531397,"ENSMUSG00000101480"
16516.1174906355,0.0317782058862595,0.0681196026159186,0.640310405671546,0.705446550492144,"ENSMUSG00000027002"
52.9956189654476,-0.1152843058675,0.263427410776071,0.640400532412669,0.70547668945895,"ENSMUSG00000044916"
38.20346848014,-0.115093245073694,0.262691745477829,0.640424440357224,0.70547668945895,"ENSMUSG00000080709"
3341.04868754516,0.0637696953595158,0.138229420028333,0.640654820935519,0.705682715874163,"ENSMUSG00000001289"
165.180845441571,0.0993397120133274,0.221321450307323,0.64108612729433,0.706110019629007,"ENSMUSG00000022528"
1838.3683575062,-0.0463834111401256,0.100676736406402,0.641368817903278,0.706373587133258,"ENSMUSG00000044365"
4247.70561087559,-0.049085195864078,0.106718500800567,0.641539149145254,0.706513380000436,"ENSMUSG00000022024"
1282.95374736078,0.071100641740426,0.154981579529106,0.641753948925702,0.706694031931342,"ENSMUSG00000018287"
454.015980583116,0.0603337415725865,0.131206965256509,0.641790015606403,0.706694031931342,"ENSMUSG00000020691"
117.035398936202,-0.0989550100033842,0.223116287559606,0.642003952503891,0.706867484591162,"ENSMUSG00000026980"
30.2591851121808,0.135480409372796,0.318830886304557,0.642034387497255,0.706867484591162,"ENSMUSG00000074796"
1846.26398724711,-0.0636785265535725,0.140772975863106,0.642117667768657,0.706892104243406,"ENSMUSG00000039221"
2444.2919255567,-0.0331982619581156,0.0719185166455534,0.642143601514144,0.706892104243406,"ENSMUSG00000060992"
228.548469037182,0.0575707449184526,0.125350660900308,0.642250772072848,0.706962271287653,"ENSMUSG00000020441"
31.4254200625836,0.125627563759994,0.291455494004878,0.642445082888692,0.707128342637239,"ENSMUSG00000005470"
1951.96861563749,0.0366239269695891,0.0790737643901715,0.642566742847299,0.707214431377169,"ENSMUSG00000004285"
421.301801178403,0.120906271407057,0.277645814783433,0.642717154403419,0.707332150590146,"ENSMUSG00000066315"
1388.11921878522,0.0509351511986315,0.110140716435185,0.642804353535642,0.707380291160978,"ENSMUSG00000029196"
732.015152380967,0.0547959489479036,0.11932795539216,0.643067234844853,0.707621743311331,"ENSMUSG00000036256"
1017.00443549446,-0.0443876182129336,0.0968270549531631,0.643213076787467,0.707734383124672,"ENSMUSG00000031105"
63.1382391831288,0.116719443590436,0.267767600094588,0.643529233694648,0.708034394463095,"ENSMUSG00000025038"
22.708464069771,-0.151724706517195,0.377892127273324,0.643721670030387,0.708198252551679,"ENSMUSG00000093901"
2276.38034070171,-0.0383019062826943,0.0847079568629837,0.644099376542506,0.708565901963838,"ENSMUSG00000030706"
12.1395209736003,0.177695423487215,0.514797845192525,0.644277479832404,0.708713935444781,"ENSMUSG00000025515"
448.098502941445,0.0700327050202136,0.154409791612942,0.644369218202211,0.708766952760023,"ENSMUSG00000063275"
1556.06474056739,-0.0502498486321133,0.120481134434934,0.644646858103455,0.709024429473516,"ENSMUSG00000050668"
14.156446857125,-0.166533886047643,0.439430089923044,0.644749877455462,0.709089825364503,"ENSMUSG00000068606"
771.864001406282,0.0592220480637783,0.128378426600376,0.644959113869287,0.709272021048795,"ENSMUSG00000026791"
334.490111794612,0.069380310384025,0.153230072662261,0.645440245333023,0.70975317932385,"ENSMUSG00000039106"
16.723670511035,-0.176534553238579,0.608454771750155,0.645554791589693,0.709831187347813,"ENSMUSG00000099913"
163.438694009168,-0.113502778091081,0.2647516763174,0.64610097237493,0.710383764155293,"ENSMUSG00000057286"
1954.9814286117,-0.0465729972819195,0.102834709897219,0.646238574887331,0.710462495673562,"ENSMUSG00000034863"
1032.603091498,0.0566616750856123,0.124707346997401,0.646259870588428,0.710462495673562,"ENSMUSG00000037499"
14.6348105129034,-0.161715593297541,0.424594483065494,0.646362588175466,0.710495515641658,"ENSMUSG00000004842"
628.676888100533,-0.0559126074247386,0.123939999352629,0.646391644483612,0.710495515641658,"ENSMUSG00000025371"
30.7717708891896,-0.177951882384043,0.582237902475487,0.646420849407357,0.710495515641658,"ENSMUSG00000114133"
1127.68218151654,-0.0510419205923953,0.11282690418798,0.646521360109969,0.710558010929045,"ENSMUSG00000003531"
15.3258374897572,0.165835719493268,0.434934103294592,0.646646640029471,0.710647718498497,"ENSMUSG00000012396"
2638.00160611104,-0.0366769147526731,0.0814438225926639,0.64713063211039,0.711083598588695,"ENSMUSG00000034432"
367.576790992199,-0.059379560984187,0.131960878787072,0.647087353019385,0.711083598588695,"ENSMUSG00000036430"
720.606526859025,0.0499133033055205,0.109983234083124,0.647428866769976,0.711363286755428,"ENSMUSG00000038812"
40.0069705375511,0.151951263632786,0.379789996821083,0.647692472840004,0.711578905788834,"ENSMUSG00000006457"
47.3300720299028,-0.111326483957165,0.259778144054661,0.647712535143946,0.711578905788834,"ENSMUSG00000114676"
2721.70733045772,0.0385802802448274,0.0847598872943511,0.647838359087956,0.711669105765539,"ENSMUSG00000002741"
22.5395467031631,0.159969395491458,0.412705620812187,0.647907240869257,0.711677399100287,"ENSMUSG00000020826"
1719.05617699452,0.0523761269184083,0.115649663802316,0.647977069177132,0.711677399100287,"ENSMUSG00000026019"
1721.9756585875,0.0898216896805754,0.202831869630948,0.647974979170794,0.711677399100287,"ENSMUSG00000072640"
15.5444370332339,-0.153521700781431,0.392151467220169,0.648231751962202,0.711909085038505,"ENSMUSG00000115792"
9.29301120693892,0.170038663053144,0.460058156299937,0.648336742001577,0.711976353390114,"ENSMUSG00000097086"
8220.57926973569,-0.0462976392938229,0.0978406360622364,0.648841249974914,0.712482316992151,"ENSMUSG00000063870"
396.47808105811,0.0659362130065431,0.147168482953826,0.649073718563789,0.712689510339383,"ENSMUSG00000052837"
335.325638414772,0.0635663717979597,0.141918351928004,0.649160690098896,0.712736929274911,"ENSMUSG00000100967"
10.7880049806245,0.175865451356161,0.50191399081032,0.649205259984769,0.712737790654351,"ENSMUSG00000046110"
175.869117019147,-0.0724721383390206,0.163814759912711,0.6498513389984,0.71339898140113,"ENSMUSG00000094500"
3329.55415754665,0.0440169825657608,0.0974930808412817,0.649910248500978,0.713415538815761,"ENSMUSG00000032621"
121.147018798188,0.108392881411504,0.251891172798752,0.650308241816304,0.713804285926217,"ENSMUSG00000045382"
2998.17371725528,0.0676793194293205,0.15094060850744,0.650375135619456,0.713829577075956,"ENSMUSG00000040952"
18999.2561491874,0.0440836893252706,0.0980560827758748,0.650633794044,0.714060801023897,"ENSMUSG00000015291"
1347.24177610085,-0.0522214612436789,0.122240217675238,0.650673538615768,0.714060801023897,"ENSMUSG00000074918"
1452.44752484717,0.0408147283393098,0.0905809977213541,0.650794795954275,0.714131864139456,"ENSMUSG00000029433"
2565.75088328491,0.0333876781648757,0.0740552903989588,0.650826035416441,0.714131864139456,"ENSMUSG00000030982"
56.8596338290021,0.111280719135877,0.260548497077586,0.65130142627691,0.714605326026931,"ENSMUSG00000108249"
75.1228866724381,-0.0905283346552434,0.208993326922451,0.65183574960386,0.715143380201633,"ENSMUSG00000060503"
8.91961322246059,-0.175064573425602,0.561145030089599,0.652396119384617,0.715709936065696,"ENSMUSG00000110275"
2152.7058688188,0.0715273442085363,0.161816542449907,0.652650118699942,0.715940335076329,"ENSMUSG00000029701"
3667.62300634809,0.0414450681910045,0.105605979649225,0.652880310778374,0.716144588871319,"ENSMUSG00000028954"
892.889573205598,-0.0493467683897732,0.111208108707073,0.653082238665851,0.71631781423103,"ENSMUSG00000040006"
13.8582776671852,0.166513938879334,0.455626717261698,0.653560814221793,0.716794430258883,"ENSMUSG00000050147"
661.598853778109,-0.0596259888620193,0.135435284900138,0.653635237034843,0.716827756414011,"ENSMUSG00000024845"
15.8086153294249,-0.150078015261521,0.388297193422533,0.653894452251345,0.717063722295028,"ENSMUSG00000103641"
3691.76032039741,-0.0431950232663509,0.0974734863268441,0.654151996421111,0.717201198743372,"ENSMUSG00000024870"
28.0021071640104,-0.149731165088286,0.385782770264594,0.654140550743963,0.717201198743372,"ENSMUSG00000042894"
53.3296259548652,-0.113576535642594,0.271503486792683,0.654101976654578,0.717201198743372,"ENSMUSG00000047594"
31566.2659800762,-0.0495423324293398,0.100738067829602,0.654742022641455,0.717799747074192,"ENSMUSG00000032826"
40.4943021107716,0.150217966654914,0.38894078912475,0.655010924527398,0.718046186912047,"ENSMUSG00000026870"
70.4340323423125,-0.112219427213518,0.270038126397276,0.655062152627147,0.718053987910081,"ENSMUSG00000073791"
479.76963980215,0.0711948461505741,0.162682328625484,0.65523570860232,0.718195869950075,"ENSMUSG00000032035"
16.930900089721,0.147806778704851,0.378812983116735,0.655716720534655,0.718674708918874,"ENSMUSG00000053886"
10.765790671906,0.173368309898456,0.608575684748666,0.65582170342343,0.718741378060095,"ENSMUSG00000078881"
913.364508280175,0.0483329118319837,0.109285978883708,0.655866251910575,0.718741810192564,"ENSMUSG00000024317"
115.422546428817,-0.0906120581444657,0.751532449138791,0.65659012294938,0.719486638934366,"ENSMUSG00000116358"
128.24574597284,-0.0740754137008907,0.17147872455233,0.656672819204944,0.719528820073915,"ENSMUSG00000092032"
2880.74306540701,0.0440788578240883,0.0997498721219288,0.656734549237031,0.719548023994103,"ENSMUSG00000055839"
1456.31305695711,0.0375258380669865,0.0838938445216547,0.656898773944971,0.719670578322565,"ENSMUSG00000024668"
12857.3696392825,0.0539168270577438,0.124860557299374,0.65693482757679,0.719670578322565,"ENSMUSG00000034341"
377.186111241662,0.0768295485086396,0.177138291378604,0.657104471522311,0.719807980312259,"ENSMUSG00000025993"
236.787934535724,-0.0809706518934735,0.189206162062254,0.657560583192539,0.720210683165667,"ENSMUSG00000004661"
23708.7708176521,0.0322094157538094,0.0728017472836444,0.6575509482158,0.720210683165667,"ENSMUSG00000031633"
37.4034355047846,-0.119917494174562,0.294285533013565,0.657794847111078,0.72039225271371,"ENSMUSG00000034732"
11.7254265184118,0.16081856406223,0.438245855477637,0.657814869414952,0.72039225271371,"ENSMUSG00000050957"
903.192245138121,0.0588973291484465,0.134679554759486,0.658119480614813,0.720677356572347,"ENSMUSG00000047843"
1747.68746818395,0.0497888835496467,0.112169135257702,0.658355654344345,0.720858911543333,"ENSMUSG00000027796"
10.1390568932541,-0.160907685160254,0.446662805221538,0.658373844324532,0.720858911543333,"ENSMUSG00000058114"
20.0991546632657,-0.162491260046511,0.473334837327405,0.658660752448098,0.721124544548704,"ENSMUSG00000031461"
1803.11955285059,-0.032364250218202,0.0738154814138761,0.65894931026185,0.721391947840634,"ENSMUSG00000030741"
2718.03386462109,-0.0368350974792193,0.0853508387150018,0.659440753171252,0.721832868006296,"ENSMUSG00000049804"
197.752732017442,-0.0836282335918766,0.196727230490131,0.659437412631359,0.721832868006296,"ENSMUSG00000089736"
977.240223553531,-0.0383540157355941,0.0878806183566896,0.659525485459764,0.721877074523537,"ENSMUSG00000004610"
88.5005978927094,-0.0828237613920958,0.195034778370465,0.659742553184159,0.722066111795317,"ENSMUSG00000084136"
101.039157746595,0.0909558055049822,0.214720426237601,0.660063793013026,0.722369128860161,"ENSMUSG00000020773"
1547.02007295901,0.0365003726523633,0.0833593573298456,0.660282669200184,0.722560086671637,"ENSMUSG00000035621"
1295.76142650996,-0.0374795008176791,0.0867161880721571,0.660487150030773,0.722735266751877,"ENSMUSG00000028800"
13.8374639103449,-0.162636091426016,0.463128267636824,0.660734203830785,0.722890339844099,"ENSMUSG00000023828"
313.685126754151,0.0557620311723928,0.128486427508959,0.660674474455616,0.722890339844099,"ENSMUSG00000029551"
52.0189245103992,-0.102812715192556,0.248040398503667,0.660762094025086,0.722890339844099,"ENSMUSG00000050234"
31.0114875222,0.130602503847264,0.327859475648973,0.660838202695908,0.722925017707258,"ENSMUSG00000045327"
6112.5547277928,0.0379152737050863,0.0866370509423771,0.661111002514752,0.723174847048931,"ENSMUSG00000068739"
2680.60207060921,-0.0474837682556794,0.110199115077224,0.661913252290139,0.723955141976306,"ENSMUSG00000021285"
4661.18890996545,-0.0393726467208059,0.0904743670869097,0.661913280380474,0.723955141976306,"ENSMUSG00000037905"
1549.81577576064,0.0529675841449485,0.119629069331728,0.662504206537942,0.724552773046534,"ENSMUSG00000017679"
2747.68181304446,-0.0303580150739735,0.0700416835729255,0.662564321910931,0.724569837559028,"ENSMUSG00000009035"
33.3666542029905,0.171722790017088,0.538056624035574,0.662726537745061,0.72469854772364,"ENSMUSG00000079845"
20.359840439095,-0.140944911562223,0.370227478036091,0.662786152774757,0.724715053057533,"ENSMUSG00000043939"
1899.83980145902,0.0298667405810419,0.0686224910115273,0.663256688975883,0.725180842500633,"ENSMUSG00000036180"
1614.75966868359,-0.0541719079297461,0.12656610831834,0.663313661707897,0.725194424426163,"ENSMUSG00000032012"
20.0508674120766,0.136752041911725,0.352247415448714,0.663491256690683,0.725291160863,"ENSMUSG00000037962"
207.616092412153,-0.0582812372168072,0.136435116498351,0.663447158511575,0.725291160863,"ENSMUSG00000066233"
12.5682536067497,-0.165510779916946,0.501342127050123,0.663728842993937,0.725502155939787,"ENSMUSG00000030670"
693.431735938107,0.0565383348309137,0.131666861320291,0.664414877212779,0.726203274778058,"ENSMUSG00000032305"
27.0641847920118,-0.12374200459521,0.313307886809313,0.664678495539964,0.726442631287736,"ENSMUSG00000094649"
87.3876441894613,-0.100095279521541,0.244897868180164,0.665632867608564,0.727436845849762,"ENSMUSG00000032436"
12.1507367724346,-0.15943152263948,0.457270207414803,0.665706346152241,0.727468307107021,"ENSMUSG00000071540"
1578.93792191572,-0.0614387278820643,0.145838323498986,0.665994645106672,0.727734499096893,"ENSMUSG00000070003"
103.297213660077,-0.117751694027486,0.297395686491386,0.66668898285918,0.728444305476019,"ENSMUSG00000020799"
292.966539201777,0.0550314354434255,0.129234228690459,0.666800441910006,0.728517188630853,"ENSMUSG00000033502"
13.7556340733237,0.164790684142696,0.485625757252845,0.666855888853642,0.728528869715409,"ENSMUSG00000023781"
156.113277579656,0.112998769278062,0.280247610171641,0.667125430205193,0.72877442808403,"ENSMUSG00000112972"
7491.84137204776,-0.0339272925605364,0.0800349790876151,0.667993672924351,0.729624975364865,"ENSMUSG00000031672"
5672.44586122267,-0.0292630641171039,0.0686374769966804,0.667956953917499,0.729624975364865,"ENSMUSG00000039159"
15.441884648445,0.143467321611614,0.38353474236112,0.668085470481666,0.729676280763591,"ENSMUSG00000081305"
145.743537788261,-0.0994464830370265,0.24619400193787,0.668287500988303,0.729847966527178,"ENSMUSG00000070469"
713.802565084072,-0.0484645508855115,0.114707582133912,0.668393808027397,0.729915095067085,"ENSMUSG00000058833"
2188.00313973943,-0.0383492392793323,0.0902952056221751,0.668834444596591,0.730347292489656,"ENSMUSG00000039148"
8.96114412864741,-0.155699110140611,0.64944950434673,0.669705978356856,0.731249927266763,"ENSMUSG00000094076"
43.3909301508011,-0.107011250741436,0.26874908402456,0.670171629720312,0.731709288925296,"ENSMUSG00000057981"
59.1850450238527,-0.148926948328127,0.422379070468663,0.670391162732353,0.731801726593163,"ENSMUSG00000030677"
450.436738409832,-0.0541076000303649,0.12942633781711,0.670307493593742,0.731801726593163,"ENSMUSG00000035601"
3094.60255716785,0.0426629134901897,0.100765511189102,0.670355882785997,0.731801726593163,"ENSMUSG00000042734"
21.6321404799485,0.141790666958716,0.380579692641223,0.67062859377753,0.731916038978274,"ENSMUSG00000045812"
432.954146438881,0.074554586706113,0.17945561205977,0.670610914701483,0.731916038978274,"ENSMUSG00000046169"
400.103360449734,0.0568771181110944,0.135451266966012,0.670630772905821,0.731916038978274,"ENSMUSG00000068264"
60957.0042027566,0.0408867212334953,0.0999908228407209,0.671540261822543,0.732859505359839,"ENSMUSG00000004207"
37.24317173343,-0.137653043846601,0.372881089646902,0.671646985144408,0.732926836775536,"ENSMUSG00000063245"
3952.89343512717,0.0377773957334032,0.0894921419587588,0.671816482256786,0.73306265572972,"ENSMUSG00000024892"
333.384301168537,-0.0863578664656778,0.213764604811586,0.67191318987451,0.733069899783999,"ENSMUSG00000027435"
658.860058193053,0.0874490474671069,0.213707624212206,0.671891866812184,0.733069899783999,"ENSMUSG00000060771"
1052.49015880914,-0.0553441197412532,0.13344959854088,0.672137323110016,0.733265286883241,"ENSMUSG00000041684"
38.4157011685425,-0.112846812527974,0.288539483874059,0.672277658288187,0.733369234795276,"ENSMUSG00000054626"
228.946732501022,-0.0878288055886973,0.217747018556436,0.672481317875115,0.733534949251587,"ENSMUSG00000020807"
16374.9398929717,-0.0349673695460257,0.0839896463349726,0.67251969422722,0.733534949251587,"ENSMUSG00000029120"
23.1017432278023,0.129617584953627,0.340082029727767,0.67277828375543,0.733767832694867,"ENSMUSG00000052759"
2640.25339612991,-0.0301009393117527,0.0722114806819196,0.673539375817231,0.734450292038645,"ENSMUSG00000019731"
2772.24265473598,0.0255390651905116,0.0606765197984009,0.673510868208922,0.734450292038645,"ENSMUSG00000056167"
6004.18141391012,-0.0321390992284433,0.076511683588502,0.673538136051628,0.734450292038645,"ENSMUSG00000057236"
1729.45692003352,0.039896956271083,0.0951819858729535,0.673664315907424,0.734537325630722,"ENSMUSG00000043061"
1739.16626385565,-0.0340859482759504,0.0817994806399375,0.674243553257382,0.735119662419536,"ENSMUSG00000032553"
1476.55850780656,0.0445017531206512,0.104880037519785,0.674521128514007,0.73535242969034,"ENSMUSG00000067870"
16.6971226317808,0.153743810514418,0.444396698256178,0.674547394037115,0.73535242969034,"ENSMUSG00000111571"
2303.04383146679,-0.0313792319903922,0.0751002648708039,0.674631968070103,0.735395068461605,"ENSMUSG00000027236"
159.462661287339,-0.0580975272277131,0.141156939693964,0.674676861555818,0.735395068461605,"ENSMUSG00000038422"
19.9243347774932,0.144234281979509,0.400795327185266,0.675298217088074,0.735991711299095,"ENSMUSG00000047497"
6254.53314080231,0.0293417756180152,0.0703351204395138,0.675314670104637,0.735991711299095,"ENSMUSG00000060681"
20.8961005940226,0.142072453310973,0.39254835512957,0.675435705419976,0.736074339748702,"ENSMUSG00000094132"
396.51651077768,0.165802354199648,0.535990530688863,0.675513429021652,0.736109760183053,"ENSMUSG00000073125"
789.829608980776,0.0573171570329812,0.138844094395462,0.675744312739155,0.736262779301738,"ENSMUSG00000041144"
62.8757277162147,-0.12354076692364,0.328256295440357,0.675710025543514,0.736262779301738,"ENSMUSG00000044595"
1251.37203572421,-0.0442384373263407,0.107828667672593,0.675802868319885,0.736277296734562,"ENSMUSG00000046756"
10.3313666614636,-0.155084159932231,0.466086721817937,0.676143024730139,0.736598591658225,"ENSMUSG00000027938"
116.696238236028,0.109449520007349,0.279853712880916,0.676217188183667,0.736630086947315,"ENSMUSG00000026649"
100.960722278605,-0.0968815151853727,0.246238266956732,0.67669837457777,0.737104934513981,"ENSMUSG00000078173"
21.7777409102068,0.13641970240359,0.368799696199286,0.676831760043714,0.737151571657405,"ENSMUSG00000031519"
26.6806674410604,-0.126635508108811,0.339769816374944,0.676787988285616,0.737151571657405,"ENSMUSG00000056498"
21.0064201060765,-0.147963586783564,0.433215710807088,0.677032352548013,0.737247298077074,"ENSMUSG00000021176"
7452.14333436422,-0.0385115102024774,0.0933035390334677,0.67699352593827,0.737247298077074,"ENSMUSG00000025651"
55.801121178378,0.106992565861909,0.273245202851985,0.677055526413207,0.737247298077074,"ENSMUSG00000037921"
98.8473811414987,-0.0953092147539365,0.242041602231331,0.677294833034576,0.737458547969018,"ENSMUSG00000034063"
14.1133132848089,0.151400977932745,0.439972298743444,0.677344784960629,0.737463608426802,"ENSMUSG00000027702"
38.5734700757594,-0.0931858409338912,0.744718716683551,0.677419975595816,0.737496145181159,"ENSMUSG00000102824"
1615.53780368931,-0.0311716861840775,0.0754185064707738,0.677519171975692,0.737554810500924,"ENSMUSG00000023021"
11.8838375504153,0.149557022301112,0.43101893250637,0.67782861558278,0.737842330109435,"ENSMUSG00000049598"
1081.24748654103,-0.0396250984237652,0.0963965401169115,0.677876972755358,0.737845627717266,"ENSMUSG00000040957"
3234.13413965749,-0.138619392046664,0.389560269904298,0.678105776760059,0.738036195335946,"ENSMUSG00000025278"
104.031738282255,-0.102592967828347,0.735508980878059,0.678142730903044,0.738036195335946,"ENSMUSG00000111527"
1626.22125133014,-0.0362622209490411,0.0878197843343387,0.678447252178247,0.738318249161486,"ENSMUSG00000024513"
1321.87687454143,-0.0337225825277529,0.082128108857351,0.67894394039989,0.738809376417502,"ENSMUSG00000034126"
384.111192719062,-0.0852668362583958,0.215586673411849,0.679065255143596,0.738891993531247,"ENSMUSG00000056427"
9.97597652341272,0.16132242416848,0.517898535047728,0.67948728425045,0.739301785510917,"ENSMUSG00000081249"
102.322092457,-0.0878729663737849,0.22310025623434,0.679639749498972,0.739418249053887,"ENSMUSG00000037336"
2270.47242984709,-0.0522706298780396,0.125607361944443,0.679849634719773,0.739597163267291,"ENSMUSG00000057863"
739.887356591086,-0.037675900897676,0.0922048583679659,0.679966325993965,0.73967467619151,"ENSMUSG00000031093"
3407.57479244786,0.040508580006955,0.098888208311049,0.680183707543811,0.739861703401146,"ENSMUSG00000026696"
696.231592392818,-0.0367463186061547,0.089994859344676,0.680258993434939,0.739894153089265,"ENSMUSG00000024829"
3684.9884284224,0.0401016729378277,0.109238103418801,0.680970803949761,0.740569397828314,"ENSMUSG00000048758"
163.762905833174,0.0789102425581786,0.197702230954188,0.680941720112471,0.740569397828314,"ENSMUSG00000105549"
18.6608462734821,-0.140102463935546,0.400509828904579,0.681019561221575,0.740572945257853,"ENSMUSG00000025488"
107.43465852637,0.131065349853547,0.357203931966997,0.68107690548321,0.740585829489359,"ENSMUSG00000003545"
40.4695689679914,-0.109048679939564,0.287312639605455,0.681368634131196,0.740853558639209,"ENSMUSG00000071491"
393.689525304018,0.0571668006095177,0.141151899866852,0.681532959508148,0.740982735431047,"ENSMUSG00000007570"
315.877477680164,-0.0577486115671651,0.143719684817085,0.681579408328755,0.74098374465875,"ENSMUSG00000037211"
12.9335084131142,-0.156038309899929,0.535272063047175,0.681718053453088,0.741084978904058,"ENSMUSG00000029134"
106.286035138888,-0.109993250847665,0.292475327989412,0.68189790813697,0.741230994901743,"ENSMUSG00000101678"
52.121772491342,-0.131295192925484,0.369214086481486,0.683625388804262,0.74305434390963,"ENSMUSG00000011154"
39.0346930333247,0.110549155423257,0.292277642664649,0.683666599627383,0.74305434390963,"ENSMUSG00000072974"
4431.00768292621,-0.0501488299808115,0.114183157370184,0.68392746084711,0.743288236591619,"ENSMUSG00000038274"
166.289832433294,0.062117457321107,0.155733225341663,0.684657089674427,0.744031517839663,"ENSMUSG00000027313"
652.795721302711,-0.0388064941243211,0.096664599388008,0.685023757852044,0.744380289073135,"ENSMUSG00000023074"
828.669462349105,0.045162669888317,0.112345056813256,0.685392629429066,0.744731407906437,"ENSMUSG00000040040"
1038.8226284449,-0.0299555553099146,0.0745074860043603,0.685755033999401,0.745075453440278,"ENSMUSG00000022807"
294.858616734211,-0.0486476566390811,0.122508887263605,0.685963680452738,0.74525240542012,"ENSMUSG00000025169"
4516.73223718864,-0.0418560005264738,0.105516753558391,0.687090825783767,0.746427153103855,"ENSMUSG00000035863"
943.929159078873,0.063238381163986,0.159798760253904,0.6873252422733,0.746631984899885,"ENSMUSG00000071847"
17.5321746154557,0.136435837354305,0.391579487780359,0.687804379804641,0.747102608732147,"ENSMUSG00000078439"
582.380569411731,-0.0992271606829768,0.264820412378155,0.688058099491124,0.747313057542601,"ENSMUSG00000000732"
604.683143401684,0.0528157534978342,0.133118668760826,0.688089943878149,0.747313057542601,"ENSMUSG00000025408"
13.5096517551809,-0.13840500002761,0.406230400854467,0.688285458404067,0.747455700524575,"ENSMUSG00000027579"
1371.9662635416,0.0576684508154356,0.146121031676008,0.688313118986569,0.747455700524575,"ENSMUSG00000042804"
19.4731603414421,-0.124629544369224,0.350071742819373,0.6883668431038,0.747464176642229,"ENSMUSG00000047977"
12.7382593649359,-0.151694081413495,0.490337405626701,0.688531279269117,0.747592860455089,"ENSMUSG00000091304"
271.917799137914,0.0455718981574668,0.114712170948437,0.688658566734309,0.747631329151733,"ENSMUSG00000063439"
263.898399450869,0.0822409122561041,0.212371605525024,0.688625878046474,0.747631329151733,"ENSMUSG00000112149"
354.43055320961,-0.0430547208431629,0.108905421538192,0.688919426742428,0.747864650117589,"ENSMUSG00000053801"
65.1936415652896,-0.0824488645921303,0.215659045976939,0.689177107516083,0.748089938422433,"ENSMUSG00000091144"
26.0426588947409,-0.0943759388369018,0.740047473656144,0.689218872497925,0.748089938422433,"ENSMUSG00000094627"
1517.82409989141,-0.0329308099514241,0.0830613426115913,0.689355628329599,0.748188486328124,"ENSMUSG00000002984"
992.364556245989,0.0381597554172316,0.0957488147323669,0.689498391660782,0.748193775045277,"ENSMUSG00000017858"
8062.74689033516,0.0478374152984881,0.119223436769655,0.68948277038927,0.748193775045277,"ENSMUSG00000047675"
5850.75094140571,-0.0414536298246014,0.104965554286413,0.689437164347523,0.748193775045277,"ENSMUSG00000058690"
11463.8297188647,-0.0280622773063257,0.07149691764737,0.689898114508537,0.748577623514863,"ENSMUSG00000031703"
1848.4932132772,-0.0337018983243904,0.0852654927836913,0.690147727639483,0.748791102821555,"ENSMUSG00000021576"
33287.0769403353,-0.0367265041480622,0.0921078987556393,0.690186859978781,0.748791102821555,"ENSMUSG00000040785"
13.7638743273339,-0.13688679064349,0.403083808986401,0.690336465312595,0.748903497658009,"ENSMUSG00000072778"
1527.8947347782,-0.043832208339791,0.112805010166955,0.691254480284183,0.749799455591786,"ENSMUSG00000027428"
785.416239759179,0.0345092791833031,0.0872021134802992,0.691221958890633,0.749799455591786,"ENSMUSG00000041837"
140.000398857241,0.0706228027303062,0.182378732414156,0.691512690442244,0.750029555904774,"ENSMUSG00000030493"
1070.77722880246,-0.0471485212748395,0.120822856333362,0.691697351311933,0.750164066436288,"ENSMUSG00000053110"
20.146435989542,-0.143634112526568,0.440753157296295,0.691728875611788,0.750164066436288,"ENSMUSG00000073490"
293.44274213977,0.139672414481798,0.679739752626932,0.692148634306759,0.750569280477345,"ENSMUSG00000096256"
609.716480279509,-0.0416658184519292,0.106773127758896,0.692343855339742,0.750730967041055,"ENSMUSG00000028158"
3023.11188310714,-0.0442470348466361,0.112701232341439,0.692820873363434,0.751198173357089,"ENSMUSG00000078515"
1486.12906717954,0.0391148086566101,0.099796912122358,0.693476482196129,0.751858943465338,"ENSMUSG00000028367"
7854.03508527517,-0.0282919254857917,0.0723337332251599,0.693648066406918,0.75199488677801,"ENSMUSG00000021427"
58.0713333624226,-0.0896428461598881,0.239828494137859,0.693885629933913,0.752198456420918,"ENSMUSG00000015316"
667.661661034279,0.0470138295924131,0.12297745787939,0.693928260233009,0.752198456420918,"ENSMUSG00000021715"
8315.84000199145,-0.0245182090330427,0.0625497345236593,0.694413522301262,0.752574122238345,"ENSMUSG00000029221"
1125.83896519702,0.0524023651910342,0.134958414229249,0.69439577385443,0.752574122238345,"ENSMUSG00000044934"
138.29340505391,0.0943799925594576,0.252980424311774,0.694386955933775,0.752574122238345,"ENSMUSG00000070425"
869.24234437068,-0.0401087623884433,0.103731976297308,0.695342338192557,0.753530562618896,"ENSMUSG00000041420"
336.216155606951,0.0448779471691369,0.115715994059241,0.695863396035638,0.754045024675018,"ENSMUSG00000040631"
1695.75199789549,-0.0324336998799021,0.0838027345059132,0.696346706176978,0.754321774857866,"ENSMUSG00000030942"
116.560322008162,-0.0987064413773455,0.271462161538387,0.696350492123673,0.754321774857866,"ENSMUSG00000041193"
501.413734627293,-0.0474038896953297,0.123247638827598,0.696277668920624,0.754321774857866,"ENSMUSG00000046152"
2081.50139458855,-0.0420314102517508,0.109399328377277,0.696321854320431,0.754321774857866,"ENSMUSG00000059734"
7774.98585189646,-0.0536335158888261,0.140522145834224,0.696327522765071,0.754321774857866,"ENSMUSG00000095041"
25.3051012652818,-0.13511637363771,0.413432128103933,0.696829552215526,0.754790487820357,"ENSMUSG00000027867"
2072.40626304332,-0.0345520769012818,0.0895090511143716,0.69692654589804,0.754845319989906,"ENSMUSG00000082585"
393.604010175058,-0.0652281704428143,0.172808909799068,0.697040059536701,0.754918036536156,"ENSMUSG00000032579"
1800.08259601309,0.0324316981140673,0.0840586694220184,0.698323158386579,0.756257359604599,"ENSMUSG00000028538"
145.118579061285,-0.0718255756000738,0.192547112692922,0.698407522027906,0.756298406304567,"ENSMUSG00000051678"
1076.17212278184,-0.0576069060039941,0.152671825799003,0.698477160493153,0.756323502860876,"ENSMUSG00000031347"
829.666297420637,-0.0379191621459427,0.0992294423060803,0.69872067108579,0.756536855390081,"ENSMUSG00000050552"
3819.00032065115,-0.0330661623128868,0.0863122235782823,0.699071767448623,0.756800550493373,"ENSMUSG00000002625"
2298.78604664004,-0.0378819329339592,0.0986365368983074,0.699103690734049,0.756800550493373,"ENSMUSG00000029063"
14.4416360513751,-0.131589416566309,0.399460269807353,0.699055401167991,0.756800550493373,"ENSMUSG00000067529"
8529.11761133213,-0.0327042452400263,0.0856141660680119,0.699324712605851,0.75698947145884,"ENSMUSG00000025666"
61.8314533145674,0.0829629980844721,0.223647816493465,0.699492072875394,0.757120284744043,"ENSMUSG00000079553"
2629.029186691,0.0399322739456947,0.103285610755143,0.699844123589502,0.757450973656244,"ENSMUSG00000009907"
12.9984319093707,-0.144370108069501,0.472298899602454,0.700000137222086,0.757569459058647,"ENSMUSG00000037171"
75.1040423912592,-0.0846663192261244,0.231444189928367,0.700104791329542,0.757632348973693,"ENSMUSG00000054142"
1275.16941952941,0.0384287594437938,0.100208200549758,0.700444482315657,0.757899181277205,"ENSMUSG00000016528"
1531.01893345603,-0.0333972713772539,0.0875162146424397,0.700413274018278,0.757899181277205,"ENSMUSG00000026031"
39.2793117178428,0.0935640357444835,0.256975668370641,0.700574233381426,0.757989190494041,"ENSMUSG00000026388"
930.939561177155,0.0345324899781898,0.0903066967703248,0.700769376008579,0.758049169502103,"ENSMUSG00000034974"
14.5216539166483,0.135084577841238,0.41362115584412,0.700703031851718,0.758049169502103,"ENSMUSG00000039962"
352.73628763597,-0.0555187750595763,0.147651461215448,0.700741886267466,0.758049169502103,"ENSMUSG00000049538"
14.0584462303215,-0.144096778419991,0.584269861647499,0.700843053969347,0.758078492425612,"ENSMUSG00000056987"
15.5903000469428,-0.139529533890641,0.448531699339898,0.701098829659764,0.758287303491103,"ENSMUSG00000073902"
28.4191694279056,0.112497178259376,0.319808723719504,0.701129266792271,0.758287303491103,"ENSMUSG00000075502"
2048.45035783308,-0.034477337250443,0.0907330517788796,0.7011979972867,0.758311254307262,"ENSMUSG00000031753"
1009.79935258508,0.0430756236149611,0.118457526619435,0.701245541254674,0.758312291273739,"ENSMUSG00000039461"
4627.54404198398,0.0586030803643676,0.155184740766582,0.701609967179566,0.75865597487372,"ENSMUSG00000041444"
420.54046191461,0.0527516276395257,0.139598182760227,0.701917339845919,0.758937924809822,"ENSMUSG00000079418"
115.025456887951,-0.0631837935276876,0.170060499884116,0.702494757879247,0.759511800528586,"ENSMUSG00000020633"
57.1308699463391,-0.107526409475345,0.717412019985348,0.703028773090416,0.760038677582905,"ENSMUSG00000094437"
400.439241901263,-0.0490013024990818,0.130887125360009,0.703151591737349,0.760070496732889,"ENSMUSG00000019891"
20.2828992938501,-0.128247545830164,0.39219510216725,0.703106536999393,0.760070496732889,"ENSMUSG00000033427"
74.4606371247237,0.104197108660288,0.293900826781511,0.703450136458945,0.760342717216381,"ENSMUSG00000038195"
80.531062400378,0.0855640236853807,0.235637699266696,0.704123917524956,0.761020458765768,"ENSMUSG00000112013"
23.0314888433491,0.133490781526132,0.420415823104485,0.704400849043629,0.761269221931496,"ENSMUSG00000037159"
5292.71320887773,0.0288440093794271,0.0762131661919602,0.704538409003724,0.761367338628601,"ENSMUSG00000031691"
313.77371214747,-0.0523892725427957,0.141548666851703,0.705371490208795,0.762217015242881,"ENSMUSG00000063730"
576.086856841705,0.0383649971287557,0.102099562719987,0.705531850557405,0.762336920925886,"ENSMUSG00000057497"
34.5890309503263,-0.107822961889971,0.314192089325084,0.705576118114596,0.762336920925886,"ENSMUSG00000115697"
1715.00802303668,-0.0441878448552775,0.119683703639305,0.70662543599911,0.763289877784345,"ENSMUSG00000031221"
2528.01280834697,0.0331760048446502,0.0882951206756988,0.706645684863624,0.763289877784345,"ENSMUSG00000047694"
420.752863424772,0.0758179651090183,0.207886549995898,0.706618040821379,0.763289877784345,"ENSMUSG00000067212"
271.204822125935,0.0695145390671968,0.189703005423107,0.706640369962357,0.763289877784345,"ENSMUSG00000075569"
694.488596901106,0.03422351882757,0.0912944588330975,0.706696981309775,0.763294636172817,"ENSMUSG00000022971"
1132.87805616052,-0.0303552340133988,0.0813240267384147,0.706764524869127,0.763316941070837,"ENSMUSG00000027341"
59.4690916566159,0.0821664308093535,0.228792314121387,0.707070069505268,0.763596270908694,"ENSMUSG00000028044"
504.949032026431,-0.0449288913447922,0.121766519089835,0.707163726702783,0.763646752240142,"ENSMUSG00000032377"
13120.0320206908,-0.0259137652716083,0.0708706329846243,0.70755367828857,0.764017165849509,"ENSMUSG00000017781"
790.550971399463,0.0423337591544928,0.113856619160592,0.707930231059642,0.764373063225581,"ENSMUSG00000032288"
229.35092892851,-0.0593663438021817,0.162698470621719,0.708197780428855,0.764611227022677,"ENSMUSG00000033126"
2151.19882038707,-0.0384034997448894,0.103977296041973,0.708287481314603,0.764657356468969,"ENSMUSG00000030421"
808.383295785699,-0.0391361179596262,0.105217436476973,0.708459273220435,0.764792098248043,"ENSMUSG00000046865"
2678.99552139264,0.0533840025405362,0.144685412543641,0.708631447924144,0.764927235365333,"ENSMUSG00000027366"
21392.7593580289,-0.0380756738447428,0.0989686193751779,0.708888675909099,0.76506550771691,"ENSMUSG00000024083"
371.21084523012,0.070075190750415,0.19332914083471,0.70890054385638,0.76506550771691,"ENSMUSG00000036334"
18.4659386646162,0.131542142320282,0.415273559548319,0.708850579697258,0.76506550771691,"ENSMUSG00000110472"
13.8322480176331,0.133273733702687,0.426717574144786,0.708947681568415,0.765065656362415,"ENSMUSG00000018570"
13.6208550849972,0.12802845800923,0.398180881547045,0.709105861320932,0.765185628808892,"ENSMUSG00000073929"
771.002987653241,0.0316659857089796,0.0852823341543389,0.709371304814883,0.765355743903464,"ENSMUSG00000037531"
58.5750511451823,0.0965562807869224,0.276059484294379,0.709390826986819,0.765355743903464,"ENSMUSG00000079388"
10.0512086835869,-0.141833020879716,0.499075591690584,0.709404562232183,0.765355743903464,"ENSMUSG00000111331"
210.101271120175,-0.076223684054651,0.214426974879104,0.710168363286142,0.766129009051085,"ENSMUSG00000024526"
4178.49753973938,-0.0283870912894634,0.0765108257324433,0.71028648874774,0.766205663607403,"ENSMUSG00000030447"
471.554295849165,-0.0421130027117586,0.114905311322365,0.710414181978154,0.766292628337446,"ENSMUSG00000116953"
344.799382780959,0.0426263043429523,0.116015860232648,0.710642914400597,0.766412572542686,"ENSMUSG00000038900"
5191.94490647343,0.0397681052830671,0.113655710162196,0.710594291712259,0.766412572542686,"ENSMUSG00000041096"
23.0215304118943,-0.112855555911576,0.340288804396262,0.710666627961623,0.766412572542686,"ENSMUSG00000050035"
6391.00863772303,-0.0235236250124921,0.0672380033566915,0.710813106705112,0.766519758260737,"ENSMUSG00000054766"
41.0188500863706,-0.0819163401692452,0.743506937105402,0.711101610905137,0.766780075669967,"ENSMUSG00000084010"
3791.27875553794,-0.0261507994223521,0.0715491945108892,0.711889128383609,0.767578408414147,"ENSMUSG00000046836"
5032.76317858413,0.0283678286968056,0.0770495352064296,0.712478503510493,0.768010401969658,"ENSMUSG00000034157"
5542.6148978818,-0.0739462840868398,0.200020987108216,0.712451637569942,0.768010401969658,"ENSMUSG00000048279"
91.5427825454218,0.0722437586260781,0.203921767919571,0.712410055513544,0.768010401969658,"ENSMUSG00000051037"
173.601199625264,0.0629293959885387,0.174511529683569,0.712424423080243,0.768010401969658,"ENSMUSG00000114413"
608.339223182492,-0.0497343666112468,0.138121870908306,0.71319087401142,0.768676491237363,"ENSMUSG00000028899"
170.860227956322,-0.0882498548135747,0.255939638070603,0.71317940436926,0.768676491237363,"ENSMUSG00000038048"
22.9987983260594,0.114455386588559,0.346110648069644,0.713430503619763,0.768883854470504,"ENSMUSG00000036091"
4314.62372213889,0.0268878212092018,0.073439813002682,0.713882534287195,0.769320085609199,"ENSMUSG00000058076"
41.4697208090323,0.0893830431847735,0.259068182405645,0.715454934979653,0.770963552998728,"ENSMUSG00000026039"
3126.2190173797,-0.0363607487006825,0.101099206245171,0.715519717774262,0.770982323818722,"ENSMUSG00000018736"
16.5257437305107,-0.138204616922329,0.498171677676431,0.71602418802667,0.771474830070038,"ENSMUSG00000029082"
1759.41303430896,-0.0298291161056233,0.0828085338988153,0.716530362555911,0.771889682782654,"ENSMUSG00000020515"
11.8808743560271,0.138901483539494,0.483258791765236,0.716502446069443,0.771889682782654,"ENSMUSG00000059901"
23.2772365919285,0.110540238642174,0.336983420565769,0.716551480312611,0.771889682782654,"ENSMUSG00000081208"
25.4294890637736,0.120238263685619,0.377819995931784,0.716792614853322,0.772098344665324,"ENSMUSG00000046650"
579.625191473105,-0.0480080032820689,0.134968944256464,0.716949866041509,0.772216629353781,"ENSMUSG00000007777"
369.072102374156,0.0643957862520902,0.182238628133167,0.717259153833662,0.772498644045544,"ENSMUSG00000057278"
3758.94411680389,-0.0275006700736044,0.0771147303314305,0.717425794391832,0.772626998419466,"ENSMUSG00000021877"
17.2061638742999,-0.119808462548139,0.38340006868778,0.717878704141022,0.773063611141013,"ENSMUSG00000095961"
455.044042879872,0.0538060268294535,0.151431017351249,0.71809192744947,0.773242071510384,"ENSMUSG00000103749"
771.578843011193,-0.0283316432126818,0.0791455122220754,0.718158022482583,0.773262090883151,"ENSMUSG00000034032"
9090.95945013188,0.0385413327528889,0.109091509094132,0.718267621663586,0.773328946718688,"ENSMUSG00000020658"
60.9874015500761,0.106861898525754,0.326209432284413,0.718485029342352,0.77346070416208,"ENSMUSG00000031490"
2611.83071854083,0.0280624411832439,0.0780124056708715,0.718477383413597,0.77346070416208,"ENSMUSG00000047379"
530.255595948077,-0.043587776426083,0.124633079707501,0.718790462125498,0.773738337685415,"ENSMUSG00000049488"
787.29282160046,0.0407632102619852,0.114095770296739,0.719254446183285,0.774112205671863,"ENSMUSG00000025324"
74.0698547403495,-0.0889572423678843,0.264539433277681,0.719280446663406,0.774112205671863,"ENSMUSG00000029605"
506.561915645308,-0.0411719710348325,0.116284956521713,0.719257139943789,0.774112205671863,"ENSMUSG00000048696"
43.7713597723175,0.0902374477765588,0.266924501933132,0.720426230648689,0.775294075267709,"ENSMUSG00000024727"
239.579739893888,-0.0610567483043946,0.176409364722162,0.720663391348598,0.775498028979472,"ENSMUSG00000075229"
34.4602865873982,0.123081745841044,0.402123988678958,0.72087334292169,0.775672678217826,"ENSMUSG00000037716"
12.267822720431,0.129189020001005,0.432592705101111,0.721040325104246,0.775797252781142,"ENSMUSG00000004707"
11.7770743877555,0.12973357246466,0.435339707783297,0.721084435101282,0.775797252781142,"ENSMUSG00000042379"
617.062320085472,-0.0380287212334301,0.10806412280238,0.721147388916661,0.775813706746771,"ENSMUSG00000022359"
1353.12190183569,0.0405496961075916,0.126477346939038,0.721611240137999,0.776261417325294,"ENSMUSG00000090015"
5784.49070569796,0.0284310554150339,0.0799569464687787,0.72183217119679,0.776396463773051,"ENSMUSG00000022283"
1059.9768518831,-0.0387718835075089,0.11080804191043,0.721807466680903,0.776396463773051,"ENSMUSG00000036693"
50.6009532200456,0.0920768932218961,0.27609745104893,0.721984607135403,0.776509113640574,"ENSMUSG00000018238"
224.881310650684,0.0554782522307712,0.158876269091787,0.722265968022784,0.776657776950382,"ENSMUSG00000039158"
3628.99067777642,-0.0463754289307044,0.132571079310791,0.72224438717968,0.776657776950382,"ENSMUSG00000041115"
45.5166427313193,-0.0848231455522325,0.253838276338178,0.722255032270715,0.776657776950382,"ENSMUSG00000111529"
703.079250192197,0.0544756379533732,0.15290449259908,0.722490525245781,0.776847927204626,"ENSMUSG00000091228"
262.003120295434,-0.0447910566930734,0.128348986532308,0.722567936842141,0.776879846493816,"ENSMUSG00000029401"
497.05159796849,-0.0471248001884407,0.135389205939453,0.722668151946739,0.776884967467245,"ENSMUSG00000022364"
10.4327925131574,-0.133724929933144,0.485546512768781,0.722639336318739,0.776884967467245,"ENSMUSG00000083579"
728.384540333168,-0.0306751435707767,0.0872342780441757,0.722882950634577,0.7770645625325,"ENSMUSG00000073422"
404.377616121577,-0.0549608447069674,0.159067161492908,0.722998722165118,0.777137691455612,"ENSMUSG00000039349"
818.297202530769,0.0458366142890104,0.13067920532675,0.723144818547971,0.777243404181173,"ENSMUSG00000021376"
13.552691935613,-0.123428611366732,0.416074792440419,0.723249778273267,0.777304891768932,"ENSMUSG00000042417"
4166.37439587458,0.0226483601385138,0.0638953642051225,0.72337438284286,0.777387482928374,"ENSMUSG00000006304"
1301.84364165311,-0.0279439083941203,0.0800004843807003,0.723455799130515,0.777423653171807,"ENSMUSG00000035790"
3035.00698130463,-0.02828664132255,0.0794640720603622,0.724017131152662,0.777924149234523,"ENSMUSG00000038412"
14.078724903419,0.131993577414538,0.459085619872441,0.723984494872896,0.777924149234523,"ENSMUSG00000116024"
18.0937727497186,-0.12187076076639,0.410076418048683,0.724237514006791,0.778109580423903,"ENSMUSG00000070448"
2146.1844362283,-0.0257321263488745,0.0736018417814182,0.7246839079207,0.778537793897384,"ENSMUSG00000028577"
32.9217530801632,-0.096859860691011,0.300047706249626,0.724798703699462,0.778609733968181,"ENSMUSG00000051160"
303.64696331557,0.0504262345852278,0.144703956164074,0.724847013128621,0.778610246780236,"ENSMUSG00000079478"
15.7554773457937,0.130346667733493,0.452864882758058,0.725466402594295,0.779224157138233,"ENSMUSG00000034382"
13.9376918474594,-0.124184361730978,0.426043432928508,0.725549007650692,0.779261463878198,"ENSMUSG00000061798"
83.9622690387896,-0.0732074335874681,0.218728985150414,0.725798730620814,0.779478243520855,"ENSMUSG00000006638"
1504.19988984297,-0.0364390629082811,0.105217525291096,0.726048761590635,0.779695325318139,"ENSMUSG00000034285"
9.25906477425593,0.133762081882809,0.532368259940171,0.726252268405365,0.779862420021277,"ENSMUSG00000038115"
335.299464598723,-0.0765565287846619,0.230721603146307,0.726524701341217,0.780103501875483,"ENSMUSG00000040452"
14261.4563002045,0.0344343839829163,0.0994190907721066,0.726591917075587,0.780124215167628,"ENSMUSG00000007564"
24.4709328378956,-0.101623894319286,0.321448687837407,0.726780293886443,0.78027500487294,"ENSMUSG00000114216"
612.765518198842,-0.0539860428037651,0.158759833551396,0.726893264722947,0.780344823792134,"ENSMUSG00000068114"
184.633643311671,0.0573605530310563,0.167668625108158,0.727016313576121,0.780425451885525,"ENSMUSG00000051977"
306.052615187444,0.0618978379897527,0.181753810820699,0.727370717749712,0.780754404453005,"ENSMUSG00000082286"
88.3158296741516,0.0783002583677908,0.234423795089766,0.727441065288657,0.780778429432201,"ENSMUSG00000006360"
1438.16076831131,-0.0276592649007267,0.0801294493438473,0.727725096160823,0.781031787123748,"ENSMUSG00000037075"
79.9899138359689,0.0659169523393987,0.195142141714015,0.72779894947475,0.78105955297666,"ENSMUSG00000019088"
180.586894781376,0.0756578730896034,0.227087055065455,0.729092820633444,0.782354832720696,"ENSMUSG00000046470"
13.7623976376213,0.119655712569188,0.401027022035904,0.729102028036181,0.782354832720696,"ENSMUSG00000109755"
820.641747673305,-0.0307685860187966,0.089711736847963,0.729167551250053,0.782373567942018,"ENSMUSG00000027305"
12.7313698236982,-0.118327156296558,0.401599760391448,0.729359137667027,0.782527553581852,"ENSMUSG00000020698"
879.724981589351,-0.0318304481426228,0.0930328333275086,0.72980990008062,0.78295956986175,"ENSMUSG00000036959"
177.947056841735,-0.0673298691581865,0.749424397898715,0.730477511666107,0.783624155456761,"ENSMUSG00000093996"
425.148050625337,0.0457095624745599,0.134212565244009,0.730738457539662,0.783852429115692,"ENSMUSG00000034321"
778.757307914459,0.0315611519072412,0.0923495320665643,0.731428279330722,0.784540691285285,"ENSMUSG00000038122"
4541.7287126505,0.0227447160318995,0.0662678557746243,0.731571421045385,0.784630358756881,"ENSMUSG00000017132"
554.570335102566,0.0471773976645841,0.139209519140027,0.731608280207148,0.784630358756881,"ENSMUSG00000056600"
2296.15293789024,0.0366023306420826,0.107535598871745,0.731703845183563,0.784681151057253,"ENSMUSG00000075254"
27.2281455969077,-0.0987657443521546,0.317772771647819,0.731847684401191,0.784783702680013,"ENSMUSG00000116099"
16292.2998554079,0.0412525836442505,0.12081879450975,0.732309612567895,0.785227315287543,"ENSMUSG00000027438"
437.527307027322,-0.0614880850417467,0.186542932297874,0.732395886249048,0.785268096190357,"ENSMUSG00000074364"
31.5095963585979,0.124029190561901,0.446008848015285,0.732492396043571,0.785319846064496,"ENSMUSG00000033952"
12.5773799481555,-0.11670080321275,0.40224148883685,0.732909567797172,0.785715354623444,"ENSMUSG00000046678"
1460.40971091855,-0.0333187316726258,0.0989258059352236,0.733236370478389,0.786013937349175,"ENSMUSG00000029209"
307.647797135573,0.0448962121560824,0.133445624769335,0.733737366432741,0.78628159434301,"ENSMUSG00000001305"
28.393612024172,-0.110227948442114,0.37138072296241,0.733841199529362,0.78628159434301,"ENSMUSG00000015452"
14057.0528875928,0.0309795509934732,0.100091713736731,0.733611313735822,0.78628159434301,"ENSMUSG00000027993"
342.663632144697,0.0598641068500246,0.180137252671739,0.733883065099323,0.78628159434301,"ENSMUSG00000031015"
474.710305741937,-0.0421159221544304,0.126251054883037,0.733845634795563,0.78628159434301,"ENSMUSG00000037204"
580.687812543122,0.0515280696446074,0.154062401943411,0.73381139842405,0.78628159434301,"ENSMUSG00000039065"
17.4563360287601,0.114081030957406,0.383820340357619,0.733840994149064,0.78628159434301,"ENSMUSG00000074947"
206.695365791755,0.0547893821273371,0.163771835775201,0.733576667988799,0.78628159434301,"ENSMUSG00000079144"
267.942758120041,-0.124675717570621,0.463675127981103,0.733920785381969,0.78628159434301,"ENSMUSG00000096764"
36.402341890068,-0.130661696549013,0.539439633395382,0.734535941865282,0.786888849074239,"ENSMUSG00000044645"
825.516987425019,0.0362942241385667,0.109682967008369,0.734654158982788,0.786963700968796,"ENSMUSG00000030291"
11073.0691890558,-0.0285634971514632,0.0853174918648891,0.734715519763655,0.786977642344724,"ENSMUSG00000020456"
17.3651374509264,0.113754130490107,0.386272247700917,0.734930447868082,0.787156062007938,"ENSMUSG00000025386"
2336.542461637,-0.0375541393361208,0.112843820767522,0.735465840284816,0.787677672751907,"ENSMUSG00000061288"
23.5257149336061,0.1113865952417,0.374115385771783,0.735597055958598,0.787714550154204,"ENSMUSG00000001420"
259.038740274522,-0.0427965137234866,0.128898201616982,0.735549485993561,0.787714550154204,"ENSMUSG00000057409"
16.2523860356245,0.113959468819463,0.38924411207682,0.736650095890381,0.788790307913671,"ENSMUSG00000029254"
11.4700404777063,-0.127960328397263,0.49621481077414,0.736928454998525,0.789036465859764,"ENSMUSG00000005800"
370.527276823051,-0.0577136701736728,0.177466215862144,0.736986362166039,0.789046566912574,"ENSMUSG00000094747"
18.7437483345362,0.118487766020112,0.417136305989512,0.737155962245105,0.78917624159328,"ENSMUSG00000001508"
7050.6488206339,0.0259145322361859,0.0777888644120411,0.737327538726743,0.789308014954223,"ENSMUSG00000037058"
1425.76342579108,0.0480143869360813,0.145046639691972,0.737508567438827,0.789449888917553,"ENSMUSG00000020430"
158.231251519486,-0.0485960399872545,0.148346425293285,0.737641935062491,0.789540729809787,"ENSMUSG00000081974"
373.67838244965,0.0555899439971902,0.169314856797035,0.737728609116887,0.789581583220769,"ENSMUSG00000031487"
1827.20746802851,0.034756404012648,0.101031200305924,0.737910490218882,0.789672405481755,"ENSMUSG00000006731"
186.589637371849,0.0556237895331197,0.169572340236528,0.737899300237769,0.789672405481755,"ENSMUSG00000025154"
2003.38013667115,-0.0385939830133687,0.117360793769268,0.738323335539532,0.790062270307159,"ENSMUSG00000009207"
11.8434461717928,0.117747515442174,0.415569826545541,0.738564366501141,0.79026824149777,"ENSMUSG00000104241"
274.689357286191,-0.0407676985217739,0.124495395442757,0.739122439434306,0.790813400099358,"ENSMUSG00000045822"
11.3224552907112,-0.121268295101339,0.45079071373122,0.73928050169428,0.790895312513735,"ENSMUSG00000029352"
156.726087006507,0.0738734371055172,0.231781893610287,0.739296171225518,0.790895312513735,"ENSMUSG00000038515"
3902.82627814954,0.0316123781052877,0.0959829130370611,0.739502633534532,0.791064195877973,"ENSMUSG00000054808"
3472.50533829653,0.0269018511984836,0.0863383896430174,0.739585068654196,0.791100390823565,"ENSMUSG00000047554"
11.6271405144819,-0.12021051427555,0.446118057417251,0.739779962994908,0.791256865604252,"ENSMUSG00000062511"
177.354290498395,0.0623061437102013,0.193211435318006,0.740039916701811,0.791482901713015,"ENSMUSG00000010362"
8.9849722554825,0.126311506542281,0.48014536943132,0.740191027758456,0.791592507052897,"ENSMUSG00000116919"
552.145505867375,0.0311597003588523,0.094489428285305,0.740375218981268,0.791737473037517,"ENSMUSG00000002233"
923.7504850945,-0.0347544117721176,0.106288589271377,0.740617432398854,0.791944463285065,"ENSMUSG00000059729"
24.6023903285442,0.110157323544578,0.379026149798527,0.740996685155218,0.792297953294577,"ENSMUSG00000110170"
3881.76585729547,0.0255494224118904,0.0779579939276353,0.741439113002742,0.792697577247518,"ENSMUSG00000029462"
71.0343567913622,-0.0951701718119415,0.319313756795211,0.741467828429212,0.792697577247518,"ENSMUSG00000053835"
47.4951844394264,0.0819142127761742,0.262826044199739,0.741547346262861,0.792730524887821,"ENSMUSG00000111590"
43.4835175981056,0.091875465401618,0.301382833057335,0.741836695584841,0.792935697073349,"ENSMUSG00000003476"
875.205037565592,0.0389938952943841,0.118727599041097,0.74182233677717,0.792935697073349,"ENSMUSG00000046658"
1069.13216127363,0.0428982714418519,0.13092771176201,0.742072866288219,0.793136054986187,"ENSMUSG00000060376"
1382.30368959215,0.0409657907810149,0.126198954704611,0.74245587853687,0.793493322225932,"ENSMUSG00000001062"
92.8908824843291,0.0679894210083385,0.214736715380425,0.742740845420083,0.793745764295438,"ENSMUSG00000074673"
1266.97516719335,-0.0343388088712738,0.105962773463861,0.742895669157791,0.793859102117148,"ENSMUSG00000027198"
20.8575838653694,-0.104670933868301,0.36466336577065,0.743231652328884,0.794165999514873,"ENSMUSG00000115932"
1502.17719782265,0.0284987859295137,0.0873838040504888,0.74358868759407,0.794495349961029,"ENSMUSG00000028890"
529.996006292069,0.0337632189760899,0.103882108212408,0.743671652694144,0.794531843171126,"ENSMUSG00000030929"
1048.51885648464,-0.0609389005993091,0.193904474790406,0.743807774919318,0.7946251204395,"ENSMUSG00000070436"
55.5467626274254,-0.0911086301853426,0.306513470462135,0.744010474553992,0.794789506811253,"ENSMUSG00000078773"
16.4665860957449,0.108263768434001,0.376447408143483,0.744065982094337,0.794796643909155,"ENSMUSG00000075140"
3991.31629414009,-0.0365837083163687,0.113088031038695,0.744258020481243,0.794949610065201,"ENSMUSG00000031391"
6726.71774756414,0.0218286162830598,0.0658651008864427,0.744509209169041,0.79516573104479,"ENSMUSG00000071533"
5214.56335565961,0.0420855614708278,0.130593118931822,0.745176245294104,0.795774792420659,"ENSMUSG00000030096"
49.810688616764,-0.0880353061940952,0.295275941359439,0.745177242957864,0.795774792420659,"ENSMUSG00000091415"
48.8159235524859,0.0885218040502825,0.29303811759478,0.745278984194053,0.795831232269142,"ENSMUSG00000074646"
75.9390880000151,0.0892576570567445,0.295402861525465,0.745667144639472,0.796141268558398,"ENSMUSG00000100235"
18.1154441701967,0.10477575241519,0.363109116115537,0.745640327581435,0.796141268558398,"ENSMUSG00000105408"
80.1064644974106,-0.0727300547012818,0.237780331897735,0.746090690995316,0.796488999739097,"ENSMUSG00000028597"
3425.25570477119,0.029601613049199,0.0917285994893277,0.746086578078208,0.796488999739097,"ENSMUSG00000035086"
998.943678001476,-0.036103441284934,0.113135972813979,0.746318677751475,0.796680138791954,"ENSMUSG00000049760"
8518.46397759043,0.0207696899111481,0.0642383152893138,0.746653970083772,0.796985791804829,"ENSMUSG00000015932"
46.18392594388,-0.0868547036244876,0.292393239688401,0.746941581568194,0.797240513065835,"ENSMUSG00000078486"
31.8733613494922,0.0882198786372907,0.294391251168565,0.747226095409037,0.797491894903508,"ENSMUSG00000089790"
80.4434120665522,-0.0666358548303312,0.216900827882952,0.74741805959885,0.797644474801683,"ENSMUSG00000087153"
42.6223749935681,0.100775969289582,0.350377896188946,0.748341427696868,0.798577537698284,"ENSMUSG00000026785"
839.780072866591,-0.026014566867358,0.0820746230380815,0.749182555593312,0.799422723038212,"ENSMUSG00000037275"
14.1139633669862,-0.107735780525427,0.39331683200384,0.749350247344891,0.799549247920827,"ENSMUSG00000096714"
228.111423349935,0.0733982129885303,0.240364329302057,0.749831527306697,0.79987013742776,"ENSMUSG00000033855"
92.5472024070706,0.0594168635994885,0.191406046309315,0.749769243543654,0.79987013742776,"ENSMUSG00000044296"
27.8888690821073,-0.106294548970453,0.394497262022028,0.749847542520433,0.79987013742776,"ENSMUSG00000084274"
29.386027464155,-0.0854409595463349,0.290879265633899,0.749767691722209,0.79987013742776,"ENSMUSG00000113993"
93.0621520694676,-0.0944831017757353,0.331241402682433,0.749922108340142,0.799897259652764,"ENSMUSG00000026941"
3042.42441869062,-0.0437787971746642,0.141319239152187,0.750140600161413,0.800077885560705,"ENSMUSG00000050621"
11.385393642163,0.122619439511509,0.523889767335105,0.75025832305777,0.800151017672436,"ENSMUSG00000032899"
134.323258216305,-0.0492722305133519,0.159080717299176,0.750556126040251,0.800416183155347,"ENSMUSG00000036214"
5066.3216353373,0.0396155696314673,0.125742752132842,0.75080587415771,0.800630070064803,"ENSMUSG00000018395"
20.6860430614726,0.105968945080015,0.38130396288284,0.750963818948629,0.80074603988247,"ENSMUSG00000024673"
3730.48157311075,0.024610179447275,0.0777275197553529,0.751052678921233,0.800788334805779,"ENSMUSG00000032383"
447.375879126937,-0.0488463208810908,0.158434086618915,0.751153532366769,0.800843411047044,"ENSMUSG00000038930"
323.702985346607,0.0444105427059833,0.142292226477692,0.751647334711298,0.801317395666416,"ENSMUSG00000070858"
20.1580272476909,-0.0998885374923971,0.358438590304732,0.751861387703765,0.801493102098355,"ENSMUSG00000005681"
170.906071972888,0.0748323790169357,0.248818775734651,0.752184013435582,0.80178451775944,"ENSMUSG00000091586"
3072.31861450244,0.0253452587351628,0.0805173180381556,0.75244136405204,0.801877049338701,"ENSMUSG00000004096"
10582.9178035658,0.032203696772099,0.102723542350255,0.752413318105481,0.801877049338701,"ENSMUSG00000022016"
621.245348380371,0.0397161571993002,0.12714648740285,0.752467866362493,0.801877049338701,"ENSMUSG00000025289"
10498.5307571952,-0.0201492819560957,0.0644676430238456,0.752435595695903,0.801877049338701,"ENSMUSG00000027706"
2515.74980831737,0.0271190200048347,0.0863732586397144,0.752881036132681,0.802264827583646,"ENSMUSG00000055239"
5930.40475938412,-0.030853484377443,0.118898692357554,0.753241096689298,0.802595965955908,"ENSMUSG00000098274"
131.568081112588,0.0592847560131848,0.193959196235812,0.753477233007795,0.802795025454961,"ENSMUSG00000030247"
54.2883959134112,-0.0723294646855566,0.244678004181778,0.754211308265844,0.803489621376995,"ENSMUSG00000050212"
107.23261160606,0.052707792091256,0.171912879418298,0.754227879017108,0.803489621376995,"ENSMUSG00000067370"
728.834046975334,0.0269455992484151,0.0864121046364927,0.754286429368747,0.803499410854294,"ENSMUSG00000026342"
4441.33071100126,0.0346830336510204,0.111528718852011,0.754528488411172,0.803704667867888,"ENSMUSG00000041977"
205.038068736138,0.0745438930796437,0.250988444787209,0.754760899240301,0.803878404567447,"ENSMUSG00000014444"
155.745260025598,-0.0627637012580473,0.209945072580683,0.754790363398996,0.803878404567447,"ENSMUSG00000030380"
128.03622315363,0.083337916216963,0.285881966608421,0.755137989936247,0.804196022255952,"ENSMUSG00000039110"
5875.52104923426,0.026228600615486,0.0922923100325474,0.755236043417521,0.804247829042942,"ENSMUSG00000037149"
338.174867252713,-0.0515633703183508,0.171011359567122,0.755675184675661,0.80466282829531,"ENSMUSG00000001555"
283.54939401242,-0.0384035413873242,0.125677811971248,0.755956330224179,0.804909546270878,"ENSMUSG00000003680"
17.6514901535342,-0.114249991373058,0.481308275481907,0.756095131475666,0.805004679845699,"ENSMUSG00000040434"
4600.76745941856,-0.0216662171530576,0.0703643401606385,0.75676890424054,0.805669340956672,"ENSMUSG00000073131"
2075.30849973341,0.0511348698603169,0.168368061215227,0.756978945793698,0.805787554252538,"ENSMUSG00000023007"
927.292726147325,-0.0337210685330755,0.110570248559988,0.756970430965048,0.805787554252538,"ENSMUSG00000027953"
3375.35335297947,-0.0288840752057909,0.0946442013092952,0.757591397317003,0.806386762932464,"ENSMUSG00000020326"
162.555877142871,0.0624150365425567,0.209202181933061,0.757859303763621,0.806619180506357,"ENSMUSG00000048794"
2406.95810362475,-0.0351929063961784,0.122491649361698,0.757929521915728,0.806641174092463,"ENSMUSG00000025199"
361.520339960917,0.0396667852506338,0.13033567009462,0.758116441802043,0.806787358763968,"ENSMUSG00000032180"
1524.13975636549,0.0233481139144405,0.0759389447739231,0.758175830306,0.806797814324447,"ENSMUSG00000028447"
1230.9821482936,-0.0300391274211889,0.0987690348644358,0.758261775663516,0.806836526621173,"ENSMUSG00000034620"
15.9803471387502,-0.105990979368995,0.408691773929932,0.758425459169304,0.806957946555849,"ENSMUSG00000023940"
89.1196854235742,-0.0668682587361707,0.229252820035001,0.758591258719097,0.807081601923495,"ENSMUSG00000025592"
50.4031406737537,-0.0731612680860711,0.2532741905387,0.758764211581768,0.807212851194564,"ENSMUSG00000057207"
78.2073342444771,0.0820305744298531,0.286419723918349,0.758876564014856,0.807279617633893,"ENSMUSG00000078552"
5264.37801746326,-0.0283659067905773,0.0943335054674358,0.759083242586326,0.80744671128669,"ENSMUSG00000025318"
224.163553390543,0.0489718742863803,0.162658283926218,0.759243416040363,0.807564318237391,"ENSMUSG00000070605"
5134.88359257861,0.0334481033073802,0.109452588358645,0.759329987029807,0.807603628152316,"ENSMUSG00000012405"
17.4610453820079,0.116373432319571,0.480907591615493,0.760143298511534,0.808363011247844,"ENSMUSG00000011305"
691.732106289938,-0.0394903353188345,0.131746495913487,0.76010952529894,0.808363011247844,"ENSMUSG00000042328"
8.41644105295715,-0.117802706818765,0.579298738428442,0.760209968683634,0.808381099440305,"ENSMUSG00000099241"
24.71113497265,-0.0915084108514911,0.336327161889181,0.760494342527942,0.808630668735374,"ENSMUSG00000037661"
716.993287496296,0.0299145059026907,0.0985811443075966,0.760576612732944,0.808665323453093,"ENSMUSG00000028948"
488.417810465195,-0.0332882902899681,0.110757033836624,0.760633177297177,0.808672644506789,"ENSMUSG00000009076"
11.0828615593472,0.11102921695565,0.440359582725986,0.760952566958782,0.808959370752028,"ENSMUSG00000097271"
455.829851613143,0.0314531956224898,0.104108547077343,0.761129193753176,0.809094300000928,"ENSMUSG00000040888"
193.130170191423,0.0663039923761363,0.226780816642578,0.761327755796803,0.809252527677965,"ENSMUSG00000015053"
4358.39463912805,0.0534938487068821,0.179922773989211,0.761462524049428,0.809290086607246,"ENSMUSG00000001774"
386.015862758291,0.0418646342047458,0.139615076526891,0.761447210901687,0.809290086607246,"ENSMUSG00000017837"
141.838309446377,-0.0576789352466094,0.198182601263451,0.762235164809886,0.810058367354921,"ENSMUSG00000110723"
21872.4473928273,0.0391971859673128,0.129922535110758,0.762601823500619,0.810395122270732,"ENSMUSG00000030806"
82.4707570411453,0.0601063872655465,0.205341963071458,0.762675243375857,0.810420237069796,"ENSMUSG00000040841"
3950.8508696678,0.0232776075790916,0.077698603080631,0.764103867909505,0.811800095702839,"ENSMUSG00000029992"
650.929177246595,0.0449721509044376,0.151903657126587,0.764123422186933,0.811800095702839,"ENSMUSG00000047067"
58.3062044759848,0.0673749313135948,0.235413100102846,0.764112869991744,0.811800095702839,"ENSMUSG00000101906"
67.5111547794016,-0.0812606103008133,0.718052177619745,0.76428730909544,0.811868233976479,"ENSMUSG00000040715"
30.420631290694,0.0873657987581715,0.317507983913753,0.764277853644605,0.811868233976479,"ENSMUSG00000096010"
348.282274374259,-0.0477323827524583,0.163817734531046,0.764544202081826,0.812088125382576,"ENSMUSG00000070420"
10.1046496765807,0.115352221022088,0.498750268319945,0.764852527408085,0.812362615238732,"ENSMUSG00000018893"
16.5256946156278,0.108217995841135,0.43465557451265,0.765096648693959,0.812568881545004,"ENSMUSG00000078869"
2043.97472230648,0.0354948282267927,0.120123052824735,0.765497282544504,0.812941333850433,"ENSMUSG00000002881"
2893.55121245931,0.0335249272517937,0.103134870638034,0.765558970746653,0.812953808194534,"ENSMUSG00000032042"
108.933560018342,-0.0610353564422087,0.214719781234216,0.765705685396892,0.813003531856409,"ENSMUSG00000027997"
24.1977768279973,0.101142750256451,0.395479710234842,0.765692923672044,0.813003531856409,"ENSMUSG00000033063"
9.84766015082409,0.114325782953042,0.493212556176824,0.766044901693335,0.813310651563012,"ENSMUSG00000050304"
1786.82155441265,-0.0366166138226525,0.125404989666606,0.766164687946731,0.813384777303651,"ENSMUSG00000026254"
28.3776679615425,-0.113920922586894,0.540195474071982,0.766304147987051,0.81347977833137,"ENSMUSG00000112148"
22.9103281382185,0.0890898593488201,0.329807063279832,0.766388664526452,0.813516444810015,"ENSMUSG00000050876"
102.315566723653,-0.0510475967000399,0.178206122479606,0.767218594915036,0.814344306731022,"ENSMUSG00000025888"
390.028634398835,-0.0438319223339283,0.152267618368472,0.767507548386271,0.814597892197413,"ENSMUSG00000018809"
5760.08249295071,-0.0260724961693299,0.089302687607167,0.767562433110375,0.814603030784372,"ENSMUSG00000027668"
743.915140358476,-0.0331699055571553,0.114602822298559,0.768020679740966,0.815036223014763,"ENSMUSG00000061360"
6286.73548522854,0.0252093362371389,0.0855998101129021,0.768145613351556,0.815115664546065,"ENSMUSG00000013160"
57.5756960047683,0.0848899807404013,0.312898483152939,0.768320196171221,0.815247777411847,"ENSMUSG00000036598"
5246.7194386462,0.0197726198064573,0.0674308722510637,0.768822194562498,0.815727263921806,"ENSMUSG00000004789"
1536.40179398513,0.0225551735060725,0.0770640792440571,0.769077332268455,0.815925173314926,"ENSMUSG00000034673"
379.117666452782,0.0531451108896693,0.186999313121796,0.769108972806501,0.815925173314926,"ENSMUSG00000055723"
2372.58414299785,0.0361489403543962,0.124279065520708,0.769331254632693,0.8161077981695,"ENSMUSG00000073678"
11.2398069439726,0.115288806486104,0.544002056256932,0.769817507701313,0.816570402082756,"ENSMUSG00000044748"
104.838283348296,-0.0759846486115576,0.28048011505651,0.769875590563124,0.816578801276245,"ENSMUSG00000012017"
836.492804983404,0.0232394674450969,0.0796191670571672,0.769967206725567,0.816622764599868,"ENSMUSG00000002731"
33.3203883959718,-0.0890038272576028,0.34301622324253,0.770420824669031,0.817050634175678,"ENSMUSG00000007279"
5353.06236231681,0.0628125565802953,0.215640226238672,0.770566746828831,0.817119085923223,"ENSMUSG00000047976"
243.891394953605,0.0511508710725274,0.179603812561906,0.770585765327891,0.817119085923223,"ENSMUSG00000052783"
8666.61131182561,-0.0261109596659894,0.107146352833885,0.770639885056628,0.817123244460122,"ENSMUSG00000034088"
901.615520064581,-0.0369303336983657,0.129417136496769,0.771086612823663,0.817543664661212,"ENSMUSG00000038803"
10.6328910313384,0.105042620378412,0.43468630076857,0.771801235317602,0.818248046665359,"ENSMUSG00000033634"
52.7000550217551,0.0741921841145684,0.271448285143981,0.771928984603924,0.818330186348595,"ENSMUSG00000045165"
154.335973039822,0.0457939933626898,0.161233038898409,0.772396140121709,0.818772100084734,"ENSMUSG00000114836"
2020.92054018084,-0.0353451153021826,0.124659618400226,0.772758234487903,0.819102594321423,"ENSMUSG00000033623"
8221.14482757421,0.0373804194035999,0.130943938335526,0.772907750531006,0.819207732982401,"ENSMUSG00000022812"
1025.02319118087,-0.0317814612120803,0.112014101504064,0.773270427001762,0.81953877275439,"ENSMUSG00000062729"
1418.68913162318,0.0235435761169951,0.0827371158610158,0.773408478622072,0.819631719727219,"ENSMUSG00000041926"
38.5086422298235,0.082133127333672,0.309991775884819,0.773710291515448,0.819898191868268,"ENSMUSG00000078907"
27.7371408630522,0.105898212410332,0.445208032019773,0.773773986821288,0.819912313336605,"ENSMUSG00000031362"
477.703183621643,-0.0365719611187683,0.129884703344379,0.77402361457816,0.820123439308943,"ENSMUSG00000002059"
18.5223695914563,-0.0971998409793357,0.396114856677425,0.774151488288999,0.820205540638396,"ENSMUSG00000034881"
3308.13657553321,-0.0207816679327913,0.0730314703448044,0.77488882872501,0.820933312983125,"ENSMUSG00000027108"
595.02491694902,-0.0501213667624915,0.181774569077433,0.775300889482399,0.821316404984673,"ENSMUSG00000043065"
1314.29475540216,-0.0316410838051945,0.112415205643991,0.775544676921869,0.821521198082526,"ENSMUSG00000014294"
13.634385896425,0.104555566504754,0.44285783586525,0.775606736689002,0.821533476042659,"ENSMUSG00000059910"
978.613532264714,0.0491986652301221,0.176301505962916,0.775881441555352,0.821770974405493,"ENSMUSG00000102543"
144.282299461255,0.0536460847853513,0.194170285388844,0.776371460871202,0.822085701656356,"ENSMUSG00000029217"
17624.6040442003,0.0223423028167875,0.0780734497182761,0.77631946784713,0.822085701656356,"ENSMUSG00000033953"
3165.64218609958,-0.0216038944807933,0.0770170145353815,0.776352427949904,0.822085701656356,"ENSMUSG00000038212"
1297.41427115209,0.0257489676922727,0.0909365927696306,0.776380605207222,0.822085701656356,"ENSMUSG00000039599"
1213.33908794993,0.0580354814434141,0.21069848654822,0.776565331087363,0.822227817057376,"ENSMUSG00000061232"
40.733338263737,-0.0680747307737303,0.255776466851261,0.776763368723948,0.822384007550466,"ENSMUSG00000045575"
426.627873130058,-0.0369882343491889,0.133192476456156,0.776914605971367,0.822490631893985,"ENSMUSG00000026107"
1360.54681195436,0.0275704532388191,0.0977467059251452,0.777018697792251,0.822547334503626,"ENSMUSG00000018442"
4314.44372117162,0.0418284387357897,0.144766042987517,0.777294451896619,0.822785738585847,"ENSMUSG00000021140"
8.43632987571228,-0.109011028860978,0.547290095462706,0.777437624534549,0.82288377997096,"ENSMUSG00000059406"
7.84425246003823,0.111149915527752,0.548603864772371,0.777633506861892,0.822984085865541,"ENSMUSG00000026692"
443.431159124315,-0.0464965709851019,0.170070400006095,0.777592603363242,0.822984085865541,"ENSMUSG00000039345"
9.8830400824535,-0.106305060550775,0.492673918375154,0.778091514769834,0.823415269628355,"ENSMUSG00000068246"
15.7789681610124,-0.101690864033286,0.44524209898613,0.778306819878466,0.82358957381406,"ENSMUSG00000078640"
2256.50917880507,0.0398829850259332,0.143331850797519,0.778520645073003,0.823762289423969,"ENSMUSG00000062115"
1173.63626846475,-0.0466935553737488,0.171928517932873,0.778695428328746,0.823840126240435,"ENSMUSG00000013833"
11.6324134150825,-0.10505215960048,0.481097546354327,0.778682786163424,0.823840126240435,"ENSMUSG00000067455"
48.4637680781183,-0.0757971051098768,0.293613314987628,0.778872692243764,0.823974113494768,"ENSMUSG00000110404"
336.496234279035,0.0600056017151581,0.221654000154943,0.779119749477043,0.824181913308247,"ENSMUSG00000110332"
640.040046076354,0.0440761938893194,0.160003806389815,0.779607623982386,0.824644415048754,"ENSMUSG00000044442"
84.2717096126617,-0.0643476464302941,0.244168205409504,0.779690307148124,0.824678285884157,"ENSMUSG00000043410"
2813.56810834595,0.0160576949204534,0.0568572162402448,0.780239208146223,0.825098020542079,"ENSMUSG00000024969"
107.474710753443,-0.083836412557542,0.33673957267912,0.780184833969139,0.825098020542079,"ENSMUSG00000036196"
2436.16025285714,0.0250059085949623,0.0897820151525291,0.780219451519093,0.825098020542079,"ENSMUSG00000050608"
204.295789021321,-0.0468338762907502,0.172874726071553,0.780533209548452,0.825355306290093,"ENSMUSG00000025193"
1685.94797430399,0.0253374795436152,0.09141663984184,0.781041193277173,0.825838814171213,"ENSMUSG00000020235"
17.6453990289771,-0.0873194930960196,0.356534943115642,0.781130934337989,0.825880056453221,"ENSMUSG00000074061"
2030.50366017513,-0.0216922292523546,0.0787084871522667,0.781395113973832,0.826105713143212,"ENSMUSG00000024975"
296.552620670704,0.0439257120232707,0.16125838082294,0.781803978785312,0.826438872085995,"ENSMUSG00000020781"
25.5839007266684,-0.083581381998234,0.337310661028075,0.781834727356061,0.826438872085995,"ENSMUSG00000027377"
1363.49309493133,-0.0297526240328191,0.107003730625455,0.781906464600115,0.826438872085995,"ENSMUSG00000029178"
32.8014465310524,-0.0723343710409233,0.282262249052572,0.781913322828137,0.826438872085995,"ENSMUSG00000041012"
159.877771113444,0.06191887136391,0.233113918649771,0.782042851303806,0.82646844988141,"ENSMUSG00000060594"
1459.75497684408,-0.0230480865580245,0.084107819926154,0.782030339792795,0.82646844988141,"ENSMUSG00000068206"
28.7280852734408,-0.0789527718059919,0.314525543226446,0.782102053477653,0.826477358251704,"ENSMUSG00000081339"
16.1024609144775,-0.0903986153229293,0.377756206525441,0.782333400144932,0.82666816537223,"ENSMUSG00000056910"
3031.70454204229,-0.0290931281597461,0.103831737821431,0.782522832988287,0.826814661520403,"ENSMUSG00000031591"
483.805369398516,0.0471761259449707,0.174596168400982,0.782803004951413,0.827057007503024,"ENSMUSG00000023272"
13.832981672791,0.101288061475232,0.444134405494342,0.782991626039764,0.827202601809143,"ENSMUSG00000090078"
72.4730125953288,-0.0749995274671518,0.296746942033514,0.783151748351728,0.827290047793487,"ENSMUSG00000008129"
1816.49402319001,-0.0318973653251611,0.11907043857628,0.783176043524857,0.827290047793487,"ENSMUSG00000013622"
2515.25919102223,-0.0278222459061016,0.103017446457326,0.783589568839463,0.827673155640048,"ENSMUSG00000041638"
125.455427794937,-0.0610474527051658,0.23537238556218,0.783879534169653,0.827871994888316,"ENSMUSG00000019842"
1764.62691887094,0.0205170915900886,0.0747538550555426,0.783836157241336,0.827871994888316,"ENSMUSG00000063362"
22.2077705789201,0.0836481645257674,0.337146316320589,0.783990476356954,0.827935446615966,"ENSMUSG00000091407"
10627.6916772515,-0.0240530329303867,0.0876210308948591,0.784204749602538,0.828108006099911,"ENSMUSG00000045983"
3443.25697710269,0.0246349361658841,0.0900634581586216,0.78429158920748,0.828145983985429,"ENSMUSG00000025006"
351.575623814585,0.0395872116925189,0.146846667759288,0.784621322201246,0.828386683278757,"ENSMUSG00000022244"
1508.75836729008,0.0282739085458191,0.120495431263471,0.784580439923735,0.828386683278757,"ENSMUSG00000036339"
8165.93644570622,-0.0291499361461372,0.105787039647516,0.784915825204185,0.828643868128525,"ENSMUSG00000030744"
196.316957085707,-0.0391380420260085,0.146870337795516,0.785244950447261,0.828937568312614,"ENSMUSG00000032431"
18.864123227606,0.0885236968166588,0.366748711128652,0.785398581048391,0.829042520071912,"ENSMUSG00000081187"
4575.03070053997,0.0507601951663717,0.192219780439767,0.785446230774605,0.829042520071912,"ENSMUSG00000094708"
792.719484745779,0.0272961118877275,0.100811343928328,0.785767955410911,0.829297085492009,"ENSMUSG00000036775"
22.8969944787823,0.0834139550709877,0.338927071997799,0.785789301304137,0.829297085492009,"ENSMUSG00000056564"
2433.65213278253,0.0252180373573735,0.0932521805783673,0.786264587543708,0.829744891801393,"ENSMUSG00000058569"
3476.96615915656,0.0193327969301332,0.0714030837658415,0.786384779437033,0.829817933338262,"ENSMUSG00000024096"
24.5816358192776,0.0876729491043334,0.362612382726944,0.786461539647887,0.829845137900324,"ENSMUSG00000025271"
574.447937644908,0.0295681777005963,0.109766042183168,0.787082262547864,0.830446271049659,"ENSMUSG00000036632"
242.581263528674,-0.0392347242151583,0.149326322194268,0.787455184813153,0.830785890102307,"ENSMUSG00000034278"
14.416535887202,0.103428733358239,0.490949769993904,0.788187408489483,0.831342877949316,"ENSMUSG00000032921"
675.502784312863,-0.0246825592879513,0.0930337646165325,0.78817394380985,0.831342877949316,"ENSMUSG00000071652"
101.789236683703,-0.0530162830393711,0.205998429160669,0.78804356123975,0.831342877949316,"ENSMUSG00000116393"
29.6183710615707,0.0922634279001971,0.396178018355615,0.788180797576752,0.831342877949316,"ENSMUSG00000116461"
148.423164551364,0.0642735573202926,0.251176207472871,0.788488873055816,0.831553085558961,"ENSMUSG00000025938"
32.4217057164143,0.0932549334310028,0.405960053857658,0.788485412382661,0.831553085558961,"ENSMUSG00000118462"
387.533956597651,0.05293731048444,0.203253431752822,0.788803514117487,0.831831018580232,"ENSMUSG00000026956"
81.3990761001037,-0.0659900923139992,0.26402895950378,0.789016899075281,0.832002143107302,"ENSMUSG00000032680"
5730.49764480386,-0.0239235522488939,0.0905689788989263,0.789163029995914,0.832102332055545,"ENSMUSG00000009470"
735.747931827493,0.0369311996360317,0.139557209069047,0.789261506984595,0.832152264440393,"ENSMUSG00000038838"
5302.9954233002,0.0501824021556122,0.192042968005653,0.79020437186787,0.833092407076761,"ENSMUSG00000059325"
2586.49450437974,-0.0435023187170238,0.168762518950304,0.791016404834899,0.833894504106113,"ENSMUSG00000029648"
1067.09455613355,-0.0270916626978778,0.103936040523973,0.791463997554043,0.834312326912622,"ENSMUSG00000037089"
2550.99709982744,-0.0184384871095658,0.0704678382253912,0.792082380987621,0.834910120942595,"ENSMUSG00000029465"
2661.82316015062,0.0329963597381257,0.125029192606278,0.792761957502953,0.835526620728965,"ENSMUSG00000005615"
6275.51762572129,0.0430371096048105,0.166269133686563,0.792769913819809,0.835526620728965,"ENSMUSG00000052040"
166.168698164764,0.0515362291394606,0.202987111143042,0.793325338059961,0.836057869541632,"ENSMUSG00000066122"
3217.81205925381,0.0262248868632638,0.100711229374214,0.793977405435092,0.836636730040939,"ENSMUSG00000050017"
215.317999019404,0.0579159014086945,0.230559352806634,0.793952211098136,0.836636730040939,"ENSMUSG00000112667"
33.2545829700976,0.0990407026554124,0.472414570483787,0.794318218621408,0.836941676659931,"ENSMUSG00000073489"
849.144812423833,-0.0248787697871463,0.0969375797344981,0.794549293024149,0.837130963873599,"ENSMUSG00000028792"
1988.49215513486,0.0275949115545639,0.10497737773959,0.795090597056242,0.837647060959259,"ENSMUSG00000027835"
2197.20486982087,0.0256940575291079,0.0988748607812046,0.795514620017953,0.838039540813632,"ENSMUSG00000005881"
130.992644235504,-0.0515084874101535,0.207750716013116,0.795689273068414,0.838113213507257,"ENSMUSG00000017713"
81.7353291237626,0.0515902500142177,0.205374485503199,0.79573901675603,0.838113213507257,"ENSMUSG00000074359"
35.2392617956961,0.0851041934153857,0.371760008791822,0.795708492288172,0.838113213507257,"ENSMUSG00000081058"
863.383362077095,0.0287032314947407,0.111891555880514,0.796539449579808,0.838901990182461,"ENSMUSG00000031590"
298.550705919475,-0.0371311574576385,0.14758736140726,0.796680771185216,0.838996544824542,"ENSMUSG00000042215"
465.781242420281,-0.03060558082488,0.121163367095361,0.79690022794151,0.839173367216451,"ENSMUSG00000022064"
36.8286479343229,-0.0854234050937995,0.391635356057935,0.797081928704333,0.839310410469573,"ENSMUSG00000021714"
2226.42016561467,-0.04566301168003,0.184895579546914,0.797511361109466,0.839708275300122,"ENSMUSG00000061740"
908.035492979397,0.0209202754350388,0.0817620367991934,0.798090930706667,0.840264159500882,"ENSMUSG00000035139"
8268.7514088726,-0.0157409616410013,0.0629855837270921,0.798943035338951,0.841106889745664,"ENSMUSG00000037351"
562.991624992093,-0.0359472995700205,0.144907680060335,0.799488067004168,0.841626253294564,"ENSMUSG00000021809"
119.975141895595,0.0730627095013252,0.310896169466339,0.799858754392421,0.841919484445967,"ENSMUSG00000020327"
328.197807080153,0.0294039640079744,0.116897896248207,0.800002614762815,0.841919484445967,"ENSMUSG00000035069"
32.8657639373516,-0.0711060730426716,0.307738146387661,0.799877825743328,0.841919484445967,"ENSMUSG00000047963"
13.9088145210467,0.0975377047013868,0.508710846990423,0.799986458044861,0.841919484445967,"ENSMUSG00000066058"
1390.66829799353,-0.0228201610773689,0.0910951200527288,0.800025223332733,0.841919484445967,"ENSMUSG00000078656"
22.2610615234594,0.0860976899863121,0.391218823325656,0.80031886357171,0.842174055286075,"ENSMUSG00000043267"
995.416049753125,0.0415759708375328,0.167109895183147,0.800510605354833,0.842321372589914,"ENSMUSG00000044197"
895.557027843102,-0.0403898004654182,0.165541034224604,0.800740630479932,0.842508951131299,"ENSMUSG00000034472"
547.390400779014,-0.0259832692835959,0.104515643934818,0.801042825381447,0.842772434821561,"ENSMUSG00000027671"
1303.18240893988,-0.0182872949068937,0.0733119469445925,0.801479008284322,0.843176843330459,"ENSMUSG00000003299"
38.6115548312074,0.0743194278750558,0.322688271447859,0.801585287944542,0.843234155173921,"ENSMUSG00000111939"
10685.5096629661,-0.0188568477570225,0.0754372790101599,0.801698261437345,0.843298500786889,"ENSMUSG00000025558"
16.2546485671434,0.0840046165372443,0.381146846367813,0.80177569770141,0.843325459239051,"ENSMUSG00000050195"
14.9668079616563,-0.0866368187966945,0.411609368277639,0.802079281240829,0.843550690071271,"ENSMUSG00000019301"
226.67973285873,-0.0532452175985504,0.224057268759518,0.802093474685044,0.843550690071271,"ENSMUSG00000038524"
19.3176673808632,0.0959125370810879,0.48679277234568,0.802527604264613,0.843952732232016,"ENSMUSG00000109228"
3400.26213471023,-0.0244421661230927,0.099309904949809,0.802972330598597,0.84436586547054,"ENSMUSG00000005779"
1202.70371651306,-0.0276427319407694,0.113406662405712,0.803085203950283,0.844430007745153,"ENSMUSG00000024194"
259.458942358523,-0.0352951726776974,0.145060672227454,0.803326631894133,0.844629305901866,"ENSMUSG00000048728"
26568.8259450201,0.02046462231117,0.094930840772177,0.803622718898086,0.844886043933543,"ENSMUSG00000020745"
217.707017645135,-0.0350328918860877,0.144470957908063,0.803929321738839,0.845153803879154,"ENSMUSG00000011254"
17.6548532825536,-0.0775863085133019,0.354824510858662,0.804335876948225,0.845526600255938,"ENSMUSG00000060034"
179.678732963474,-0.0326422030442357,0.135253925463785,0.80492686247768,0.846093211120474,"ENSMUSG00000046909"
237.409856315011,0.0304311337612125,0.123992410252888,0.804986064182557,0.846100804078496,"ENSMUSG00000051978"
348.907854224977,0.0423157944929472,0.174956200568846,0.80525742275322,0.846276733654653,"ENSMUSG00000001751"
68.0534218044332,-0.0862731616932181,0.422589653418891,0.805219500815082,0.846276733654653,"ENSMUSG00000032484"
83.4382505660608,-0.0490545280621379,0.208608013579522,0.805597876528561,0.846579873087922,"ENSMUSG00000058246"
615.481606044953,-0.0288180429322638,0.119090762845485,0.805749039425991,0.846684065830242,"ENSMUSG00000021504"
1161.552357877,0.0366668957222485,0.150866069713071,0.806056807189439,0.846898128666475,"ENSMUSG00000001521"
848.111987375185,-0.0182914307616468,0.0751891994064329,0.80603425937651,0.846898128666475,"ENSMUSG00000006392"
1438.46220822822,-0.0186945541829482,0.0770992227270197,0.806214259552574,0.847008888408209,"ENSMUSG00000027247"
244.698832502458,-0.055147173390208,0.238700054152924,0.806293528526075,0.847037499667471,"ENSMUSG00000038260"
288.455547259028,-0.0435600748573085,0.184739387514814,0.806832483084151,0.847548990684293,"ENSMUSG00000054074"
55.0637543652252,0.0667499401678902,0.293598499317424,0.80717550461885,0.847851689315225,"ENSMUSG00000020420"
2881.6938385571,-0.0188625277155853,0.0779831687649517,0.807276897204612,0.847851689315225,"ENSMUSG00000026914"
1475.7117362668,-0.0230235478552099,0.09551466330186,0.80724606770479,0.847851689315225,"ENSMUSG00000028029"
105.9525522447,-0.0569639790267562,0.249032437939077,0.807899169575368,0.848450495635344,"ENSMUSG00000048080"
6311.99687063223,0.0196431221985928,0.0807054316293377,0.808017116461766,0.848519619493235,"ENSMUSG00000040268"
21.8040136800606,0.0777743951672214,0.359096002157241,0.808453018106682,0.848922605389019,"ENSMUSG00000082208"
2695.06966144272,0.0206609828577856,0.0904353994540641,0.808766703941274,0.84919721387835,"ENSMUSG00000054428"
1570.15362726823,0.020813412477598,0.0865801593395005,0.808873484093333,0.849254551991181,"ENSMUSG00000074513"
447.132183460071,-0.0290976312923456,0.123010998409025,0.80967476875652,0.849944725544598,"ENSMUSG00000020491"
475.199382286122,0.0226495147392321,0.0943714898545834,0.809614638198516,0.849944725544598,"ENSMUSG00000032370"
28.514824941156,0.0748064032250758,0.34369086473839,0.809687483660159,0.849944725544598,"ENSMUSG00000097487"
489.844032192149,0.0365631183038933,0.153649533221773,0.809824962381928,0.850034223475176,"ENSMUSG00000028884"
3882.26206362241,-0.0199627688184949,0.0841603783682192,0.810182584107391,0.850245123080401,"ENSMUSG00000026750"
683.281831594499,-0.028084174007951,0.118894310455277,0.810168238230793,0.850245123080401,"ENSMUSG00000052921"
141.576255083711,-0.0450665768824944,0.195164210927057,0.810152306945624,0.850245123080401,"ENSMUSG00000111585"
880.869814502367,0.0388479448855768,0.164720783926305,0.810621616765452,0.850596188855027,"ENSMUSG00000026276"
5496.2400193294,-0.017749884310831,0.0752810402289668,0.81060513571803,0.850596188855027,"ENSMUSG00000051695"
30.3435562314809,-0.071736524971276,0.335553330481338,0.81088339454556,0.85081603045073,"ENSMUSG00000068231"
42.0728839180597,-0.0633406210113184,0.289330318296847,0.811953111158889,0.85188351552977,"ENSMUSG00000111855"
149.067785264833,0.0517097103133536,0.225691837646867,0.812119701757035,0.852003383939225,"ENSMUSG00000037096"
275.473973456882,0.0360310258115616,0.154072793603819,0.812277032387347,0.852113522794434,"ENSMUSG00000103770"
207.60802577423,-0.0326924138169338,0.140817168587358,0.812352040148671,0.852137292791601,"ENSMUSG00000049287"
88.0679534513435,0.0424537487999832,0.183338335822363,0.812668174640746,0.852413979431798,"ENSMUSG00000053178"
493.385300852315,-0.0292918360983548,0.125925807597526,0.812851958862173,0.852551816131343,"ENSMUSG00000021177"
5417.50446511601,-0.0208031206211549,0.0928793992068944,0.813203624734234,0.852865704749943,"ENSMUSG00000033389"
708.561495981671,-0.028959299417226,0.127898612767655,0.813370673908642,0.852985944458503,"ENSMUSG00000027167"
2456.80078745198,-0.0222284579952737,0.0957155029190479,0.814006869815595,0.853598133534643,"ENSMUSG00000028138"
14.1673427653548,0.0910600586857862,0.502584193168271,0.814312030124264,0.853863129757973,"ENSMUSG00000022945"
2936.8495619172,-0.0212709727200341,0.0920210584943518,0.814386237522139,0.853885937158479,"ENSMUSG00000008036"
244.862363781538,0.03781040373487,0.163609516243667,0.814604265545788,0.854059528182039,"ENSMUSG00000074922"
2214.44428946959,-0.0221074670662725,0.0961158171786137,0.815776682925,0.855233647494889,"ENSMUSG00000020457"
716.550698861273,0.0265065013741283,0.114973412947696,0.815960596767962,0.855316285284879,"ENSMUSG00000057506"
15005.2578578806,0.0501127498636385,0.203823645045484,0.815959778412129,0.855316285284879,"ENSMUSG00000101939"
1913.22265886941,-0.0295816061738546,0.130394233367379,0.816268006613667,0.855583426378446,"ENSMUSG00000027646"
273.074870597368,-0.0344964700836916,0.152934207691851,0.816889389746228,0.856179607642077,"ENSMUSG00000046881"
16.9624658675874,0.0844574704810463,0.437803765221805,0.81712801184003,0.856374567134432,"ENSMUSG00000035211"
2253.91771237437,-0.0190537261783833,0.0834885936582769,0.817234137375249,0.856430650112297,"ENSMUSG00000001802"
47.3052604523242,-0.0741076913022625,0.369122619208308,0.817338864228383,0.856485260197607,"ENSMUSG00000116144"
19.6451449265963,0.0732296493458063,0.35418725343833,0.817787409798746,0.856900125954553,"ENSMUSG00000090121"
15.6547371368103,0.0787127141166594,0.39357777601158,0.81793262408817,0.856997119909065,"ENSMUSG00000096151"
12.5486951658176,0.0895949579323044,0.596272242010363,0.817991283281257,0.857003418243696,"ENSMUSG00000100801"
1372.56248315257,0.0226159133629858,0.0989891502032011,0.818709050114343,0.857700213525632,"ENSMUSG00000019362"
401.700076726339,-0.0403028261236379,0.182955414456946,0.818927419341781,0.857873771288083,"ENSMUSG00000113795"
204667.648533788,0.0241351107705487,0.11144726765074,0.819287080162144,0.858140086923582,"ENSMUSG00000064345"
90.5521175914022,0.0527358679423719,0.241044339182347,0.81927317803166,0.858140086923582,"ENSMUSG00000079173"
153.235497409814,0.0490141867448031,0.223159070307773,0.819954079831944,0.85878345846766,"ENSMUSG00000036964"
5649.61493627278,-0.019160872173031,0.0856221199215278,0.820695700559049,0.859504896976143,"ENSMUSG00000004936"
40.205538746072,-0.0733804814408502,0.380404847771217,0.821700763233472,0.860502124544162,"ENSMUSG00000054580"
161.661717597711,-0.0388170567398499,0.178242462693517,0.821826317600331,0.86057824367309,"ENSMUSG00000111917"
305.301672164009,0.0430968197187718,0.196996632418316,0.822285768905503,0.861003971841231,"ENSMUSG00000030528"
77.2428158330247,-0.0493347212456744,0.233123075403687,0.822981773561851,0.861677321029125,"ENSMUSG00000028307"
30.3406040930749,0.0597684452765283,0.286203342604655,0.823092617172104,0.861737948438867,"ENSMUSG00000043331"
3175.44708760506,-0.033448500894504,0.12380075343626,0.82326416361526,0.861862116877561,"ENSMUSG00000053644"
410.610232844114,0.0267496089269925,0.120844187860428,0.823601301641775,0.862159613384232,"ENSMUSG00000027160"
264.052135214218,-0.0728001845442008,0.667759438878966,0.823703249449854,0.862210886408895,"ENSMUSG00000068964"
2950.93489537019,-0.0202838700853297,0.0923109236091259,0.823840403278395,0.862299002351191,"ENSMUSG00000028646"
2567.96974591043,-0.0155252070399078,0.070786968397572,0.824000461491329,0.862411079030145,"ENSMUSG00000070939"
2322.84338588611,-0.0212033295555834,0.0967017513957413,0.82409989073544,0.862459690201331,"ENSMUSG00000027933"
386.73593621786,0.0323933728602239,0.147926700435175,0.824163373104523,0.862470677428185,"ENSMUSG00000006678"
34.7767115639779,0.0686994563429377,0.345900297826947,0.826220466778592,0.864567803948439,"ENSMUSG00000083397"
119.164553455383,0.0457774036791842,0.216227553465575,0.826700302004239,0.865014303273446,"ENSMUSG00000078868"
16.0382276550143,-0.0716233397591778,0.378571959952203,0.827171557962907,0.865451768898329,"ENSMUSG00000090751"
2197.43486153519,0.0176361966791587,0.0807154860335754,0.827583155509613,0.865796342985194,"ENSMUSG00000031820"
172.879436954553,-0.0341300974049114,0.161244059040489,0.827622391679322,0.865796342985194,"ENSMUSG00000032122"
33.1053800906462,-0.063319329498122,0.322837054322698,0.827660455411759,0.865796342985194,"ENSMUSG00000108162"
80.1294281722678,0.0548463711047774,0.265931701723802,0.827900891015419,0.865992205625819,"ENSMUSG00000094628"
5457.30984381445,-0.0203022592251798,0.108719067326776,0.828103530660534,0.866148510704374,"ENSMUSG00000074884"
70.2800712689334,0.0583747591850379,0.2875208422985,0.828263453433738,0.866260119184939,"ENSMUSG00000043943"
1020.48143314158,-0.0215139372644396,0.10111756017256,0.828646165853549,0.866503225134689,"ENSMUSG00000032513"
529.055149198757,0.0290569474897211,0.135580985072526,0.828655590715795,0.866503225134689,"ENSMUSG00000036968"
606.418830693824,-0.0246609301084363,0.115823175365406,0.828567558712139,0.866503225134689,"ENSMUSG00000109946"
89.4783522286209,0.0459120732000566,0.219864028476609,0.828845062476303,0.866645678763441,"ENSMUSG00000040212"
1145.77671810417,-0.0184313469404138,0.0864975184641451,0.828904042458378,0.866651679821278,"ENSMUSG00000000378"
243.052857607977,0.0402356374216285,0.190235503529535,0.829048426570617,0.866746967740302,"ENSMUSG00000015027"
469.01426226406,0.0237772436737795,0.111074174664554,0.829482218923696,0.867144792218863,"ENSMUSG00000036977"
3503.28409511352,-0.0314370791600836,0.150624192409684,0.829644656197589,0.867258907884944,"ENSMUSG00000042625"
31.3697491152756,0.0652108758719608,0.332377530647298,0.829763509776191,0.867327452137471,"ENSMUSG00000062382"
241.59325969506,0.0381637677300296,0.181914476771812,0.83019898231628,0.867726918848363,"ENSMUSG00000054555"
325.388535626768,0.0314246126983218,0.148759477676417,0.830434746820487,0.867917612118388,"ENSMUSG00000031371"
1174.86266091107,-0.0212117948182729,0.100973500174429,0.830617693212099,0.868053082312952,"ENSMUSG00000006315"
3552.20734779269,-0.0256281212160157,0.12323982968915,0.830956748253898,0.868351669004105,"ENSMUSG00000008668"
353.199274875939,-0.0375611687658584,0.182953285606321,0.831112525412316,0.868458703855545,"ENSMUSG00000043614"
319.115827200645,-0.0357173553534008,0.173213154091921,0.831285837517977,0.868584046672933,"ENSMUSG00000023972"
18.5299512005815,-0.0679159698897419,0.365839706862441,0.831843669485545,0.869111120146708,"ENSMUSG00000059134"
1842.30711212,0.0179459518945698,0.0848379987370657,0.832236054707644,0.869324935273437,"ENSMUSG00000003623"
9282.75091487083,0.0290095750271402,0.137297546719209,0.83226193582143,0.869324935273437,"ENSMUSG00000009575"
1081.85202976351,-0.0155085191817328,0.0737180419436645,0.832167007312025,0.869324935273437,"ENSMUSG00000031016"
1756.85848246305,-0.0231046805288395,0.110842700656351,0.832181399559648,0.869324935273437,"ENSMUSG00000043456"
1906.05605218182,-0.0172712932887371,0.0829295858255975,0.83307037006656,0.870006876117794,"ENSMUSG00000015536"
1708.72259346629,0.016331605186913,0.0774122725177447,0.833075143018065,0.870006876117794,"ENSMUSG00000028670"
2308.38728651564,0.0171563656437062,0.0818490356208227,0.832976390249302,0.870006876117794,"ENSMUSG00000028869"
105.551727967446,0.0588970521174657,0.302865889204476,0.833244914987885,0.870128350408827,"ENSMUSG00000026639"
1995.67468349748,0.0341845184815078,0.165428201427358,0.833374288496039,0.870207625129164,"ENSMUSG00000026014"
1320.80888654648,-0.0210957225764828,0.101878045168913,0.833631866004509,0.870337831151502,"ENSMUSG00000005774"
431.288099186488,0.0407855375768851,0.199208042487082,0.833653253718668,0.870337831151502,"ENSMUSG00000029602"
200.997829235519,-0.0442289164102978,0.221723013678727,0.833659384648865,0.870337831151502,"ENSMUSG00000040732"
7725.48386177465,0.0247621724947972,0.118479567521424,0.833923107900965,0.870501497397198,"ENSMUSG00000034636"
1714.44620783355,0.0164974313454572,0.0782742801549913,0.833873077271729,0.870501497397198,"ENSMUSG00000084786"
398.717514121856,-0.0319280411773418,0.157582794981587,0.834938348597598,0.87150538239639,"ENSMUSG00000041134"
308.336062791496,-0.0388634133543581,0.195147634292958,0.835667688886361,0.872210736066439,"ENSMUSG00000103255"
1823.94904501678,-0.0221447509389067,0.114202146257973,0.835979574349372,0.87248031744945,"ENSMUSG00000021144"
425.296476815077,0.0275913227374239,0.134344098185313,0.836279202161446,0.872737072239007,"ENSMUSG00000072692"
48.642601079569,-0.0696439413779029,0.399019032754862,0.836385335189562,0.872791876800801,"ENSMUSG00000100254"
309.074482617105,0.0259974311031094,0.126242766939357,0.836505823345405,0.872861653360032,"ENSMUSG00000068950"
2109.76965793655,0.0178535811079627,0.086830696722391,0.837144367587584,0.873415973310518,"ENSMUSG00000038374"
2989.77630351212,-0.032539539014688,0.165666356584387,0.837133840258853,0.873415973310518,"ENSMUSG00000060671"
7245.90116874292,-0.0261108289648097,0.130134784931231,0.837256540941343,0.873477021947266,"ENSMUSG00000062328"
632.871558604515,-0.0227729790969251,0.112899587092221,0.837549932016089,0.873727108008068,"ENSMUSG00000002343"
15.5483888647086,0.0739319042444744,0.427306242091424,0.837675985244516,0.873802607357272,"ENSMUSG00000083816"
24.7172288807762,-0.0692999933337917,0.402464826921127,0.838208013238914,0.874199178034196,"ENSMUSG00000000154"
13583.4845591719,-0.0179584731391153,0.0830940401666419,0.838153142192572,0.874199178034196,"ENSMUSG00000026234"
11.9237645803695,-0.077867089859815,0.531710300667094,0.838217273053061,0.874199178034196,"ENSMUSG00000084088"
52.7887565102873,0.0515431301643546,0.266843285149696,0.838415552576758,0.874349949698538,"ENSMUSG00000026922"
2453.30241024956,-0.0127842140971984,0.0633380797713461,0.838691966842077,0.874582180413538,"ENSMUSG00000026618"
7088.09640404262,-0.0168186072871854,0.0848361068113472,0.840614398153693,0.876530726612376,"ENSMUSG00000040459"
4485.82840214241,-0.0148786277574182,0.0750455780160387,0.841055330380841,0.876934324105773,"ENSMUSG00000024259"
83.6083677690097,0.0406367324001359,0.208889246748702,0.841310325379357,0.877144013099672,"ENSMUSG00000036867"
2061.01720629806,0.0188192611665851,0.0944069996387615,0.841777067376223,0.877574426972598,"ENSMUSG00000003344"
31.5647042254378,0.0607681086855405,0.337527482708608,0.842914657593814,0.878704117599238,"ENSMUSG00000070855"
167.992059182221,0.0362951764923799,0.187431353433272,0.843094146040416,0.878834945520356,"ENSMUSG00000071637"
439.383088206707,-0.0289665165596564,0.150652222658394,0.84322058453582,0.878910461360958,"ENSMUSG00000073565"
4269.07238300184,0.0124879977901358,0.104055700428576,0.843743178950376,0.8793988645764,"ENSMUSG00000058600"
83.5833029823129,-0.0474062917278889,0.257802978021218,0.84384595271028,0.87944967143978,"ENSMUSG00000112855"
29.8069252872177,-0.0576430254156341,0.326724052943274,0.844262498815338,0.879827461953654,"ENSMUSG00000051220"
2202.82813578774,-0.0218628964602661,0.111439065171997,0.844570425744085,0.880092016533014,"ENSMUSG00000022337"
74.1718309493484,0.0459801287093994,0.24548512818502,0.844663866115028,0.880133043952146,"ENSMUSG00000004651"
167.970914219645,-0.0480090898495458,0.263614831016461,0.844776171406716,0.880193721958557,"ENSMUSG00000026222"
1804.74158134581,0.0191113307732164,0.0978914930644989,0.844888893969009,0.880254826934686,"ENSMUSG00000028218"
17.88046125901,-0.071540678105122,0.463917179323614,0.845048520195277,0.880364787951278,"ENSMUSG00000047671"
2090.84139205838,-0.0195934522521813,0.101256439601297,0.845189064925376,0.880454857215875,"ENSMUSG00000038533"
920.183206428764,-0.0255798847372419,0.134630185802179,0.845370285826429,0.880587285639125,"ENSMUSG00000030067"
25.4817125149509,-0.0612313228045477,0.359051294170982,0.84543034560789,0.880593496660176,"ENSMUSG00000074365"
1742.83931253664,0.0264022791304756,0.136458660966023,0.845820433617183,0.880830722181594,"ENSMUSG00000001855"
4584.12540363578,-0.0181234649141747,0.0923851317353721,0.845803191582454,0.880830722181594,"ENSMUSG00000006299"
103.421752043166,-0.0377273300637383,0.202643691763371,0.845795854719743,0.880830722181594,"ENSMUSG00000047757"
281.719341134416,0.029883605962865,0.156132835124542,0.845877722170673,0.88083403029006,"ENSMUSG00000074282"
2405.55376361358,0.0228216783942824,0.118272211812765,0.846358863865421,0.881230187147128,"ENSMUSG00000036057"
1854.08715945206,-0.0327055152559983,0.176664117444475,0.846366429896683,0.881230187147128,"ENSMUSG00000038916"
2802.16769338319,-0.0178363340411615,0.0936470810513457,0.846824103106834,0.88165031981919,"ENSMUSG00000006010"
19817.9139945109,-0.0151892654076034,0.0800300580493213,0.846878588334221,0.881650656235895,"ENSMUSG00000006273"
6019.20822619088,0.0176751731704735,0.0937865083207708,0.847113818587444,0.881839146829086,"ENSMUSG00000091264"
684.306751556197,-0.0210262298896661,0.112367008243343,0.847429048130853,0.882110886652643,"ENSMUSG00000004462"
2984.66840812011,0.0206838276091272,0.102523564810316,0.847920767002023,0.882509862228831,"ENSMUSG00000017314"
11.6578344621528,0.0706088429996275,0.443382207842365,0.847894841382569,0.882509862228831,"ENSMUSG00000066372"
73.0584706309713,-0.0587558647456365,0.347678417537179,0.848103425718981,0.882643537104634,"ENSMUSG00000048572"
55.6657762376258,-0.0593237544457388,0.355556349162988,0.848799762598946,0.883311759083598,"ENSMUSG00000046637"
985.795522100709,0.0329476012776977,0.175398758085675,0.848865619753572,0.883323822690574,"ENSMUSG00000025817"
157.645038235594,0.0366581551321079,0.197591851207136,0.849229525190777,0.883638235468785,"ENSMUSG00000020357"
1334.7514725027,0.0181929954787508,0.0958871750210403,0.849276335785056,0.883638235468785,"ENSMUSG00000025474"
218.147187743157,0.0274544994982515,0.146238646415636,0.849367020483654,0.883676106316817,"ENSMUSG00000033467"
780.445247557071,0.0218482689346071,0.11562164235697,0.849618466898879,0.88388121711382,"ENSMUSG00000066877"
1241.86782518003,0.0192301947007732,0.101531272774254,0.849903540690002,0.883941217314502,"ENSMUSG00000014418"
115.129795290988,-0.0426112672507121,0.239789032451584,0.850056260955966,0.883941217314502,"ENSMUSG00000018604"
593.519108677611,0.0338852675579643,0.182682968163775,0.849788106638659,0.883941217314502,"ENSMUSG00000021222"
54.3401260644935,0.0541950066704031,0.310454356998355,0.849787493031728,0.883941217314502,"ENSMUSG00000024795"
38.5605648101673,-0.0625819719988895,0.388089475013906,0.850010476188455,0.883941217314502,"ENSMUSG00000031304"
18.8987780130341,0.0628083662306674,0.376178192551582,0.850009768284455,0.883941217314502,"ENSMUSG00000068240"
562.900184772136,0.0349533906026908,0.186660627738723,0.849894911496696,0.883941217314502,"ENSMUSG00000070822"
94.6125019754872,-0.038837262827768,0.215860260697318,0.850200553372621,0.883993284789058,"ENSMUSG00000042501"
116.44633936783,-0.0337784772517527,0.185399136529929,0.850214944505313,0.883993284789058,"ENSMUSG00000049280"
3645.87787191651,-0.0161577299622574,0.0934132911816039,0.85049623467057,0.884229271761355,"ENSMUSG00000022761"
784.706703829308,0.0159431469315896,0.0854346632502112,0.851483087728899,0.885198729215163,"ENSMUSG00000060038"
12.4700401983755,-0.0644857748882602,0.410489630455941,0.851851063856385,0.88550546323538,"ENSMUSG00000020712"
3696.74397947852,0.0216688023826404,0.114362376908427,0.851886936617893,0.88550546323538,"ENSMUSG00000021704"
21.2036173478076,-0.0604528131455116,0.375512508339125,0.852190875253153,0.885764834133888,"ENSMUSG00000107584"
277.941332439295,0.0335847267306327,0.184258188675647,0.852583122867826,0.886115954159269,"ENSMUSG00000041147"
55.6616458340939,0.0501527133187963,0.289583207972803,0.852900693450233,0.886389420161073,"ENSMUSG00000052821"
125.060895872299,-0.0474553090156481,0.278482772404073,0.853186659873794,0.886630008262617,"ENSMUSG00000030125"
3708.33816412339,0.0171003206575967,0.0934682270447888,0.853362932616379,0.886756579452883,"ENSMUSG00000027332"
40.0200789141856,-0.0586475638105611,0.368550571210069,0.853652875488294,0.887001245193314,"ENSMUSG00000061462"
614.885294648327,-0.0214488412376692,0.118902820502377,0.85419408837526,0.887506949037626,"ENSMUSG00000046182"
19031.118428114,0.0153619219577851,0.079487032705489,0.854777072338335,0.888055985672927,"ENSMUSG00000024425"
4283.15950128897,-0.0145275880164756,0.0797784032283425,0.855240592702482,0.8884808454918,"ENSMUSG00000029407"
3145.23010853974,0.0152237904752263,0.0811430134462556,0.855891717640123,0.889100534763619,"ENSMUSG00000029062"
9.516407949405,-0.0671819712137002,0.480629781491908,0.856245415892193,0.889411197746993,"ENSMUSG00000001349"
5103.31374556975,0.0115994408458324,0.0629593591630176,0.856442039626177,0.889558672858276,"ENSMUSG00000071650"
12534.3488176403,-0.0180777818576969,0.112438279598284,0.856865781383045,0.889942014250827,"ENSMUSG00000031840"
388.662878768185,-0.0223638120453869,0.126463950884035,0.85692714084771,0.889948959979521,"ENSMUSG00000036781"
1102.55524041954,0.0207114584643919,0.115010779630718,0.856996498786247,0.889964210988359,"ENSMUSG00000045752"
357.982282875308,0.031179885578172,0.176338546957567,0.85722419129821,0.890143875092643,"ENSMUSG00000044345"
52.7904782458802,-0.0485662029802096,0.297269051429652,0.857860596860301,0.890747897920009,"ENSMUSG00000002847"
2664.81218170363,0.0114027410424235,0.0612111039202487,0.858132035869768,0.890908904848196,"ENSMUSG00000028944"
843.51271989785,-0.01727741840905,0.0980128030598205,0.858147029656083,0.890908904848196,"ENSMUSG00000031388"
22.3050483053939,0.0530422985277699,0.323678646939189,0.85817985182576,0.890908904848196,"ENSMUSG00000099615"
643.72409778602,-0.0156798174988447,0.0888933511071458,0.858340080270303,0.891018418891651,"ENSMUSG00000059669"
1777.83633633613,-0.0255300449389208,0.147483803361684,0.858564101388879,0.891194136105609,"ENSMUSG00000034616"
3983.33204317123,-0.0221075762188333,0.120408455758296,0.858935750029501,0.891523059298618,"ENSMUSG00000036966"
600.452896572189,-0.0245252439974025,0.142022870258461,0.859121692163128,0.891659200779865,"ENSMUSG00000034617"
180.435537881471,-0.0321078918200891,0.188453724029383,0.859267153989352,0.891753314162491,"ENSMUSG00000040904"
2199.54549158771,0.0171171446437998,0.0967561538084719,0.85934883504541,0.891781227646895,"ENSMUSG00000040520"
945.580620904775,0.0193269775537973,0.109269431515742,0.859476248881629,0.891856593312625,"ENSMUSG00000038880"
18.2575478389962,-0.0561408997103196,0.36361988193897,0.859853360564778,0.892191037944509,"ENSMUSG00000062987"
20354.3521198673,-0.022041643361848,0.129795840936459,0.860136696073079,0.892428143200814,"ENSMUSG00000096887"
116.308790677325,-0.030243116199233,0.17800880474338,0.860238248475129,0.892476622605363,"ENSMUSG00000040749"
2006.30601970163,0.0137261460656986,0.0782193239218103,0.860402201007838,0.892589830348963,"ENSMUSG00000018574"
88.4076277454848,-0.0353804964430919,0.211431763471364,0.860582909848646,0.892699188444197,"ENSMUSG00000035021"
61.0712146083413,-0.0413913118268533,0.252066916601035,0.860617297226612,0.892699188444197,"ENSMUSG00000042340"
824.26880369779,0.0281710545736596,0.163009144675263,0.861352124143386,0.893404477940999,"ENSMUSG00000026814"
540.371105476746,-0.0336576584539463,0.203116830291158,0.862054459088467,0.894075978658303,"ENSMUSG00000106631"
5475.75571336921,-0.016709576800759,0.0977186322932357,0.862217730291166,0.894188341850127,"ENSMUSG00000054942"
643.087795378041,-0.0175093007577056,0.102656307230594,0.862326807944641,0.894244491286416,"ENSMUSG00000063179"
53.8745794838294,0.0392678473374844,0.235327698141023,0.862634269754381,0.894506347500434,"ENSMUSG00000052909"
190.590819776894,-0.0269588255259596,0.161350188187982,0.862946488371781,0.894773102599902,"ENSMUSG00000086477"
4502.63684002196,-0.0246011178393353,0.147093609438044,0.863084162988978,0.894858853830228,"ENSMUSG00000031467"
5563.13715629466,0.0195958016698003,0.113894695638808,0.863165943903649,0.894886646383262,"ENSMUSG00000061477"
22.9358959364909,0.0579123418274059,0.381796862483615,0.863475012566088,0.895139005445655,"ENSMUSG00000026589"
3333.99573201369,-0.016558560137419,0.0972867866960969,0.863528400877218,0.895139005445655,"ENSMUSG00000029227"
176.113660466367,0.030871410148717,0.183470692517603,0.863574329863532,0.895139005445655,"ENSMUSG00000078768"
648.726266734589,-0.0177738336830329,0.105415403838411,0.863967933419675,0.895489972633268,"ENSMUSG00000031848"
352.608396834041,0.0214413634256137,0.126984376004067,0.864173106908034,0.895645602588118,"ENSMUSG00000073973"
764.169197393913,-0.0283507192337605,0.171991986680082,0.864594409931479,0.896025199265589,"ENSMUSG00000049001"
275.237227062101,0.0228111404690219,0.135109069455786,0.864718078485184,0.896096312807602,"ENSMUSG00000042659"
413.182031809476,-0.0270911659747456,0.165237773901605,0.865210857143314,0.896549897038568,"ENSMUSG00000061517"
615.807641414615,-0.0232885456943247,0.141354595912925,0.865432957723409,0.896722958995649,"ENSMUSG00000042569"
96.2198521560708,0.0375412360147232,0.231029312653042,0.86553964598728,0.896776421448726,"ENSMUSG00000112522"
420.89231134423,0.0384342154707875,0.235199875772777,0.865685463846869,0.896870416274143,"ENSMUSG00000025492"
31.9020207855408,-0.0511625309239588,0.342937507757389,0.866289688139578,0.897409404451257,"ENSMUSG00000029699"
2955.76149749963,-0.0265788686186707,0.125004660062179,0.866315971344579,0.897409404451257,"ENSMUSG00000032127"
616.358638382388,-0.0170150143138089,0.102447943720335,0.866720279172246,0.897771091591843,"ENSMUSG00000047221"
37.2456666435562,0.0464162136693698,0.296823327422049,0.866901553285107,0.897901723363132,"ENSMUSG00000051003"
19.6061311879212,0.0556801393179412,0.376285366272157,0.86722387565464,0.89817842132126,"ENSMUSG00000045004"
1265.6991391285,0.0142397243070985,0.0841275366198154,0.867352398773535,0.898213421353134,"ENSMUSG00000070697"
56.2982366135679,-0.0453456737946131,0.709007688584527,0.867368028642948,0.898213421353134,"ENSMUSG00000106964"
10.961488758202,0.0600184462184015,0.424866022540005,0.867511487441911,0.898292738560781,"ENSMUSG00000035352"
409.440014026471,0.0200902169081017,0.120884621063239,0.867554990964125,0.898292738560781,"ENSMUSG00000040875"
532.040157804227,-0.018111715011109,0.111211963505319,0.867850077796149,0.898541124943755,"ENSMUSG00000047777"
9.91994818189269,-0.0606327368350256,0.456565530738854,0.868129330933645,0.898773087129547,"ENSMUSG00000050772"
8506.19362095232,0.0181622288627757,0.109173176691761,0.868624540743406,0.899228585234111,"ENSMUSG00000017404"
45.7917316189564,0.042017360041926,0.268427216043085,0.868717454998838,0.899267582351103,"ENSMUSG00000092300"
2314.21833109212,-0.0260169413682084,0.164378289829136,0.869294082901408,0.899807267039878,"ENSMUSG00000015597"
771.782616657163,0.0251863391220066,0.154808369835601,0.869351680015007,0.899809667914051,"ENSMUSG00000030094"
115.414361750259,-0.0264932752279885,0.166615796044681,0.869436837768341,0.899840592903932,"ENSMUSG00000098905"
289.40678029844,0.0326445685616918,0.203864492660872,0.869693766357411,0.899992061587155,"ENSMUSG00000040296"
2804.59568637777,0.0312302261648848,0.193920924801554,0.869678411967966,0.899992061587155,"ENSMUSG00000059824"
1628.90772090945,0.0152446011348369,0.0931410010119415,0.869928318291963,0.900177558016437,"ENSMUSG00000026843"
2817.01342684027,-0.0156751829934501,0.0972934690629467,0.869984721887525,0.900178699649449,"ENSMUSG00000062997"
1086.69020154144,-0.0186721910589409,0.116725054037371,0.870304749421272,0.900452597157533,"ENSMUSG00000022394"
8138.80445711923,-0.0135031871612188,0.0738175712636319,0.87057623900238,0.90061900339884,"ENSMUSG00000056692"
512.119929084847,-0.0154699796804958,0.0962547192960477,0.870525316936636,0.90061900339884,"ENSMUSG00000072258"
20.7035154060151,0.0585643854846569,0.431489715644402,0.871409243591169,0.901423466394068,"ENSMUSG00000044156"
52.6624311441542,0.0537681477317055,0.374600125482412,0.871680514842394,0.901646782779722,"ENSMUSG00000034467"
8163.87564193608,-0.0109958660605093,0.0691171457162641,0.871791868066386,0.901704665674459,"ENSMUSG00000000605"
2329.8436394503,-0.0126445914854263,0.0792386361792316,0.871931527848429,0.901791817162255,"ENSMUSG00000026568"
2354.17787202837,0.0147326596637219,0.0915056314593975,0.872181502689306,0.901993043251367,"ENSMUSG00000029176"
365.643023823882,0.0259254751785763,0.163369663480787,0.872282041053077,0.902039709310844,"ENSMUSG00000048755"
6883.5425161804,-0.0166342620293389,0.107960642043291,0.872436891503388,0.902085226443,"ENSMUSG00000027763"
1157.52361202767,-0.0186375736974633,0.120763368468743,0.872427852914976,0.902085226443,"ENSMUSG00000052253"
220.972305443719,0.0203876457057649,0.128068254494226,0.872693353811876,0.902293090278818,"ENSMUSG00000053897"
15.8089244121416,0.0549359547484099,0.394313661839256,0.872869536604399,0.902417930571381,"ENSMUSG00000062826"
45.2409159625558,0.0432687019074045,0.289206269158077,0.87328006539676,0.90278501870497,"ENSMUSG00000039616"
2490.15642340188,0.0153272369377497,0.103786110484115,0.874036739133318,0.903452504420381,"ENSMUSG00000026511"
24.1601106674063,-0.0501934447415609,0.363645420148037,0.873999403197123,0.903452504420381,"ENSMUSG00000031493"
2179.73409255992,-0.011594547652096,0.074213850646063,0.874308270373723,0.903675790535492,"ENSMUSG00000025173"
970.1700960961,0.0193811567556222,0.127757021459127,0.8751944605994,0.904485355011671,"ENSMUSG00000021013"
112.60303766344,0.0294776795656843,0.192098263909073,0.875202655534392,0.904485355011671,"ENSMUSG00000071451"
45.5806553861809,-0.0493685681327095,0.365106999521042,0.875817223621061,0.904984018737128,"ENSMUSG00000025494"
1182.39433142784,-0.0151806816181226,0.0994166332038099,0.875851961615967,0.904984018737128,"ENSMUSG00000037152"
90.1719904238473,0.0377504929044586,0.7428264252896,0.875761300505484,0.904984018737128,"ENSMUSG00000083287"
566.346352176137,-0.0184386669195948,0.119440468420172,0.87629157335181,0.905380782673485,"ENSMUSG00000002409"
47.0314326947224,0.038897560096316,0.738062579897799,0.876680149276623,0.905724769606808,"ENSMUSG00000107176"
689.937905634585,0.0181364287408719,0.117898470974832,0.877112080679378,0.906113501891154,"ENSMUSG00000026709"
101.62055619181,0.0340701080701103,0.228291775003169,0.87739721191358,0.906350540394038,"ENSMUSG00000037580"
2349.01833243674,-0.0158840812069464,0.104774723670149,0.877636995337532,0.906503452255684,"ENSMUSG00000028798"
1318.08060010286,0.0227445774698675,0.148581867742641,0.877656616755718,0.906503452255684,"ENSMUSG00000052397"
3500.52217018246,-0.0165699884248849,0.110429249832833,0.87855111953693,0.907317659350142,"ENSMUSG00000003161"
40.7267220676988,-0.0413201587677147,0.295081944216634,0.878556391858763,0.907317659350142,"ENSMUSG00000035200"
1195.48171050099,0.0204043474811751,0.127588866243552,0.878980456751758,0.907698019095674,"ENSMUSG00000075012"
68.8873345748095,-0.0398655402059094,0.286795253005261,0.879260293139875,0.907756646903716,"ENSMUSG00000001249"
1153.20509811395,-0.0133573963623149,0.0889956685498268,0.879138126244406,0.907756646903716,"ENSMUSG00000021022"
10140.4548398422,0.0137541817373027,0.0900253377029808,0.879215915503953,0.907756646903716,"ENSMUSG00000024587"
467.508845826562,-0.0236710776018648,0.160808399497545,0.879149322997879,0.907756646903716,"ENSMUSG00000104377"
247.157063874144,-0.0183452171318846,0.123186660903075,0.879392576984924,0.907811223604575,"ENSMUSG00000028840"
281.699537822569,-0.0198586498253872,0.133664177637265,0.879424694988361,0.907811223604575,"ENSMUSG00000115020"
3355.88921986361,-0.0136707152392208,0.0916655081218469,0.879557298744389,0.907890533225185,"ENSMUSG00000021693"
51.7745966650511,-0.0387248272383209,0.277084145849063,0.879616432884498,0.907894001299465,"ENSMUSG00000094898"
813.440980842109,0.0131476544337606,0.0861863646077436,0.879713004232215,0.907936107208471,"ENSMUSG00000024645"
1037.2626102877,0.0121390008559712,0.0799203754937116,0.879955945991216,0.908129264492805,"ENSMUSG00000116564"
105.111134264237,-0.0367877140974612,0.262340645150575,0.880020559332341,0.908138371041705,"ENSMUSG00000111472"
1493.04277770519,-0.0263749425754826,0.184082916993217,0.880154827996709,0.908161783096502,"ENSMUSG00000014361"
11.9201408246852,-0.0558336668613371,0.499982983018362,0.880129101126653,0.908161783096502,"ENSMUSG00000026715"
15.9290100843253,0.058611047903537,0.497555349831771,0.88029224457952,0.908188436890951,"ENSMUSG00000020908"
17.1740535913913,0.0511344310824368,0.386323110865307,0.880288901755915,0.908188436890951,"ENSMUSG00000095307"
529.921814362793,0.0282418035535994,0.191843807963706,0.880549038221412,0.90839579467445,"ENSMUSG00000032782"
4459.58178462253,-0.010230073433736,0.0688421895039399,0.880834875718233,0.90863308662493,"ENSMUSG00000038612"
1939.04715872068,0.0142950667865109,0.095530166620668,0.881077765653542,0.90882604836882,"ENSMUSG00000009555"
194.845079171731,0.0258706490676059,0.176260287960542,0.881468097817219,0.909171061732904,"ENSMUSG00000043510"
2713.03622443479,-0.0224374748147326,0.155962097095002,0.881591105753394,0.909228928068456,"ENSMUSG00000031647"
1259.6463310816,0.013377360795332,0.0898484933752631,0.881635913541744,0.909228928068456,"ENSMUSG00000045969"
37.0168202453607,0.0470890049365213,0.349478628028047,0.881698116598181,0.909235473043091,"ENSMUSG00000091957"
8.87748890460307,-0.0560309408456568,0.516809706339835,0.881942952495619,0.909430342121101,"ENSMUSG00000022286"
46.6072603839467,-0.0524188875000365,0.438011927373485,0.882009363182514,0.909441212002595,"ENSMUSG00000028037"
2815.93582727285,-0.0172953993112652,0.131523918319792,0.88218378082368,0.909563439590059,"ENSMUSG00000009739"
2443.61481452096,-0.0136138295248245,0.0935254323794052,0.88247614803816,0.909807254276089,"ENSMUSG00000039768"
805.938732025026,0.0180942152013081,0.123060966214625,0.882656347509096,0.909935403720904,"ENSMUSG00000053134"
18.6210107274976,0.0468321716927512,0.353270900658119,0.883098288148488,0.910333350293273,"ENSMUSG00000075113"
3108.95612439302,0.0126818389896754,0.0864930378463684,0.883581954419162,0.910774256207897,"ENSMUSG00000013858"
60.4298100300047,0.039396055564025,0.286804524787427,0.884170793776764,0.911323509219158,"ENSMUSG00000053861"
546.367590071242,0.0587505613315268,0.530681271808454,0.884261645638317,0.911359444580253,"ENSMUSG00000116875"
2134.76606789954,0.0138814854348294,0.0954669493075004,0.884468843871609,0.911515279553153,"ENSMUSG00000050910"
2465.31383262566,-0.0152355811329437,0.10690696449341,0.884579046410158,0.911571139368483,"ENSMUSG00000036473"
1255.81808168926,-0.0160585854837751,0.112985681435268,0.884870336784117,0.911813593857812,"ENSMUSG00000029408"
1722.49187178863,0.00986473596226631,0.0681584931233559,0.885131905211213,0.912025392646419,"ENSMUSG00000024947"
1272.25033189377,-0.0157818501820064,0.112197081274538,0.885511009893915,0.912358264387185,"ENSMUSG00000049536"
303.849979444384,0.0269498905674922,0.191108403575692,0.885616909550999,0.912409623650073,"ENSMUSG00000038225"
2293.18611672062,0.0103204538967598,0.0716797970752668,0.885716062474164,0.912422219855844,"ENSMUSG00000006276"
75.6377071366815,0.0332335672456029,0.240720260259547,0.88575965695001,0.912422219855844,"ENSMUSG00000043556"
1499.37442173865,-0.0258305401072509,0.187990226728194,0.885797293302734,0.912422219855844,"ENSMUSG00000044167"
24.0670800183689,-0.0409469463018728,0.317088921160215,0.885934575554079,0.912448150640259,"ENSMUSG00000042333"
31.2570170213812,-0.0387789855700642,0.2958059944935,0.885931069615666,0.912448150640259,"ENSMUSG00000114378"
41.0659685067502,-0.0384247831019114,0.292949513205188,0.886134074579229,0.912595879159857,"ENSMUSG00000096630"
307.774307021937,0.0189954751742113,0.133923297333086,0.886500932551986,0.912915934717608,"ENSMUSG00000022787"
450.594901203776,0.0217710105611697,0.154341005114515,0.886724841403659,0.913088750529401,"ENSMUSG00000052566"
25.8594497802537,0.0481675087299334,0.384868053109263,0.886821050510794,0.913130056310627,"ENSMUSG00000031492"
415.364785243045,-0.0263339109382518,0.193612659586855,0.887089788895446,0.913348993272616,"ENSMUSG00000020241"
282.515758208587,0.0183427602194294,0.130479107422601,0.887478053657113,0.91369095929609,"ENSMUSG00000002396"
726.854464359617,-0.0135454490776273,0.0975646612017988,0.887660458541398,0.913820955232537,"ENSMUSG00000022570"
47.0336174797963,-0.0485008676949379,0.642601238879583,0.887757799733948,0.913863369636957,"ENSMUSG00000108852"
2441.49518338307,-0.0115918846490005,0.0863088838173956,0.888168421094122,0.914228250826491,"ENSMUSG00000016554"
1141.70806168681,-0.0125902011700108,0.0917292655305197,0.888277942145976,0.914244989897399,"ENSMUSG00000027615"
4854.79456840421,-0.019378821349817,0.143763508893744,0.888297011931273,0.914244989897399,"ENSMUSG00000045128"
61.5147326770456,-0.0371819203591044,0.291067527522378,0.888471604686742,0.91436686989257,"ENSMUSG00000022584"
1882.19179164921,0.0128085180948233,0.0910957493767057,0.888572403528381,0.914412794578012,"ENSMUSG00000074247"
1439.32726582935,-0.0212513783360707,0.157928821753489,0.888750985486266,0.914538753508151,"ENSMUSG00000022672"
28.7413721411393,0.0487196389829638,0.399219924292916,0.888964972722915,0.914701126800481,"ENSMUSG00000024430"
19.6551597115123,-0.0455290898013577,0.379935663677007,0.88905257875649,0.91473344775919,"ENSMUSG00000027107"
14.9087253995673,0.05109175840164,0.434152451951911,0.889135765818833,0.914761218303563,"ENSMUSG00000081965"
12.0789864414051,0.0511227121064151,0.439004428427567,0.889422111068771,0.914979314977394,"ENSMUSG00000031506"
57.4011448674796,-0.0402648787788917,0.325361149403607,0.889516381589708,0.914979314977394,"ENSMUSG00000036923"
9.86019033183599,-0.0510839717685273,0.47145538842999,0.889510813049245,0.914979314977394,"ENSMUSG00000067545"
665.923913372083,0.0166817495713219,0.125468415453536,0.889941713534679,0.91530114443151,"ENSMUSG00000020888"
280.863884906303,0.0294547948813558,0.218453871443926,0.889922048313179,0.91530114443151,"ENSMUSG00000028268"
4092.30724602565,-0.0128995427341157,0.095009990479177,0.890149090145785,0.915420721720051,"ENSMUSG00000022191"
286.504994040739,0.0200887227418703,0.14666738907845,0.890170451167631,0.915420721720051,"ENSMUSG00000030032"
15.5737595409445,-0.0449097107430572,0.377332330758388,0.890321760457502,0.915518484948024,"ENSMUSG00000118626"
3369.91898170346,0.0110752067377717,0.101241625002542,0.890423367703411,0.915565130407183,"ENSMUSG00000038831"
683.139610570954,-0.0118136649913893,0.0870199906289263,0.890640368180018,0.915730413923341,"ENSMUSG00000045435"
6413.72992615677,0.0196404713232264,0.143095145834412,0.891202200457545,0.916250200154609,"ENSMUSG00000037720"
2370.63673717975,-0.0134540852691397,0.091358622906653,0.891296556385771,0.916289335913072,"ENSMUSG00000024997"
6307.42808416008,-0.0107863089235609,0.0800658267227072,0.891371388611387,0.916308396830828,"ENSMUSG00000008892"
48.2695026079977,0.0345409077824107,0.264084408251458,0.891670003385664,0.916557483904511,"ENSMUSG00000046345"
1530.34897212902,0.0123347535740779,0.0905409936225254,0.891790903878488,0.916623876575995,"ENSMUSG00000020109"
10.829386380709,0.0523081081128802,0.500187752963984,0.892105685795776,0.916715886205646,"ENSMUSG00000027075"
65.4725148959066,-0.0264064355384791,0.203812661588915,0.892063963720808,0.916715886205646,"ENSMUSG00000043310"
5872.01215627758,-0.025990060700373,0.177976500976578,0.892011931110751,0.916715886205646,"ENSMUSG00000049076"
373.299666446528,-0.0309839418118001,0.245908283936564,0.891976462877053,0.916715886205646,"ENSMUSG00000117098"
309.726847406378,-0.0240609399935601,0.185587186323131,0.892625692428975,0.917192338174401,"ENSMUSG00000096401"
1978.12649978368,-0.0114219862116038,0.0860844013327552,0.892906630801919,0.917423097657871,"ENSMUSG00000026470"
2342.82452714158,0.0198583396399047,0.14562829818515,0.893113951983906,0.917578194293992,"ENSMUSG00000028128"
9.56332506547979,-0.0500786158309453,0.492494790112392,0.893371113942487,0.917784474140474,"ENSMUSG00000073931"
1138.6457935464,-0.0159542535858454,0.122038734857369,0.893535829095669,0.917895760824138,"ENSMUSG00000028266"
1045.75566890427,0.0215454362149614,0.162166460773221,0.893867288135794,0.918133099972317,"ENSMUSG00000025608"
39.6782852249137,0.0375625284644408,0.302264272292782,0.893879676149483,0.918133099972317,"ENSMUSG00000038521"
98.0621004180392,0.0318466531608968,0.249297365481889,0.894049334158893,0.918249420243451,"ENSMUSG00000050174"
19.5259757043957,0.0463709900323346,0.407345109430612,0.895125718662155,0.919296936806471,"ENSMUSG00000057816"
13.8888771039655,0.0522375921671832,0.567717427163492,0.895522522012184,0.919646433241709,"ENSMUSG00000020286"
20.0142155849351,0.0439357446810696,0.379027009686843,0.895694777794743,0.919765303617388,"ENSMUSG00000026829"
18.3197477934396,0.0452224900793952,0.398214681944811,0.896121126133336,0.920145063470538,"ENSMUSG00000054435"
1177.36904404506,-0.0219035681032498,0.175124500828216,0.896450358649683,0.920250926284892,"ENSMUSG00000020181"
2212.47400398849,-0.0143375074974724,0.113238846706261,0.896326765388314,0.920250926284892,"ENSMUSG00000021846"
14340.295787949,-0.00744400150619353,0.0563274613108797,0.8964416216931,0.920250926284892,"ENSMUSG00000022841"
64.9614549816479,-0.0325439425542039,0.270753289798669,0.896439309366454,0.920250926284892,"ENSMUSG00000111436"
76.7585743742804,0.0280373417564475,0.22277051158681,0.896565824123831,0.920311419163055,"ENSMUSG00000086815"
143.759262902929,-0.0262557134661752,0.213759559735434,0.896961765083343,0.920659790152384,"ENSMUSG00000059327"
156.581667038946,-0.0318089526316371,0.266700050063829,0.897108537182244,0.920752381352621,"ENSMUSG00000096463"
151.900358914147,0.0205275250827064,0.16231152662577,0.898134184602563,0.92174694262408,"ENSMUSG00000055760"
269.877128324965,-0.018706596374246,0.150871621637633,0.898349447171206,0.921852367651793,"ENSMUSG00000048402"
34.7246386787064,-0.037088748193168,0.326474036819376,0.898350172506475,0.921852367651793,"ENSMUSG00000061535"
11.0195177375439,0.0281388380276236,0.746158798536453,0.898632533808367,0.922083987981127,"ENSMUSG00000098428"
1974.1620460342,0.0183107171695317,0.142623089825407,0.898754018227869,0.922150514258635,"ENSMUSG00000060166"
4343.32302350519,-0.00796609315012275,0.0637722487815002,0.898983757652951,0.922269969564173,"ENSMUSG00000018547"
71.5160444831288,0.0261746952324259,0.211931637294849,0.898981496434052,0.922269969564173,"ENSMUSG00000063188"
5273.13915016199,-0.0122407974862439,0.097973561201586,0.899278903621903,0.922514620188892,"ENSMUSG00000025630"
126.73628578293,-0.0291167161715556,0.247145942063194,0.899441722180435,0.922623502026159,"ENSMUSG00000071748"
531.04422016603,0.0156477306858631,0.127384287109769,0.899877193999028,0.923012033012992,"ENSMUSG00000026694"
326.668624835439,0.0256172932811983,0.208674127721615,0.90009694241812,0.923179259572941,"ENSMUSG00000046056"
297.810932488232,0.0169454898719467,0.135910437629431,0.900178795421223,0.923205042330309,"ENSMUSG00000069727"
347.931192674694,-0.0134653721612357,0.109463324621738,0.900284720299971,0.923255507909212,"ENSMUSG00000049122"
18.198680830695,-0.0399171240768972,0.36993623071386,0.900925203133671,0.923854129810375,"ENSMUSG00000034212"
1304.17714919136,-0.0121932954445869,0.100814185766153,0.901149268134177,0.924025687350434,"ENSMUSG00000010205"
854.31589771704,-0.0135404703314029,0.112000286315166,0.901571792914465,0.924400708305723,"ENSMUSG00000026698"
199.719282636708,-0.0186827296488226,0.156079421302365,0.901644584050675,0.92441711527221,"ENSMUSG00000032085"
2050.00216349919,-0.00833814719516217,0.0689931459099053,0.901883697828811,0.924604032828907,"ENSMUSG00000033128"
6065.01706632111,-0.0100104958166534,0.082777970470996,0.901951887533804,0.924615707870474,"ENSMUSG00000089682"
68.133440649702,-0.0268196933276337,0.231467158483686,0.90205610343212,0.924664310558441,"ENSMUSG00000083396"
11.6482151800451,0.0468525865601695,0.471119476305864,0.902174824593458,0.924727774997312,"ENSMUSG00000111064"
134.497392044112,-0.0210029718800666,0.177869810138319,0.902335905589276,0.92483464747401,"ENSMUSG00000048856"
2120.62128425318,-0.0147101608181021,0.124044679001839,0.902980884532383,0.92534496992774,"ENSMUSG00000026869"
1080.74641091229,-0.00988355178153703,0.0827661720950604,0.902908735476992,0.92534496992774,"ENSMUSG00000039154"
214.854676777764,0.0244542787853659,0.205024357763283,0.903004352334571,0.92534496992774,"ENSMUSG00000103092"
889.600064438712,-0.0198368655507577,0.173358917384007,0.903334839349624,0.925567099825844,"ENSMUSG00000028391"
20550.9954201633,-0.0098923095073031,0.0818880050053258,0.903300236614693,0.925567099825844,"ENSMUSG00000055254"
16.0140394856207,0.0411188269288166,0.38313992472587,0.903393344737458,0.925568785601482,"ENSMUSG00000038086"
14.9615947157046,0.0410705535726916,0.384381125281592,0.90351406479667,0.925634208997431,"ENSMUSG00000058385"
886.472129168279,-0.00984700736981497,0.0826309202861519,0.903799105783409,0.925810217542443,"ENSMUSG00000030780"
2743.62821763936,-0.00989054808815631,0.0805839380305409,0.903856492025095,0.925810217542443,"ENSMUSG00000058594"
139.637823098529,0.0294014292814398,0.252640831395969,0.903819901618188,0.925810217542443,"ENSMUSG00000072674"
443.277445578384,-0.0211175921423156,0.183451242509637,0.904001404360302,0.925900387603158,"ENSMUSG00000040174"
882.765888935847,0.0131440338211426,0.109608542788636,0.904197782056644,0.926043255084815,"ENSMUSG00000025381"
557.440235196388,0.0139728269660398,0.118887192529375,0.904290862942408,0.926080318778013,"ENSMUSG00000044475"
930.706164787023,0.0116525558314355,0.0970138653231342,0.904471252176672,0.926206784281069,"ENSMUSG00000015668"
4396.1450963449,0.0107411353684276,0.0894240688539983,0.90474017758017,0.926423891970183,"ENSMUSG00000021037"
475.293847046794,-0.010374917058983,0.0898886944966073,0.904801544923118,0.92642845315502,"ENSMUSG00000018599"
221.629857835574,-0.0195465292976277,0.170997662556162,0.9054094270915,0.926992556399487,"ENSMUSG00000054690"
4702.99104932391,0.00775056994781291,0.0647745502716635,0.905663815691474,0.9271946913098,"ENSMUSG00000001416"
1292.79343353128,0.0084609030492839,0.0699997389951901,0.905847716062586,0.927324641347511,"ENSMUSG00000019971"
1785.42247158972,-0.0100034823306567,0.0874640146604987,0.906014357721699,0.927436908250146,"ENSMUSG00000033596"
55.6406648311937,-0.0294668789740017,0.272453223593012,0.906544276455024,0.927804321416842,"ENSMUSG00000047330"
4179.77104195857,0.0147302723900403,0.124963026489238,0.906531082655656,0.927804321416842,"ENSMUSG00000069682"
14.3403300599872,-0.039874334571517,0.405304966024434,0.906500932372106,0.927804321416842,"ENSMUSG00000074452"
2793.98049881979,0.00734224269588288,0.0636294443830108,0.906702328992971,0.92786303774372,"ENSMUSG00000010025"
2286.04523000382,-0.00866716036962985,0.0749469905469902,0.906715649428023,0.92786303774372,"ENSMUSG00000038280"
192.967007263985,0.0208167010591368,0.180176597855196,0.906801268039539,0.927892320916999,"ENSMUSG00000015943"
1516.20007965583,0.0112442604909766,0.0959499225107175,0.906861379285151,0.927895501414526,"ENSMUSG00000027709"
4905.85137465789,0.0102212356392692,0.0860403468432169,0.907801900831308,0.928799455797111,"ENSMUSG00000025162"
21.5578375302424,0.038643618474216,0.37648475902934,0.908099002430574,0.929045035608377,"ENSMUSG00000068417"
26.9816579180411,-0.0364881615536565,0.36589200671238,0.908252644398552,0.929143825133209,"ENSMUSG00000095187"
755.997227736092,-0.013713226435308,0.123336137648831,0.908331872167692,0.929166481188066,"ENSMUSG00000032609"
12.3563616960226,0.0447050433804408,0.497908542461506,0.908487166450221,0.929266940773954,"ENSMUSG00000081809"
40.7874452893328,-0.0320279927022446,0.309391263125433,0.908597037917685,0.929320928886213,"ENSMUSG00000037358"
72.7055847871603,-0.0226625539303593,0.208753935044104,0.908992380741249,0.929608467280647,"ENSMUSG00000023882"
18.0750525237401,0.0385455979046889,0.380485257242997,0.908948412486597,0.929608467280647,"ENSMUSG00000099850"
1242.15783869042,-0.0117968891065871,0.105716894577648,0.909367919748662,0.929934099614821,"ENSMUSG00000025730"
12.7281078358415,-0.0417099519074301,0.477232204418706,0.909684385784502,0.930199285872236,"ENSMUSG00000032661"
208.137125944615,0.0222894218142703,0.200729256533104,0.909833737521685,0.930293566543843,"ENSMUSG00000097412"
1114.38047749713,0.0110903757100274,0.0979700197023106,0.910061770863943,0.930468281271482,"ENSMUSG00000004393"
17074.0202021328,-0.0146006887123858,0.134390244914515,0.91069505550074,0.931057286361075,"ENSMUSG00000020048"
523.336774561266,-0.0276442254430872,0.270604388179852,0.911000841750763,0.931311417573254,"ENSMUSG00000046721"
51.7552200885112,0.0232725945609569,0.753792090559653,0.911407000329917,0.931668120533182,"ENSMUSG00000090381"
345.255993688812,0.0139955789934539,0.12593262404085,0.91153947573447,0.931686524300245,"ENSMUSG00000023953"
201.474892809346,0.0173036864531702,0.157107499517205,0.911518468103449,0.931686524300245,"ENSMUSG00000030752"
2009.80145400771,0.00732687997416579,0.0645770461042169,0.911623806278847,0.931714216023549,"ENSMUSG00000030815"
10322.2138080951,0.00697778994915327,0.0926711003206234,0.911954798464423,0.931993986024854,"ENSMUSG00000022010"
365.87024063935,-0.0132146768361957,0.122506242771423,0.912094315868847,0.932019540094984,"ENSMUSG00000041995"
29.3545232863223,0.0351431888636993,0.350769075763256,0.912056080959238,0.932019540094984,"ENSMUSG00000095789"
61848.8500003348,0.0095184078751463,0.100694171414041,0.912210444433489,0.932079694588433,"ENSMUSG00000057666"
14.097049618231,-0.0413052954527953,0.55484015898044,0.912688275402525,0.932509399133963,"ENSMUSG00000068252"
1170.83695612081,-0.00937024916928825,0.0879799484161719,0.912953205893373,0.932721539291554,"ENSMUSG00000031505"
16720.2062616175,-0.00602149147197219,0.0556487116227868,0.913018272486966,0.932729474051891,"ENSMUSG00000029064"
18.0873641754569,-0.034407136004578,0.364113852202376,0.913160579412897,0.932757775582526,"ENSMUSG00000075141"
201.426404044213,-0.0197987622905344,0.190276846733518,0.913105216746001,0.932757775582526,"ENSMUSG00000094626"
225.759307276375,0.0214912415231982,0.201336537588924,0.913405936552868,0.932949854753567,"ENSMUSG00000019846"
24.5279685146817,0.034738975154717,0.352998580681367,0.913485612457558,0.932972694163893,"ENSMUSG00000020434"
172.348135089909,0.0188343797171421,0.176346935602051,0.913790243777104,0.93322527060692,"ENSMUSG00000062300"
4271.34859200668,-0.014339703465657,0.140883286668181,0.914462224751845,0.933852954486232,"ENSMUSG00000024472"
35.8757066603537,0.0321305047949962,0.323849858890506,0.91453322763002,0.933866876567434,"ENSMUSG00000074627"
1922.33690122577,-0.0154879323364497,0.151741861070826,0.914595166659224,0.933871542019749,"ENSMUSG00000038418"
943.942308961228,0.0107508787869787,0.10030196000516,0.914779567095487,0.933942661388631,"ENSMUSG00000008333"
693.988626068883,0.0132683678280776,0.12417114947644,0.914771355714974,0.933942661388631,"ENSMUSG00000052906"
717.53254322074,-0.0099195661486648,0.0947257136847244,0.914912781373787,0.934020084992318,"ENSMUSG00000032175"
1456.68229301536,0.010519709490724,0.0994117633322195,0.915931578790662,0.934942888289609,"ENSMUSG00000042589"
6364.16388645544,-0.0162307056721636,0.161780275731895,0.915899020665743,0.934942888289609,"ENSMUSG00000054387"
8005.74669376672,0.012417374209836,0.118914255115585,0.9170078777844,0.935982833870984,"ENSMUSG00000040225"
9.34507525814595,-0.0382929889502806,0.47821441530051,0.917168045047498,0.936087619116131,"ENSMUSG00000024354"
2696.25740593426,-0.0289726387015975,0.32255909868812,0.917486245729266,0.936353674481567,"ENSMUSG00000041120"
38.2219492719335,-0.0255088825202358,0.266606250761463,0.917654794155985,0.936466976319424,"ENSMUSG00000108931"
420.60568221293,0.0113515487783414,0.1095555945512,0.917809222869096,0.936565855683497,"ENSMUSG00000033216"
5407.94005285421,0.00731693426951609,0.0713590468611061,0.917961228218892,0.93666224991833,"ENSMUSG00000029247"
187.675719207704,-0.0131936441167717,0.133845230387639,0.918395713966628,0.937046849188215,"ENSMUSG00000035759"
25.7291563913091,-0.0311137969527455,0.346256886552526,0.918507918615708,0.937102594749388,"ENSMUSG00000020562"
1859.06755568673,-0.00797389224232912,0.079978110169191,0.91871917831341,0.937259387351823,"ENSMUSG00000037907"
34.5043128829546,-0.0273192785959834,0.295647024357345,0.918984407185034,0.937471215150592,"ENSMUSG00000067064"
2110.99663414614,0.00770669702833036,0.0741393850478078,0.919298300292437,0.937702296897653,"ENSMUSG00000026499"
47.803104016031,-0.0311049559209137,0.352642375539298,0.919337758800814,0.937702296897653,"ENSMUSG00000052525"
9.55608752309958,-0.0371091644389331,0.603192175621592,0.919383748524791,0.937702296897653,"ENSMUSG00000083899"
8.11371437409975,-0.0380812440655529,0.52246918622345,0.919476162386874,0.937737796587528,"ENSMUSG00000114574"
27.1734679130083,0.0390298409651154,0.477384383914404,0.919760901316333,0.937969424359558,"ENSMUSG00000115074"
124.982605289507,0.0200240483080671,0.20327987302565,0.919968536269183,0.938122397631382,"ENSMUSG00000031586"
3408.07120679971,-0.0082979947107495,0.0836252453671812,0.920055742466975,0.938152554239377,"ENSMUSG00000034667"
93.3906994528743,0.019294385607665,0.196221296381546,0.92017473898848,0.938156357337748,"ENSMUSG00000031995"
1618.2458422838,0.0175142057536943,0.177480439243444,0.920161473028192,0.938156357337748,"ENSMUSG00000038393"
218.380626743682,0.0180605056952151,0.183007362966477,0.920366034736793,0.938273698447466,"ENSMUSG00000028636"
2323.37519147778,0.0110515650209043,0.106590531133411,0.920405112225651,0.938273698447466,"ENSMUSG00000032386"
59.7266472674561,0.0313110333519816,0.336752139223831,0.920481212144864,0.938292514953603,"ENSMUSG00000111890"
1023.38802817427,-0.01271500685495,0.131382981794315,0.920615741055399,0.938370884965547,"ENSMUSG00000022561"
2512.1314340505,-0.00808651092481637,0.0832564698230619,0.920897223490713,0.938550834227716,"ENSMUSG00000032867"
24.0228216540597,-0.0325780261570157,0.394044274642975,0.920907600705558,0.938550834227716,"ENSMUSG00000039748"
180.653038329284,0.0138981675159085,0.140105779645668,0.921179241545917,0.938768903392252,"ENSMUSG00000044461"
132.797087322466,-0.0149152055301635,0.156656024532135,0.92155756302942,0.939095656128265,"ENSMUSG00000026544"
3101.43126607307,-0.0095575583507678,0.0996502780360057,0.921898943625587,0.939384726406092,"ENSMUSG00000003039"
8856.5999436783,0.0113626575642725,0.115100308282346,0.922138644688636,0.939570158878419,"ENSMUSG00000016346"
2451.21028471777,0.0113808429512154,0.120495331254855,0.922242362350361,0.939580634798872,"ENSMUSG00000035953"
23.1810929393581,0.0308567606251662,0.346756839332787,0.922264368031477,0.939580634798872,"ENSMUSG00000049098"
1701.56772115877,-0.0089683937325374,0.0939353269946922,0.922461691273555,0.93972284939927,"ENSMUSG00000039307"
17.3987539531838,0.0342727448333504,0.405698549654517,0.922877368871577,0.940087472496341,"ENSMUSG00000079386"
239.891308162267,0.0121525394241049,0.127611997719999,0.924094976608919,0.941268883626806,"ENSMUSG00000047749"
3520.60632750106,-0.00701017959312002,0.0749387473638855,0.924166955707559,0.941283300275788,"ENSMUSG00000038894"
756.088331154672,-0.00851951061619934,0.09145417187978,0.924487302177213,0.941550666635843,"ENSMUSG00000030199"
951.7764798906,-0.00757309839875411,0.0812960118673027,0.924657046256625,0.941605717795767,"ENSMUSG00000028107"
1236.55993693651,0.00982084659033269,0.103312816302607,0.92461585229077,0.941605717795767,"ENSMUSG00000060098"
578.818337106187,0.0307611059299721,0.351681169752125,0.924838265628567,0.941731345421107,"ENSMUSG00000078636"
729.897128449938,0.0106732798737779,0.114218363109806,0.92571437212373,0.942564492989934,"ENSMUSG00000054099"
1196.893159715,0.0096650799306317,0.103452229611244,0.925892992112284,0.942687398399034,"ENSMUSG00000029199"
908.768053701648,-0.0105458020362967,0.117094514042679,0.926331838738097,0.943075218648992,"ENSMUSG00000039210"
1574.3955431766,0.0118173490638602,0.128303440913927,0.926764568365869,0.943456763218237,"ENSMUSG00000063316"
741.842649930449,-0.0115609330460729,0.11927837375922,0.927233941038814,0.943875560767295,"ENSMUSG00000045780"
229.137467719065,0.0160288896900754,0.177797836360086,0.927315980382109,0.94390004556403,"ENSMUSG00000045251"
84.5413860282504,0.0234522615987477,0.271574231944405,0.928064532498219,0.944543857697012,"ENSMUSG00000024049"
23.603233617588,-0.0280686441382478,0.358756409580639,0.9280163153015,0.944543857697012,"ENSMUSG00000101391"
4224.23582570675,-0.00900919844549211,0.103798753865871,0.928210989861151,0.944633853889329,"ENSMUSG00000041058"
725.738618208846,-0.0139776620782579,0.162452992032835,0.928506745250144,0.944816703080693,"ENSMUSG00000030681"
3762.06607835576,-0.0135165559440902,0.126545522478385,0.928489952722599,0.944816703080693,"ENSMUSG00000031310"
1616.93707668677,0.00753220766307453,0.0837941154002748,0.928815652264917,0.945071958217797,"ENSMUSG00000037514"
16.3826348549318,0.0332173385252023,0.447800538392316,0.928984585721549,0.945184766946395,"ENSMUSG00000012519"
558.154468539696,0.00805689040854536,0.0911119390957163,0.929774171041045,0.945928997262883,"ENSMUSG00000038563"
1270.56721674585,-0.0117879109811157,0.14102496773518,0.929917019525573,0.945960216050331,"ENSMUSG00000005580"
26.6882855031635,-0.0299620827942796,0.414284773510179,0.929921082272847,0.945960216050331,"ENSMUSG00000074006"
36.0718924327693,0.0236796698734195,0.284797269190094,0.930007746724991,0.945989258338399,"ENSMUSG00000085007"
80.2379012488201,0.0196781344047511,0.230765840630051,0.930256185604304,0.946182841118899,"ENSMUSG00000037375"
529.312652423666,0.0119437762935253,0.137183923933249,0.930520819153398,0.946382219316409,"ENSMUSG00000018995"
277.71548281691,-0.0126315909724904,0.15032679961316,0.930626623946293,0.946382219316409,"ENSMUSG00000037938"
146.387418901514,0.0193759137093331,0.227769756909361,0.930613214967959,0.946382219316409,"ENSMUSG00000051224"
107.928536954532,-0.0163418720153338,0.198378588813896,0.930807201201892,0.94645452470034,"ENSMUSG00000026708"
3214.98475587908,-0.00549513074028093,0.0632472114325284,0.930814011913488,0.94645452470034,"ENSMUSG00000036241"
11.0681815234516,-0.0310574344517755,0.45625563018188,0.93101137427113,0.946596074352621,"ENSMUSG00000024749"
994.281312020504,0.010011073485686,0.114608176650289,0.931470363230593,0.946944452452386,"ENSMUSG00000058444"
56.1452827607409,-0.0225337125578164,0.289896591118218,0.93144603947273,0.946944452452386,"ENSMUSG00000063364"
73.1132413670604,0.0225920219316764,0.275376086216891,0.931540289782241,0.946956400242011,"ENSMUSG00000048416"
10.3824231318862,0.0321051182665218,0.452425037476239,0.931862027815687,0.947224309278367,"ENSMUSG00000086962"
723.141844656157,0.01177494990793,0.137537874640262,0.932128526587098,0.947436038450502,"ENSMUSG00000031813"
401.998633790526,0.0132043805074392,0.155539264634368,0.93242246215281,0.947675626805909,"ENSMUSG00000023249"
23.1052514704972,-0.0279288304943986,0.39239478291162,0.932506549574936,0.947701917586365,"ENSMUSG00000043505"
3352.06318240918,-0.00531798313635212,0.0638061576722517,0.932702608543255,0.947841994123305,"ENSMUSG00000079108"
947.960023316911,0.00864522447828969,0.101968426218711,0.933381653306057,0.948472848025219,"ENSMUSG00000027649"
493.815041621058,0.0134363275813417,0.161574192557737,0.933515775446863,0.948549924639453,"ENSMUSG00000032842"
851.121994278344,0.0114028759446164,0.13638988611745,0.933623207997386,0.948599873901845,"ENSMUSG00000030045"
78.8239615176362,-0.016456193197793,0.209929743407968,0.933773844221152,0.94869371091199,"ENSMUSG00000050097"
11.7750546808786,0.0304878100987842,0.438339573367552,0.934533258635008,0.949406002874659,"ENSMUSG00000115031"
12067.2376176064,-0.00930102554436563,0.11793321894059,0.934678972983737,0.94949477797237,"ENSMUSG00000028410"
2503.75271760193,0.00806946449431623,0.089842570121022,0.934867149317339,0.949532667278102,"ENSMUSG00000022000"
8153.49830099429,-0.00760018685168696,0.091197935552644,0.934891267874809,0.949532667278102,"ENSMUSG00000031696"
3728.31625778625,0.00144428976077123,0.10612340474984,0.934796647161372,0.949532667278102,"ENSMUSG00000045210"
19196.7951369611,0.00589341031666687,0.0619836217225903,0.935266949021332,0.949854966069955,"ENSMUSG00000030704"
17.8384290849951,-0.026162367991438,0.37938277700226,0.935441534394728,0.949973004983304,"ENSMUSG00000091635"
16.3718200585916,-0.025135057218553,0.360559246347758,0.935827142217772,0.950305316345658,"ENSMUSG00000099473"
125.395051429811,-0.0168885231355594,0.226519593366359,0.936671306970446,0.951103208462661,"ENSMUSG00000036459"
273.466441159896,0.0121085275817889,0.153368565040366,0.936936360255815,0.951313003508243,"ENSMUSG00000075132"
518.48929898072,-0.0071011650060214,0.0917989826222521,0.937196917702569,0.951518207843973,"ENSMUSG00000029535"
279.564821203245,0.0141317602793003,0.181340348983371,0.937382949115003,0.951647726437197,"ENSMUSG00000078789"
204.129545448256,0.0192040889802794,0.252759222590071,0.937672987697315,0.951862939261372,"ENSMUSG00000034422"
524.549567868489,0.0100693009752129,0.127830035111197,0.93771188684085,0.951862939261372,"ENSMUSG00000068966"
95.6412772842939,0.0252796322781849,0.351665086760263,0.93790370319215,0.951998284003356,"ENSMUSG00000060550"
1475.87878337788,0.00531372181148062,0.0686966176714216,0.938171965134406,0.952151832935835,"ENSMUSG00000030614"
77.546932124195,-0.0228261831298804,0.337753858728867,0.93814591379659,0.952151832935835,"ENSMUSG00000074715"
892.751687422725,0.0075585988994267,0.0962268011248909,0.938286378947062,0.95219244630599,"ENSMUSG00000003868"
56.6869448995013,0.0167428996863815,0.22155149275307,0.938328973534488,0.95219244630599,"ENSMUSG00000090019"
31.315217993441,-0.0209971928207878,0.302537425332124,0.938468504616399,0.952274673865212,"ENSMUSG00000057580"
117.870975112692,-0.0138331140001158,0.188025695692386,0.938554241729893,0.95230230922391,"ENSMUSG00000032656"
33.8469142763487,0.0250670538964453,0.359215463089473,0.93886528125753,0.952558529563081,"ENSMUSG00000037638"
1445.43820558604,0.00860704603000296,0.112209311034899,0.939184317597183,0.952822830903518,"ENSMUSG00000003421"
1261.88248943049,-0.00846685450277738,0.109861751644082,0.939631695826807,0.953217296813459,"ENSMUSG00000000355"
4054.45532129002,0.00757102798385421,0.0995876157432014,0.939936421676801,0.95346700766841,"ENSMUSG00000006057"
1936.77106697831,0.0103515644922795,0.137278386911142,0.940314758997093,0.953791353873048,"ENSMUSG00000025409"
13.667951779185,-0.0256562619309698,0.422543757233944,0.940523490920798,0.953943634195822,"ENSMUSG00000027379"
505.378815161482,-0.00802947742278816,0.119982113010185,0.940920931898986,0.954287285324093,"ENSMUSG00000041506"
725.718268368243,0.00872945079479731,0.117591472837071,0.941480222479179,0.954795032179682,"ENSMUSG00000032440"
107.199509714528,0.0147459838477029,0.205323634947484,0.941878975593649,0.954954293809149,"ENSMUSG00000000782"
3168.86665452802,-0.0120177128631836,0.131475655102334,0.941930589839028,0.954954293809149,"ENSMUSG00000027746"
20638.1649643694,-0.0054041927871013,0.0734215608902591,0.941904383095962,0.954954293809149,"ENSMUSG00000028649"
303.026714556884,-0.0116300422919626,0.166711040966645,0.941805577295427,0.954954293809149,"ENSMUSG00000040511"
42.5948920001528,-0.0208511751880971,0.325298959264848,0.941908755432708,0.954954293809149,"ENSMUSG00000117037"
2884.17875025401,0.0112594398628439,0.152279514227385,0.94235175035035,0.955321778177929,"ENSMUSG00000040010"
54.2304578496434,0.0213412880674672,0.315816051653267,0.942730838667356,0.955587059706534,"ENSMUSG00000022759"
304.470167349734,-0.0111391521389603,0.161858093267358,0.94268064545307,0.955587059706534,"ENSMUSG00000032754"
258.709945219591,0.0119081564065433,0.167466865871703,0.943027104736768,0.955827846258101,"ENSMUSG00000117148"
249.084328204752,-0.0117631417184152,0.174718765317384,0.943630728272666,0.956380112995608,"ENSMUSG00000026896"
605.59731269434,0.00886435326397878,0.124364273361824,0.94370930241785,0.956400200769378,"ENSMUSG00000032498"
43.8038691820383,-0.0251066353241993,0.479173724899351,0.943906413225793,0.956540409293996,"ENSMUSG00000032496"
54.3835749928196,-0.0179369525394608,0.288786746033921,0.944952723113358,0.957541112228539,"ENSMUSG00000084989"
820.907020208161,-0.00752625073297848,0.112776634347485,0.945024166774827,0.957553898958022,"ENSMUSG00000038286"
104.796780848396,0.0139070911808394,0.204866984042902,0.945391767944164,0.957866749570217,"ENSMUSG00000027748"
30.3726469474953,-0.0189164991746368,0.309594442756218,0.945534665997632,0.957951907207908,"ENSMUSG00000111448"
1069.59540971882,-0.0074502068024532,0.112459538547885,0.945636189788861,0.957995139244653,"ENSMUSG00000038160"
8.10477891445988,0.0269230392318189,0.511324190394134,0.945981448925198,0.958285271367501,"ENSMUSG00000043290"
738.910979019391,0.00840842960501686,0.12353656330207,0.94630100644266,0.9585493330973,"ENSMUSG00000032583"
76.6700880538343,-0.0126449537045366,0.19950350163342,0.946543130089665,0.958675278222969,"ENSMUSG00000026180"
27.5002643840877,-0.0196114042360459,0.332794831872149,0.946486125649324,0.958675278222969,"ENSMUSG00000091930"
3291.81968632704,-0.00634346783383858,0.0980792367052308,0.946641541589372,0.958694356829305,"ENSMUSG00000047866"
1003.90261159266,-0.0101336033585453,0.159537329257494,0.94667975744405,0.958694356829305,"ENSMUSG00000059857"
11.4701989626249,-0.0240018644997075,0.471302447916671,0.947030989092016,0.958990385097346,"ENSMUSG00000032719"
23.9632676310718,-0.0167936603676149,0.705767652264848,0.94756296413566,0.959469391030124,"ENSMUSG00000107478"
27454.8679135421,-0.00541458298317415,0.0781428885005069,0.947675099528046,0.959523248747747,"ENSMUSG00000004267"
24.9543331456934,-0.0211695720757419,0.388353381659196,0.947974740563722,0.959766937858954,"ENSMUSG00000010311"
32.7407239384537,-0.0188935466262376,0.339931789846096,0.948744152533545,0.960452969761466,"ENSMUSG00000034023"
177.640306414774,0.00975726463241757,0.150608383134481,0.948770349782797,0.960452969761466,"ENSMUSG00000110860"
108.248245819588,-0.0130158087413184,0.218075371927595,0.949009579334366,0.960635404042336,"ENSMUSG00000094396"
118.764837225527,-0.0149471815334519,0.257310900881184,0.94927679231534,0.960846140113736,"ENSMUSG00000109061"
575.516693486673,0.00957393286550848,0.151147940847291,0.949731297379973,0.961246412905005,"ENSMUSG00000052033"
50.3359010010972,0.0149333267440387,0.245084527572003,0.950041967112655,0.961501065696332,"ENSMUSG00000051190"
419.25470979636,-0.0065449671253221,0.108955930221434,0.950602256806005,0.962008301914091,"ENSMUSG00000024891"
2359.74849134545,0.00512159115467698,0.0811337842977218,0.950749415091097,0.962097412585657,"ENSMUSG00000030691"
118.468745170475,-0.0106331792570175,0.181539212918734,0.951044052076209,0.962335741884536,"ENSMUSG00000063687"
35.432283695585,0.0210427820639582,0.37995952844026,0.951206948846997,0.962380925684096,"ENSMUSG00000039676"
54.4862498446149,-0.0146344703558509,0.262158446698903,0.951150754878955,0.962380925684096,"ENSMUSG00000091631"
12.23525453182,0.0219172756981295,0.410093987056362,0.95132821965773,0.962443801093134,"ENSMUSG00000073768"
321.324085822976,-0.00720463853624675,0.1280852673032,0.952027776375752,0.963091675088217,"ENSMUSG00000052675"
571.343046844954,0.00911350727928268,0.151068158773419,0.95219660658759,0.963202607633159,"ENSMUSG00000103897"
973.790274719128,0.00799326246404069,0.133716666374622,0.952877292151073,0.963831265869332,"ENSMUSG00000060419"
19.8736127681163,-0.0187162033966791,0.376251092175301,0.952964114080296,0.963859192804713,"ENSMUSG00000037139"
3024.21891149024,-0.00418667511150299,0.0727541677650774,0.953179366085081,0.964017006594156,"ENSMUSG00000024527"
1119.84883562837,0.00647963987214415,0.110125779061794,0.953764669757027,0.964549036674011,"ENSMUSG00000020775"
694.652775144886,-0.00706331245054235,0.129653427899334,0.954593309750185,0.965327073126266,"ENSMUSG00000031072"
2615.06152055948,-0.00563425945142188,0.103204345889415,0.954896117834425,0.965495719749091,"ENSMUSG00000031392"
80.6767561933555,-0.0108705519500516,0.204589304547244,0.954934980769408,0.965495719749091,"ENSMUSG00000037216"
4627.20656906591,-0.00352050420045488,0.0641456659669928,0.954997332822221,0.965495719749091,"ENSMUSG00000053119"
1853.73866060689,0.0063065427032223,0.109966561707897,0.954950172903684,0.965495719749091,"ENSMUSG00000078485"
2052.59352151689,-0.00483314351797157,0.0881671783032292,0.955077653239537,0.965516956864563,"ENSMUSG00000021357"
721.200718046777,-0.00656902243194526,0.123158648855727,0.955636231383866,0.965962521211626,"ENSMUSG00000030595"
13.2479210443134,-0.0188549369237385,0.415904012994633,0.955637083277554,0.965962521211626,"ENSMUSG00000045555"
1594.15549581639,0.00540105180201776,0.09665709564075,0.956011146513258,0.966280623591605,"ENSMUSG00000021686"
19136.282121016,-0.00573394802283533,0.105311798024429,0.956178411988838,0.966329682147781,"ENSMUSG00000025931"
487.024584412998,0.00949131468155886,0.171825602205147,0.956159789239956,0.966329682147781,"ENSMUSG00000054723"
3761.89144442439,-0.00579577886570934,0.113859688309942,0.956877315692832,0.966975971247077,"ENSMUSG00000062203"
1475.02640268529,-0.00702660904891534,0.135891383702241,0.957007192917392,0.967047183953648,"ENSMUSG00000024193"
1897.26073299282,-0.00428559778338516,0.0863843170225292,0.957398619499534,0.96738266469357,"ENSMUSG00000025487"
83.0923301416922,-0.0132427816009249,0.286075081861226,0.958606637825374,0.968543159985192,"ENSMUSG00000112844"
31.8887651195772,-0.0148667562533636,0.341405238530098,0.959666400323058,0.96955372793314,"ENSMUSG00000080115"
749.323719917175,-0.00525036941458004,0.108014787878382,0.959738640553715,0.969566535774429,"ENSMUSG00000022828"
3625.46263734077,0.00572406481824267,0.10863262020463,0.960420325350103,0.970194989204975,"ENSMUSG00000033365"
27.2489890640088,0.0167224937300441,0.381239095507069,0.960499725509419,0.970214988013796,"ENSMUSG00000046223"
3069.08846917195,0.00603554232374581,0.114874763860618,0.960803822662766,0.970359453720671,"ENSMUSG00000057322"
129.242121465962,0.00879207000232923,0.178925394663719,0.960821579743812,0.970359453720671,"ENSMUSG00000070737"
18.6745622574232,0.0176707623759965,0.689712192786848,0.960737096175579,0.970359453720671,"ENSMUSG00000105081"
9162.10947787369,0.0043896832764144,0.0882673601553708,0.961286548509858,0.970768809271262,"ENSMUSG00000021196"
1656.60641296865,-0.0039588653013963,0.0835331893372689,0.961368139958086,0.970790979047005,"ENSMUSG00000034211"
16.6745753315568,0.0171484734892701,0.397479210557448,0.961473052794103,0.970836694583612,"ENSMUSG00000028610"
1007.62149717173,-0.00591365888501264,0.128930682194915,0.961768292391275,0.971014343704346,"ENSMUSG00000018921"
27.8355468949392,-0.015522838180717,0.380491902152426,0.961767271584039,0.971014343704346,"ENSMUSG00000041479"
35.9605545556187,0.0153005251546999,0.338116338862729,0.961885136430409,0.971072082040076,"ENSMUSG00000091531"
9503.12687148123,0.00417425558671035,0.0853871681729983,0.962067429084796,0.971135657363408,"ENSMUSG00000004071"
1170.4401706811,-0.0039565085628792,0.0830788067422122,0.962008309535897,0.971135657363408,"ENSMUSG00000030079"
829.548253466603,-0.00503255002091212,0.109158180209676,0.962336410306064,0.971346939105978,"ENSMUSG00000033931"
3029.96675301534,0.00350705981942167,0.0713192669470006,0.962563644017494,0.971516058861407,"ENSMUSG00000035649"
212.488597626268,0.00599968321285708,0.127200488995032,0.962716097104374,0.971609686196602,"ENSMUSG00000034509"
783.323017150936,0.0050945893488411,0.1072760274712,0.962856614104033,0.971691256316519,"ENSMUSG00000022711"
12.6068620706197,0.0179872254695276,0.459103175042423,0.963053399047921,0.97182959703069,"ENSMUSG00000098158"
3312.11281536126,-0.00652560493123358,0.157161411260753,0.963798305573141,0.972521002858889,"ENSMUSG00000051510"
655.870320044447,0.00623962992349611,0.134617198514995,0.964043617484781,0.972708238109296,"ENSMUSG00000043183"
6025.49586001517,-0.0172702073013823,0.113554974749479,0.964186462412846,0.972792068622556,"ENSMUSG00000041164"
893.150979838269,0.00473253259899728,0.102429918368206,0.9643048859721,0.972842247926766,"ENSMUSG00000003546"
2526.54884759007,-0.00392869493311168,0.087702294060515,0.964361728469555,0.972842247926766,"ENSMUSG00000021831"
32.70660634846,-0.0128954920824951,0.337470485270906,0.964475254763616,0.972842247926766,"ENSMUSG00000028475"
356.523494048127,-0.00560259468394302,0.130620757952972,0.964425049850859,0.972842247926766,"ENSMUSG00000060519"
921.014334911284,-0.00509212648405938,0.121592714121469,0.965138253916153,0.973450678310127,"ENSMUSG00000036613"
1020.38853385199,0.00401460939051265,0.0912599516105714,0.965231160303489,0.97348406613508,"ENSMUSG00000028541"
2528.00487312169,-0.00348943751936315,0.0829307672636509,0.965428994909581,0.973623268641234,"ENSMUSG00000031954"
11.4781798995952,0.0167531815022603,0.460789147612422,0.965571480103846,0.973646320580462,"ENSMUSG00000022667"
3008.31171253874,-0.00324240451711431,0.0759013950063646,0.965565216106502,0.973646320580462,"ENSMUSG00000031302"
5601.70943052268,0.00171162083341368,0.0851853952609435,0.96574806072849,0.973764056772694,"ENSMUSG00000029103"
2834.78382608838,-0.00416488468194078,0.10137531218788,0.965940087225571,0.973897351493208,"ENSMUSG00000038690"
259.700759212151,0.00513774921875507,0.123430193164462,0.967232821806141,0.97514033651433,"ENSMUSG00000064326"
2800.39193517064,-0.00950494603975268,0.108377790730264,0.967447292484508,0.975296155760378,"ENSMUSG00000029559"
996.119135712847,-0.00338729281804366,0.0868253885762155,0.967860707028129,0.975615547213837,"ENSMUSG00000004788"
2675.12842836896,0.0049452621481049,0.11995943312772,0.967883982796182,0.975615547213837,"ENSMUSG00000037260"
1241.80468467647,0.00711505711866228,0.172822511217922,0.968154296505087,0.975827593715777,"ENSMUSG00000036281"
947.311449764949,-0.00370004635907009,0.0975166551131268,0.968615462811323,0.976231967286405,"ENSMUSG00000019579"
2628.20912514442,-0.00348757065592924,0.0940737758418883,0.96920564685326,0.976766314975073,"ENSMUSG00000031400"
765.869418503595,-0.00350422104420225,0.0970632599365102,0.969804683751438,0.977309517867016,"ENSMUSG00000024535"
2444.7874699541,0.0053889414230565,0.146112153330395,0.970138383820221,0.977585279919869,"ENSMUSG00000004902"
187.409826765396,0.00714478744799927,0.195320913308796,0.970249730890577,0.977636961896429,"ENSMUSG00000058420"
8807.96562393367,0.00192642798551838,0.0914263903831828,0.970357665245645,0.977685198989144,"ENSMUSG00000030105"
317895.745298567,-0.00122508450038546,0.0963511716969568,0.970427122326305,0.977694664679556,"ENSMUSG00000064358"
438.289289729844,-0.00362541580553826,0.100968236387183,0.970540129533365,0.977696840642915,"ENSMUSG00000027076"
27.1449068271555,-0.00989604044818626,0.30603704205885,0.970549407049322,0.977696840642915,"ENSMUSG00000032443"
18.175819729913,0.0147130691732455,0.480157838197569,0.97070909164813,0.977797190213383,"ENSMUSG00000090919"
1234.69192004399,0.00265484152213744,0.0716065937926369,0.971061046570227,0.978076240289441,"ENSMUSG00000002320"
18.9130983842457,-0.0112891007906653,0.385919911574249,0.97116072424406,0.978076240289441,"ENSMUSG00000069540"
9.60920467617573,-0.0127071402833149,0.468888144757604,0.971166376200899,0.978076240289441,"ENSMUSG00000112594"
26.7760950974257,0.0119102308396718,0.351828676240086,0.971280781333621,0.978130942746144,"ENSMUSG00000072244"
76.2453513202282,-0.00726868915149848,0.221914771801475,0.971458731312006,0.978249627485112,"ENSMUSG00000071553"
5400.62839453073,0.00189904031331002,0.0931126256005114,0.97179605918543,0.978347223169054,"ENSMUSG00000000804"
669.266198529953,0.00530656348408401,0.14726771959651,0.97177498087947,0.978347223169054,"ENSMUSG00000033488"
8413.42307184638,-0.00339826321812002,0.118186787013242,0.971745233081893,0.978347223169054,"ENSMUSG00000050708"
832.18816957542,-0.00316478780762451,0.0920476152225275,0.971652909969677,0.978347223169054,"ENSMUSG00000089847"
627.264726988171,-0.00448247211238542,0.137443249919555,0.972065997900506,0.978558460966261,"ENSMUSG00000021592"
9.75406050089442,-0.0123260167046476,0.482207939048541,0.972213655175182,0.978646582087787,"ENSMUSG00000043501"
3049.36291029959,-0.00461443878048635,0.158929190861299,0.972375085953105,0.978748556093534,"ENSMUSG00000024914"
9.58248130923048,-0.0123508784400124,0.521192217293544,0.972545543453885,0.978859602815949,"ENSMUSG00000068227"
1690.1619674638,-0.00272083105139365,0.0824088274964724,0.97273757783985,0.978992351432983,"ENSMUSG00000025935"
161.728569191699,-0.00637644262737995,0.203801392779432,0.972804808453471,0.978999485131722,"ENSMUSG00000032000"
2866.08625966841,-0.00255872549557019,0.0781631337076904,0.972971154180321,0.979106358045701,"ENSMUSG00000045205"
2336.20116588659,-0.00268036788672929,0.0831129724555438,0.973297868349734,0.979374587438769,"ENSMUSG00000033885"
780.419240209276,-0.00432995217964679,0.140288511802065,0.973746560351936,0.97969009699076,"ENSMUSG00000025086"
314.075109732987,-0.00360630454086015,0.114905174989921,0.973852159934112,0.97969009699076,"ENSMUSG00000026404"
827.347251621322,0.00277591045821045,0.0826729512495794,0.973701984134642,0.97969009699076,"ENSMUSG00000026820"
3285.75738135764,-0.00553431337507919,0.190504742757243,0.973796633881919,0.97969009699076,"ENSMUSG00000029769"
789.520782499356,0.00730466299902859,0.220784674128446,0.97423218989865,0.980011839523558,"ENSMUSG00000071234"
13282.6472275924,-0.000869297286960868,0.100228277344528,0.974338747482869,0.980058464532295,"ENSMUSG00000022564"
4937.79736374739,-0.00305923191555157,0.102020596037792,0.974575450968763,0.980222407310185,"ENSMUSG00000022136"
55.3493863708013,-0.00766590870280484,0.275487024350599,0.974648805740592,0.980222407310185,"ENSMUSG00000063060"
467.922225333698,-0.0049422295780315,0.170616861541552,0.974682386332636,0.980222407310185,"ENSMUSG00000111485"
2569.75039666341,-0.00263191465844983,0.0900580164713144,0.975289520632556,0.98077239864439,"ENSMUSG00000036885"
2515.50285110302,0.00235516636172466,0.079419485525616,0.976019104807209,0.981445452684195,"ENSMUSG00000020022"
1284.42250701709,-0.00238877802039181,0.0830300993815977,0.976184894474233,0.981551529572646,"ENSMUSG00000025147"
554.345204705161,0.00449649554531833,0.150081365204096,0.976362739462933,0.981609083625324,"ENSMUSG00000014852"
8565.28765915609,-0.00363450781574494,0.151879583377614,0.976310147370432,0.981609083625324,"ENSMUSG00000058135"
11.3453568067079,0.0110917954789174,0.437599595210377,0.976882195972443,0.982010028162751,"ENSMUSG00000021765"
466.836440167219,-0.00287911040921598,0.103576053164928,0.976867329851867,0.982010028162751,"ENSMUSG00000049882"
120.855523328658,-0.00453941534257316,0.168942413523397,0.976983341226916,0.982051057706047,"ENSMUSG00000062510"
2323.71093908043,0.00285330795320109,0.0966962121157084,0.977247578249451,0.982256009802072,"ENSMUSG00000000001"
36.6898964455548,0.00861463095665747,0.310890449391741,0.97735659440663,0.982304929843858,"ENSMUSG00000081551"
15.4306931373356,0.0109793665258552,0.435827248948446,0.977443407894776,0.982331530142074,"ENSMUSG00000001496"
2862.905355808,-0.00189867916270933,0.0856882720073947,0.977584131185265,0.982412303212357,"ENSMUSG00000034801"
1197.20136497657,0.0028866118216223,0.100578375729013,0.977813701414268,0.982582346541234,"ENSMUSG00000033883"
127.957985229544,-0.00515333923594744,0.205415411528188,0.977920414790197,0.982593958417617,"ENSMUSG00000020534"
5364.19143274716,0.00210836274724027,0.0661848231004931,0.977984492251561,0.982593958417617,"ENSMUSG00000029390"
6918.06569478838,-0.00150827775065982,0.0680088126484289,0.978006346865845,0.982593958417617,"ENSMUSG00000041740"
4980.32957018901,0.00148896934028084,0.0853776649019078,0.978254722225335,0.982782840732211,"ENSMUSG00000053929"
759.563402527137,0.00296957013567046,0.106352090921718,0.978392486853899,0.98286058386866,"ENSMUSG00000025184"
1273.73343021455,-0.00331062857447383,0.136039170272213,0.979095802664539,0.983506416277283,"ENSMUSG00000022095"
47.7187208589179,-0.00607034179234094,0.266623953619319,0.979253504416374,0.983604130870649,"ENSMUSG00000114268"
9.24997622023645,0.0102756073212573,0.469075862388459,0.97963173166043,0.983923324981087,"ENSMUSG00000036743"
691.453479139752,-0.0028300925454782,0.122516410436597,0.980333367955212,0.98456728551178,"ENSMUSG00000019814"
12.9473035649332,0.00961022445666759,0.435945844854189,0.980403091456432,0.984576563805774,"ENSMUSG00000023439"
758.678809251529,-0.00265764831380202,0.112220608914804,0.980643978060426,0.984757722076966,"ENSMUSG00000053289"
8190.97059862441,-0.00227651376186388,0.106157280942034,0.9808410789392,0.984853509509068,"ENSMUSG00000055053"
685.555322767048,0.00521727958267548,0.19674960373102,0.980860369588464,0.984853509509068,"ENSMUSG00000074634"
1181.129526725,0.00219057598575424,0.092027729741765,0.981689824498256,0.985625545129379,"ENSMUSG00000028271"
155.445585046721,0.00434258243209242,0.186634284699975,0.982017668416897,0.985893894565823,"ENSMUSG00000026637"
6699.82241390874,-0.000941666330558755,0.0584557586318145,0.982185332147996,0.985940604138202,"ENSMUSG00000026341"
11.8227350365701,0.00867815255933574,0.426463458136435,0.982130664732583,0.985940604138202,"ENSMUSG00000093666"
1377.36032801895,0.00207154892808033,0.0899886557991141,0.982315511564362,0.98594967919871,"ENSMUSG00000087260"
83.2406505089459,0.0051119616604048,0.223439098267173,0.982268490367204,0.98594967919871,"ENSMUSG00000102443"
1007.01506595365,-0.00203804124674514,0.101743122792623,0.982579969051939,0.986093510248302,"ENSMUSG00000026213"
1685.04882101255,-0.000759596688037914,0.109642651477796,0.982577518492049,0.986093510248302,"ENSMUSG00000029918"
2095.63685550881,-0.000476459268453004,0.105873273647113,0.982772059140278,0.986225484167772,"ENSMUSG00000060212"
3208.49042932492,-0.00221826513687326,0.160908454326301,0.98291162628165,0.986304737554722,"ENSMUSG00000007476"
2168.98051431182,0.00264473588929599,0.112077397077066,0.983032175256825,0.986364898528669,"ENSMUSG00000043131"
20.5121982973859,0.00687146499691497,0.343718803792543,0.983651887969974,0.986925877242064,"ENSMUSG00000044017"
313.96888084369,-0.00243297971826586,0.140919962286232,0.984553531078767,0.987769638144849,"ENSMUSG00000020669"
162.657575384273,0.00491209895041703,0.2446768426701,0.98470526913848,0.987860986751891,"ENSMUSG00000114257"
1228.6099443227,0.00263456245159839,0.120040488503652,0.98515521594372,0.988251470088857,"ENSMUSG00000019437"
3231.97322194637,-0.00134851936783506,0.0781129910132519,0.985367160099955,0.988403169343546,"ENSMUSG00000028284"
14.303565246412,0.00682259570839051,0.419677127224319,0.9862083973321,0.989186042995374,"ENSMUSG00000115388"
70.7146569686804,-0.00353505938635109,0.259375870299,0.987052160273747,0.989971353354039,"ENSMUSG00000031853"
12.8692691928411,0.00744987793168437,0.577982717597,0.987291795821906,0.990089690265463,"ENSMUSG00000069303"
34.1710980728957,0.00487900782130208,0.29797542660759,0.987276186919773,0.990089690265463,"ENSMUSG00000074874"
11.2706235337742,0.00639027745711511,0.449339122073854,0.987724662170925,0.990462764172877,"ENSMUSG00000081887"
510.463200701521,0.00234839833967154,0.14635247197158,0.988223352216512,0.990840759308924,"ENSMUSG00000022490"
12.0244637936557,0.00638417670368696,0.474311077169075,0.988220741239053,0.990840759308924,"ENSMUSG00000056155"
2152.41429157106,0.00174729452073425,0.109443889689957,0.988736811292515,0.991294519230079,"ENSMUSG00000073838"
492.801406745196,-0.00164572569801502,0.137632760757355,0.989203521971685,0.991701356818075,"ENSMUSG00000066191"
24.6791251243645,-0.00334754398078499,0.337734379915934,0.989723252713184,0.992161294966449,"ENSMUSG00000030775"
2775.91786282328,0.00176802111273448,0.11730475261924,0.990048226172038,0.992425951451963,"ENSMUSG00000006423"
2894.88229802285,-0.00095692770564389,0.0916477705254848,0.990570603790315,0.992888441410021,"ENSMUSG00000028383"
2282.91922934452,0.0017335015548194,0.131777793880358,0.990806970287576,0.993064211707479,"ENSMUSG00000040463"
37.2922656882999,-0.00261695004875076,0.311881794370454,0.991133583054107,0.993330406658955,"ENSMUSG00000026601"
582.035077881212,0.00110681812141963,0.0978557644054903,0.99169385375029,0.993779461497178,"ENSMUSG00000002345"
19.3598269204906,0.00391116823992415,0.360013914626883,0.991703745703413,0.993779461497178,"ENSMUSG00000118555"
13.9507803608414,-0.00278958464746439,0.469743179720956,0.992152764636057,0.994168218082224,"ENSMUSG00000074768"
800.184698782965,-0.00129588035266307,0.171782045362831,0.992281639157084,0.994174956742723,"ENSMUSG00000025759"
24.2058745631033,-0.00240712082721028,0.345656711426356,0.992268810521724,0.994174956742723,"ENSMUSG00000117513"
12.1422013027419,0.00452675162008009,0.508375492020566,0.992650119928016,0.994482930341473,"ENSMUSG00000071478"
7185.0568663379,0.00166626771477084,0.161428970642488,0.993604927728727,0.99525573894334,"ENSMUSG00000037234"
12.5282715007594,0.003971687895861,0.488136166576421,0.99359410474297,0.99525573894334,"ENSMUSG00000082424"
41.4011098198815,-0.0016760720077164,0.272792392167586,0.993506964395151,0.99525573894334,"ENSMUSG00000084336"
51.4562884618388,-0.00150707143472159,0.258753936428852,0.993675677785992,0.995265363216858,"ENSMUSG00000032750"
2067.58788954481,-0.00058795267826487,0.109338865861173,0.993897734934033,0.995426526134018,"ENSMUSG00000020283"
470.31231344661,-0.000607882926531843,0.105851639759667,0.993969343368156,0.995436998360209,"ENSMUSG00000012429"
11212.0675671373,0.000885955624036949,0.0699253499918213,0.994402726148889,0.995809755536857,"ENSMUSG00000034723"
1137.05959101174,-0.000508894913705969,0.122582573581296,0.994865481903803,0.996211879578624,"ENSMUSG00000022552"
3169.29413691552,-0.000290007929247015,0.07556847563783,0.995593692815917,0.996878782895835,"ENSMUSG00000008604"
10.6967161704367,-0.00130709352520968,0.431695376741681,0.995653965617428,0.996878782895835,"ENSMUSG00000028459"
3316.17843291594,-0.000265197765529977,0.0625402161187141,0.995850999831689,0.996992314142028,"ENSMUSG00000033186"
750.923901120517,0.000458705858514737,0.107124249167073,0.99589580211213,0.996992314142028,"ENSMUSG00000039183"
2021.71828370142,-7.35953388725155e-05,0.124288574843733,0.995951100888532,0.996992314142028,"ENSMUSG00000061665"
567.496971852225,0.000805447645958361,0.146433392524252,0.996140730817869,0.997120822546628,"ENSMUSG00000029344"
1113.71802215887,0.000597329082298717,0.100953485838869,0.996578654245719,0.997405336931485,"ENSMUSG00000024457"
10.486449253758,0.00226700855704817,0.444573535011613,0.996608785181878,0.997405336931485,"ENSMUSG00000044052"
914.412842822863,0.000691716734926767,0.122521930282145,0.996546632792838,0.997405336931485,"ENSMUSG00000054312"
334.141310925083,0.000785205813901648,0.148830849683044,0.996786415291319,0.997521779669992,"ENSMUSG00000055725"
10.9944408467412,0.00203528701994944,0.423579395403011,0.996902120843315,0.997576241660262,"ENSMUSG00000034837"
5339.3999589825,0.000442409896468928,0.0840430481554277,0.997298665870366,0.997727716983456,"ENSMUSG00000004771"
1464.66425308434,0.000395233290952081,0.086658787021331,0.997274375984272,0.997727716983456,"ENSMUSG00000027099"
2469.40074590115,0.000717377483378408,0.0860958214421691,0.997187905780319,0.997727716983456,"ENSMUSG00000037710"
66.1067183932673,0.00159051865425009,0.307500115982275,0.997267551102864,0.997727716983456,"ENSMUSG00000064280"
1927.78515430267,0.000425060608751557,0.091536428180123,0.997476900059844,0.99784470127668,"ENSMUSG00000031683"
25.085171000818,0.00131703437455718,0.308216909645136,0.997635228378527,0.997941759205166,"ENSMUSG00000062553"
11.6592333838571,-0.000181698769365746,0.415468553734251,0.998073552970852,0.998318870299836,"ENSMUSG00000074830"
933.592977224391,3.42261137798761e-05,0.0943020981787991,0.998994555043714,0.999117311808895,"ENSMUSG00000002205"
1075.59145027065,0.000565238756973221,0.171025918108245,0.998939645028591,0.999117311808895,"ENSMUSG00000049336"
6801.4104176725,-9.34013480859496e-05,0.110201627299362,0.999287485882777,0.999348878491113,"ENSMUSG00000039716"
11.1470308429234,0.000724034558175355,0.463088276761225,0.999851118999227,0.999851118999227,"ENSMUSG00000026073"
324.657828444844,-0.264142569654409,0.794572987908176,NA,NA,"ENSMUSG00000006014"
13.1161960348643,-0.165852988332256,0.751343017066677,NA,NA,"ENSMUSG00000110040"
